c 
26.25 -3.30 990.84 
26.98 -2.69 991.94 
28.08 -2.44 994.75 
28.20 -4.15 988.77 
28.69 -3.05 990.36 
27.34 -3.66 995.97 
24.54 -2.69 990.84 
26.73 -3.66 990.72 
28.69 -2.56 992.68 
29.42 -3.17 994.26 
27.34 -3.91 990.48 
26.25 -2.20 990.84 
26.49 -2.93 995.85 
27.10 -2.69 992.68 
27.22 -2.81 991.33 
30.64 -2.44 991.70 
28.08 -3.17 995.85 
26.49 -4.15 990.60 
26.73 -2.20 989.75 
27.34 -2.81 996.70 
28.20 -3.30 990.97 
27.83 -4.39 990.72 
27.83 -2.44 992.92 
26.61 -2.93 994.75 
25.27 -2.93 990.36 
29.05 -2.69 989.99 
30.27 -3.91 995.12 
26.00 -3.54 992.31 
24.54 -3.30 990.23 
27.59 -2.20 990.97 
28.81 -2.44 996.95 
28.81 -4.76 989.62 
27.22 -3.78 990.48 
26.00 -2.08 995.12 
25.76 -2.69 992.68 
27.10 -4.03 991.21 
30.27 -3.05 991.33 
27.95 -2.81 995.97 
24.17 -2.20 992.19 
26.49 -2.81 989.87 
29.17 -2.81 994.87 
28.93 -3.17 993.04 
26.25 -3.54 991.33 
26.86 -2.20 990.97 
26.86 -2.56 996.70 
26.73 -4.15 990.23 
29.17 -3.30 990.11 
28.81 -3.05 994.38 
26.12 -3.54 993.65 
25.02 -4.03 990.60 
28.81 -1.71 990.72 
29.91 -3.30 996.58 
26.86 -4.64 989.75 
26.61 -1.22 990.11 
28.08 -1.59 995.00 
27.22 -2.69 992.19 
28.81 -4.76 991.94 
28.93 -3.54 991.21 
28.32 2.44 995.48 
24.66 -3.78 989.99 
27.59 -3.54 989.75 
31.86 -8.06 993.77 
25.76 -3.66 993.77 
27.59 -4.15 990.84 
27.10 -1.22 990.11 
26.98 -0.85 994.75 
25.76 -2.56 988.28 
28.69 -2.93 991.33 
27.95 -4.27 994.63 
26.61 -0.37 990.72 
25.39 -3.05 988.65 
31.37 -0.61 995.24 
22.95 -2.20 994.87 
28.20 -4.39 990.97 
29.17 -3.54 990.84 
28.44 -4.76 995.12 
27.83 -3.42 991.46 
27.47 -4.39 989.87 
27.34 -2.56 991.33 
26.25 -3.05 994.38 
26.00 -2.81 988.89 
27.34 -1.34 993.04 
28.93 -2.56 993.77 
28.93 -4.52 991.46 
27.22 -6.10 990.60 
26.49 -2.56 991.21 
27.47 -1.83 996.95 
25.63 -2.20 989.38 
28.32 -1.34 989.26 
29.42 -3.54 995.00 
26.49 -3.66 991.94 
25.27 -3.66 989.26 
27.59 -1.95 992.31 
29.17 -3.05 995.24 
27.59 -4.52 989.26 
27.71 -3.78 991.21 
27.83 -3.78 994.38 
26.12 -1.95 991.94 
27.95 -3.05 989.38 
29.30 -2.08 991.70 
28.93 -4.88 994.63 
25.51 -3.54 989.75 
27.47 -2.44 991.33 
28.08 -1.59 991.70 
27.10 -0.61 993.04 
29.05 -2.20 990.23 
27.95 -3.66 987.67 
26.86 -3.17 997.07 
26.37 -2.69 989.50 
26.98 -1.46 989.75 
28.93 -1.95 994.26 
27.47 -2.08 992.19 
27.22 -2.93 990.97 
28.69 -2.69 991.33 
27.22 -2.93 993.77 
26.00 -3.42 989.62 
28.20 -3.17 990.36 
27.47 -0.61 991.33 
29.66 -2.93 990.72 
26.49 -2.81 989.50 
27.47 -3.54 990.60 
26.98 -3.42 990.84 
27.59 -3.05 990.84 
27.34 -1.83 990.84 
27.47 -3.42 989.87 
27.71 -2.44 988.28 
