c 
26.12 -4.64 991.70 
28.20 -4.76 989.50 
28.81 -4.76 991.58 
29.30 -2.81 993.29 
27.59 -2.32 990.60 
25.76 -1.22 991.46 
27.71 -1.95 992.92 
27.47 -4.52 990.97 
27.34 -4.76 989.38 
27.95 -4.64 991.82 
28.93 -2.69 993.77 
25.27 -1.83 992.19 
24.90 -2.56 991.58 
28.20 -2.81 992.31 
29.79 -4.52 990.60 
29.05 -4.64 988.89 
28.44 -4.64 992.55 
28.32 -3.05 993.16 
25.27 -1.22 992.80 
23.56 -2.93 991.94 
25.76 -2.32 991.21 
26.49 -5.49 992.43 
28.08 -4.15 991.09 
29.66 -4.27 992.43 
32.35 -2.93 991.58 
27.71 -1.95 992.07 
23.44 -1.83 992.80 
26.00 -2.32 992.31 
26.86 -4.88 991.70 
27.34 -4.39 990.72 
26.73 -5.00 994.14 
30.27 -3.30 992.19 
29.79 -2.20 990.48 
24.54 -1.22 992.92 
26.37 -2.08 994.26 
26.73 -4.88 991.70 
28.44 -4.39 989.26 
28.44 -4.39 994.02 
28.56 -2.08 993.65 
25.76 -2.32 990.84 
23.56 -2.44 992.43 
26.00 -2.44 993.41 
25.63 -5.62 992.92 
27.95 -3.78 988.77 
30.88 -5.25 992.92 
31.01 -2.81 992.31 
27.22 -2.56 989.38 
22.95 -1.59 991.46 
26.86 -2.56 993.90 
26.12 -5.74 992.31 
26.25 -3.78 989.14 
30.03 -5.25 992.80 
30.88 -1.95 992.19 
26.98 -2.32 989.14 
23.19 -2.56 991.33 
26.86 -2.69 993.90 
27.59 -5.25 992.43 
28.20 -4.15 988.04 
29.30 -5.74 992.80 
29.30 -2.81 992.55 
26.98 -1.34 989.75 
23.80 -2.44 991.58 
26.86 -2.44 993.90 
27.22 -5.37 991.82 
28.44 -4.27 987.67 
29.42 -5.00 993.16 
29.05 -2.44 992.19 
27.10 -1.95 989.75 
23.80 -2.81 991.70 
25.51 -2.56 993.90 
26.86 -6.10 991.46 
28.81 -4.15 988.04 
30.52 -5.49 992.43 
30.15 -2.56 992.68 
26.86 -2.08 990.11 
23.07 -2.32 991.46 
26.86 -3.17 993.53 
26.98 -5.49 991.82 
27.95 -4.52 988.16 
30.03 -5.25 992.68 
30.52 -2.69 992.31 
26.12 -2.44 990.23 
22.71 -2.44 991.82 
27.10 -2.93 993.65 
27.10 -5.62 991.70 
27.59 -4.64 987.79 
28.81 -5.74 992.68 
30.64 -2.81 993.16 
26.98 -2.08 989.75 
23.68 -2.20 991.82 
26.25 -1.95 993.90 
25.76 -5.25 992.19 
26.49 -4.52 988.77 
28.93 -5.49 992.43 
31.25 -2.93 991.94 
29.17 -2.69 989.01 
24.66 -2.44 992.07 
26.98 -2.20 994.26 
27.47 -5.37 992.19 
27.47 -4.64 988.40 
28.93 -5.25 992.80 
29.66 -2.69 993.41 
26.73 -1.83 990.72 
23.19 -2.93 991.82 
25.76 -2.44 994.14 
26.86 -4.64 992.43 
26.49 -4.15 988.77 
29.05 -4.88 992.92 
31.49 -3.05 992.92 
30.03 -2.08 989.99 
25.27 -2.08 990.84 
25.51 -2.56 995.12 
26.00 -5.00 993.04 
26.73 -4.52 988.65 
30.03 -5.49 991.94 
30.64 -3.05 993.29 
27.10 -2.32 990.97 
23.56 -2.81 991.21 
26.00 -2.20 993.90 
26.49 -5.00 993.04 
27.10 -5.25 988.16 
28.93 -4.88 991.94 
29.91 -2.81 993.29 
28.20 -2.44 990.36 
25.15 -2.56 990.60 
27.22 -1.83 994.02 
27.83 -4.39 992.31 
27.10 -4.88 988.04 
29.30 -5.62 991.46 
30.27 -3.30 993.53 
26.25 -1.71 990.97 
22.95 -2.08 991.09 
25.88 -2.69 993.77 
27.34 -4.15 993.29 
27.71 -5.49 987.92 
29.17 -5.25 991.09 
31.13 -2.81 993.41 
28.08 -1.95 990.60 
24.29 -1.83 990.48 
26.00 -3.30 994.14 
27.71 -4.52 992.92 
27.34 -4.64 988.04 
28.44 -5.00 990.84 
29.42 -3.54 994.63 
28.81 -2.32 990.97 
25.76 -2.20 989.87 
25.51 -2.56 994.26 
25.76 -4.52 993.04 
25.63 -5.37 989.26 
29.42 -5.00 991.46 
31.62 -3.66 993.41 
28.93 -2.93 990.60 
25.27 -2.20 990.23 
25.88 -2.08 993.90 
27.10 -3.78 992.80 
26.12 -5.37 989.26 
28.81 -4.27 990.97 
30.40 -3.91 993.65 
27.71 -2.69 991.70 
24.05 -2.44 990.36 
25.88 -2.69 993.41 
25.76 -3.54 993.53 
26.86 -5.74 988.89 
30.88 -5.62 990.23 
29.79 -3.17 994.02 
27.59 -2.08 991.09 
25.39 -2.44 989.99 
27.47 -1.95 993.41 
27.95 -3.66 992.80 
26.61 -5.49 988.04 
27.95 -4.52 989.99 
30.52 -4.76 994.14 
28.93 -2.08 991.21 
23.56 -2.69 990.60 
24.54 -2.93 994.38 
28.08 -3.91 992.80 
27.34 -6.23 989.01 
28.08 -4.52 990.48 
29.91 -4.76 993.29 
30.27 -1.83 990.72 
26.37 -2.44 989.14 
25.63 -2.20 994.02 
27.47 -3.66 992.55 
26.86 -5.49 987.67 
28.81 -5.13 990.23 
29.17 -3.91 993.65 
27.83 -2.56 990.72 
24.29 -2.69 989.75 
25.27 -1.59 993.41 
28.08 -3.91 992.80 
26.49 -5.74 988.04 
28.69 -4.88 990.36 
30.52 -3.78 993.16 
29.30 -1.71 990.84 
24.66 -2.20 990.48 
23.93 -2.56 993.53 
26.61 -4.15 992.92 
26.00 -5.98 989.38 
28.93 -4.27 991.33 
31.49 -3.91 993.53 
29.79 -2.32 991.21 
25.02 -2.32 990.11 
25.63 -2.69 993.77 
28.81 -2.69 992.68 
26.12 -5.62 989.01 
27.10 -4.88 991.09 
29.91 -3.91 994.26 
29.54 -2.56 991.58 
24.17 -2.93 990.60 
24.05 -2.93 994.38 
28.20 -3.78 993.41 
26.49 -5.25 989.01 
27.83 -4.39 991.82 
29.54 -4.15 994.38 
29.79 -2.08 991.82 
25.63 -2.56 990.48 
25.02 -2.20 994.26 
27.10 -3.78 993.41 
27.59 -5.00 988.77 
29.54 -4.64 991.09 
29.66 -3.78 994.63 
27.71 -1.83 992.55 
24.54 -1.95 990.72 
25.51 -2.44 993.41 
26.86 -3.66 993.90 
26.49 -5.49 989.01 
29.54 -4.52 990.72 
30.76 -4.27 994.02 
28.56 -1.95 991.70 
23.93 -2.08 990.60 
25.76 -2.44 993.77 
27.83 -3.42 993.65 
27.22 -5.98 989.38 
29.05 -4.76 990.11 
29.79 -3.91 993.90 
28.32 -1.95 992.31 
24.90 -2.08 990.72 
25.51 -2.44 993.53 
28.08 -3.30 993.90 
27.95 -5.49 988.40 
29.42 -4.76 990.11 
30.03 -3.91 994.63 
28.08 -1.34 992.80 
24.05 -2.32 990.23 
23.80 -2.81 993.65 
27.22 -3.66 994.02 
27.59 -5.00 989.75 
28.32 -4.64 990.36 
30.03 -5.13 994.26 
30.64 -1.83 991.21 
26.25 -2.56 989.50 
24.29 -2.08 993.53 
27.34 -2.56 993.77 
28.20 -5.37 988.89 
29.42 -4.39 989.38 
29.30 -4.15 994.26 
26.61 -1.71 992.68 
23.80 -1.71 990.36 
24.66 -2.20 993.29 
27.47 -3.66 993.41 
26.49 -5.62 989.87 
29.17 -4.39 989.87 
31.13 -4.39 993.41 
28.69 -1.95 992.31 
25.76 -2.20 989.62 
24.66 -1.83 994.26 
28.56 -2.81 993.65 
26.86 -5.62 989.50 
27.83 -4.03 990.48 
30.52 -4.76 994.26 
28.44 -1.59 992.92 
25.27 -2.20 990.23 
24.66 -2.56 994.14 
27.59 -2.56 994.14 
26.12 -5.86 990.11 
28.08 -4.03 990.60 
30.27 -4.52 994.14 
30.15 -1.59 992.43 
25.51 -2.20 989.99 
24.29 -2.32 994.26 
28.56 -2.93 994.02 
28.44 -5.49 990.23 
28.32 -3.78 990.11 
29.05 -5.00 994.87 
28.56 -1.83 992.92 
25.02 -1.46 990.48 
23.32 -1.83 993.65 
26.37 -3.17 994.26 
28.20 -5.49 989.99 
29.05 -4.15 990.60 
29.42 -4.64 994.75 
30.52 -2.44 993.04 
27.47 -1.83 989.99 
24.78 -1.83 993.77 
26.61 -3.17 994.75 
27.22 -5.37 990.11 
29.79 -3.54 989.99 
30.40 -4.15 994.75 
28.81 -1.95 993.53 
26.61 -1.95 989.99 
25.39 -1.83 993.65 
26.98 -2.93 994.14 
26.25 -5.37 990.60 
28.56 -3.42 990.84 
30.03 -4.27 994.02 
29.42 -2.20 992.80 
25.76 -2.08 990.23 
25.02 -1.22 994.51 
29.05 -3.17 994.02 
27.10 -5.37 989.87 
28.44 -4.03 990.36 
29.54 -4.27 994.38 
28.69 -2.08 994.26 
25.02 -2.08 990.97 
23.93 -2.44 994.14 
27.83 -2.81 994.38 
27.47 -5.49 990.60 
28.20 -4.27 990.36 
30.88 -4.52 994.75 
29.42 -2.20 993.90 
24.41 -1.83 990.60 
22.95 -2.20 993.77 
27.34 -2.93 994.38 
27.95 -5.49 990.48 
29.30 -4.52 990.36 
30.15 -4.88 994.63 
29.30 -2.44 993.04 
25.76 -2.08 991.21 
23.68 -2.44 993.90 
26.49 -3.05 994.63 
26.00 -5.86 990.36 
27.59 -4.03 990.97 
30.40 -4.52 994.63 
30.52 -2.93 992.92 
26.86 -2.56 990.11 
24.78 -1.83 994.14 
27.71 -2.32 994.51 
26.73 -5.49 990.23 
29.54 -4.52 989.99 
31.49 -4.64 994.38 
27.95 -1.83 993.90 
23.07 -1.59 990.48 
24.05 -2.81 993.65 
27.71 -3.54 993.77 
27.22 -5.86 989.75 
28.93 -4.15 990.60 
30.40 -3.91 994.14 
29.17 -1.83 993.41 
25.76 -1.95 989.99 
23.80 -1.95 994.14 
27.34 -2.93 993.90 
27.47 -5.37 990.48 
28.56 -4.39 990.11 
30.40 -4.76 994.26 
29.54 -1.83 993.53 
24.41 -1.46 990.36 
23.32 -2.81 993.77 
26.61 -3.05 993.29 
27.10 -5.49 990.36 
29.66 -4.03 990.11 
30.52 -4.76 994.38 
30.27 -2.69 991.82 
27.10 -2.56 989.01 
25.02 -2.32 993.29 
26.98 -3.05 993.53 
26.86 -5.98 989.75 
29.54 -4.39 989.75 
29.42 -4.03 993.77 
27.10 -1.83 993.16 
25.88 -2.44 989.50 
25.76 -2.69 993.04 
28.20 -2.81 993.53 
26.12 -5.74 989.50 
27.34 -4.39 989.62 
29.79 -4.64 993.77 
29.91 -1.59 992.55 
26.49 -2.32 989.50 
23.68 -2.32 992.92 
26.86 -3.05 993.53 
27.34 -5.74 989.99 
29.05 -4.27 990.23 
29.91 -5.37 993.53 
29.42 -2.56 992.43 
26.00 -2.44 989.38 
23.80 -2.08 992.68 
26.49 -3.05 993.16 
26.49 -5.49 990.23 
28.56 -4.39 989.87 
29.42 -4.88 993.77 
30.03 -2.44 992.92 
27.34 -2.56 988.89 
25.27 -1.95 993.16 
26.37 -3.17 993.53 
26.25 -5.37 990.11 
29.17 -4.39 989.75 
30.76 -4.15 993.16 
28.69 -1.95 993.65 
24.29 -2.20 990.36 
23.68 -2.81 993.04 
26.49 -3.30 993.65 
26.61 -6.47 990.84 
28.32 -4.76 990.36 
29.91 -5.13 993.53 
30.27 -2.20 992.92 
27.95 -2.69 989.14 
24.90 -1.71 992.92 
28.32 -2.32 994.14 
26.98 -5.62 989.99 
28.32 -4.39 989.14 
27.95 -4.64 993.41 
28.44 -1.71 993.65 
25.02 -1.95 990.11 
23.19 -2.93 992.68 
26.86 -3.66 994.02 
27.10 -5.62 990.84 
28.56 -4.88 989.01 
29.91 -4.88 993.53 
29.66 -1.71 993.53 
26.12 -2.08 989.62 
22.95 -2.44 992.92 
27.47 -2.81 994.14 
27.22 -6.10 990.48 
28.20 -4.64 989.38 
29.30 -5.62 993.53 
29.54 -2.08 993.53 
26.61 -2.20 989.38 
24.17 -2.69 993.53 
26.86 -2.44 994.38 
27.22 -5.49 990.36 
27.59 -4.64 989.38 
28.69 -4.88 993.77 
30.15 -2.56 993.65 
27.34 -2.69 988.89 
23.56 -2.81 993.29 
26.98 -2.32 993.65 
26.61 -6.10 990.97 
28.08 -4.52 989.75 
30.64 -5.00 993.29 
29.91 -2.08 993.41 
26.86 -2.32 990.11 
23.44 -2.44 992.92 
26.37 -2.93 993.53 
25.51 -5.49 990.84 
29.79 -4.15 989.14 
32.59 -5.37 992.92 
29.17 -2.44 993.65 
25.02 -1.59 989.26 
23.07 -2.08 992.92 
26.00 -2.81 993.53 
26.12 -5.62 990.60 
29.54 -5.00 989.14 
31.62 -5.00 993.41 
29.91 -2.44 993.90 
26.49 -2.32 989.26 
23.93 -1.71 993.16 
27.47 -1.83 994.38 
26.98 -5.62 990.97 
27.59 -4.76 989.14 
30.27 -4.76 993.53 
29.91 -2.69 994.14 
25.76 -2.32 989.14 
23.07 -2.44 993.04 
27.34 -2.20 994.14 
26.98 -5.74 991.21 
28.08 -4.03 989.38 
29.42 -4.88 993.65 
29.91 -2.20 994.26 
26.86 -2.44 989.26 
23.93 -1.95 993.29 
26.73 -1.95 994.38 
25.88 -5.49 990.84 
26.49 -4.15 989.01 
29.66 -5.74 993.41 
31.86 -2.20 994.02 
27.83 -2.08 989.26 
24.54 -1.71 993.41 
28.32 -2.44 994.38 
27.34 -5.00 991.33 
27.71 -4.27 988.28 
29.91 -4.76 993.41 
29.42 -1.83 994.51 
25.15 -1.59 990.11 
23.44 -2.93 993.16 
26.61 -2.56 994.14 
26.25 -5.49 991.82 
27.47 -3.66 988.89 
30.40 -5.25 993.41 
31.49 -1.83 993.90 
27.59 -2.93 988.77 
24.29 -2.08 993.16 
31.37 -4.27 991.09 
26.61 -3.54 991.82 
25.39 -2.56 993.53 
25.27 -3.66 992.55 
27.10 -3.91 992.19 
27.95 -3.54 992.07 
27.71 -3.42 992.19 
27.47 -3.66 992.43 
26.86 -3.42 991.94 
26.86 -3.17 992.31 
27.10 -2.81 992.80 
27.34 -3.42 992.07 
27.10 -3.54 992.31 
27.83 -3.66 992.19 
26.98 -3.17 992.07 
27.22 -4.03 992.19 
27.22 -3.54 992.31 
27.10 -3.17 992.31 
26.98 -3.54 992.43 
26.98 -3.17 992.07 
27.34 -3.66 992.31 
27.10 -3.42 992.31 
27.10 -3.42 992.55 
27.34 -3.54 992.43 
27.34 -2.93 991.94 
27.47 -3.66 992.07 
27.10 -3.42 992.31 
26.98 -4.03 991.94 
27.10 -3.17 992.07 
27.22 -2.20 992.43 
27.34 -3.66 991.82 
26.86 -3.05 991.21 
26.00 -1.83 993.77 
28.44 -4.27 990.11 
27.95 -3.17 986.82 
