-10.44 -123.47 -1014.95 0 1 
-10.50 -122.92 -1014.83 0 1 
-11.23 -122.44 -1014.34 0 1 
-10.56 -122.44 -1013.85 0 1 
-10.93 -122.68 -1014.16 0 1 
-11.47 -121.95 -1012.88 0 1 
-11.35 -122.56 -1013.18 0 1 
-10.86 -123.47 -1013.67 0 1 
-10.74 -123.96 -1014.34 0 1 
-10.62 -125.18 -1016.17 0 1 
-10.19 -125.12 -1016.97 0 1 
-10.99 -124.15 -1016.54 0 1 
-10.13 -123.96 -1015.69 0 1 
-10.44 -122.80 -1015.08 0 1 
-11.17 -122.80 -1013.55 0 1 
-11.47 -121.95 -1012.63 0 1 
-11.29 -122.38 -1012.70 0 1 
-11.47 -123.60 -1013.43 0 1 
-10.74 -125.67 -1015.81 0 1 
-10.31 -126.10 -1016.60 0 1 
-10.62 -124.69 -1016.48 0 1 
-10.38 -124.21 -1015.62 0 1 
-10.44 -122.56 -1014.53 0 1 
-11.11 -121.70 -1013.49 0 1 
-11.29 -122.01 -1012.21 0 1 
-11.72 -122.74 -1012.76 0 1 
-10.99 -124.88 -1014.40 0 1 
-10.25 -126.59 -1017.33 0 1 
-9.89 -125.18 -1017.76 0 1 
-10.38 -123.72 -1015.56 1 1 
-11.17 -121.70 -1013.49 1 1 
-11.84 -120.91 -1011.90 1 1 
-11.90 -122.80 -1012.08 1 1 
-11.11 -124.39 -1014.59 1 1 
-10.86 -125.37 -1015.38 1 1 
-10.19 -125.92 -1016.85 1 1 
-10.38 -125.24 -1017.33 1 1 
-10.86 -122.99 -1015.20 1 1 
-11.41 -121.03 -1011.72 1 1 
-11.66 -121.70 -1010.93 0 1 
-11.29 -124.94 -1014.22 0 1 
-10.68 -127.50 -1018.68 0 1 
-9.34 -125.24 -1018.25 0 1 
-10.62 -122.50 -1014.59 0 1 
-11.72 -120.42 -1011.11 0 1 
-11.84 -122.68 -1011.66 0 1 
-10.86 -127.08 -1017.15 0 1 
-9.89 -126.53 -1017.52 0 1 
-9.83 -125.06 -1016.30 0 1 
-11.17 -122.44 -1014.16 1 1 
-11.96 -121.34 -1011.41 1 1 
-11.47 -122.13 -1011.60 1 1 
-11.17 -126.10 -1015.50 1 1 
-10.62 -126.71 -1018.19 1 1 
-10.07 -124.94 -1017.21 1 1 
-10.07 -123.66 -1014.53 1 1 
-11.35 -122.31 -1012.76 1 1 
-11.66 -121.40 -1012.33 1 1 
-11.11 -123.17 -1012.70 1 1 
-10.74 -124.94 -1014.95 0 1 
-10.93 -126.53 -1017.27 0 1 
-10.31 -125.55 -1018.13 0 1 
-10.07 -123.78 -1015.99 0 1 
-11.17 -121.83 -1012.39 0 1 
-11.47 -121.28 -1011.72 0 1 
-11.23 -123.47 -1012.82 0 1 
-10.56 -125.73 -1015.75 0 1 
-9.52 -126.77 -1017.82 0 1 
-10.19 -125.00 -1017.40 0 1 
-10.62 -123.41 -1014.53 1 1 
-11.29 -121.83 -1012.39 1 1 
-11.96 -121.70 -1011.41 1 1 
-11.29 -123.96 -1013.43 1 1 
-10.93 -127.01 -1016.54 1 1 
-10.38 -126.34 -1017.33 1 1 
-10.62 -124.15 -1015.99 1 1 
-11.05 -123.17 -1014.10 1 1 
-11.66 -122.13 -1012.94 1 1 
-11.60 -122.07 -1011.78 1 1 
-11.90 -124.88 -1013.55 0 1 
-10.62 -127.56 -1017.94 0 1 
-9.89 -125.85 -1018.07 0 1 
-10.31 -124.08 -1015.38 0 1 
-11.17 -121.28 -1012.82 0 1 
-11.72 -121.03 -1011.11 0 1 
-10.74 -125.06 -1013.79 0 1 
-10.62 -127.38 -1017.82 0 1 
-10.44 -126.10 -1017.82 0 1 
-10.44 -123.96 -1016.48 0 1 
-11.47 -121.03 -1012.63 1 1 
-11.78 -120.67 -1009.83 1 1 
-11.54 -125.49 -1014.65 1 1 
-10.74 -127.81 -1019.04 1 1 
-10.07 -125.55 -1017.09 1 1 
-10.93 -122.86 -1015.26 1 1 
-11.41 -120.91 -1011.17 1 1 
-11.47 -122.44 -1011.60 1 1 
-11.35 -125.79 -1015.75 1 1 
-10.62 -127.20 -1017.46 1 1 
-10.25 -125.55 -1017.46 1 1 
-9.58 -124.45 -1015.75 1 1 
-11.11 -122.01 -1013.06 1 1 
-11.84 -121.95 -1011.60 1 1 
-11.35 -123.60 -1012.15 1 1 
-10.74 -125.61 -1015.56 1 1 
-10.44 -127.08 -1017.88 1 1 
