-49.26 -47.06 -626.89 1 1 
-50.54 -43.76 -617.31 1 1 
-49.07 -46.81 -606.63 1 1 
-48.03 -50.60 -609.37 1 1 
-47.97 -51.15 -620.24 1 1 
-49.87 -45.90 -624.08 1 1 
-50.42 -44.01 -613.89 1 1 
-48.40 -47.79 -604.55 1 1 
-46.75 -53.04 -616.21 1 1 
-49.62 -46.08 -627.14 1 1 
-50.17 -43.33 -610.29 1 1 
-46.75 -51.94 -608.40 1 1 
-48.71 -49.62 -627.32 1 1 
-50.54 -43.21 -619.63 1 1 
-48.95 -46.33 -606.69 1 1 
-47.42 -52.43 -611.57 1 1 
-48.03 -49.68 -623.54 1 1 
-50.23 -44.80 -621.83 1 1 
-49.50 -43.88 -611.15 1 1 
-47.79 -49.50 -606.08 1 1 
-47.55 -51.39 -620.30 1 1 
-50.23 -46.69 -624.33 1 1 
-50.48 -43.52 -614.38 1 1 
-48.22 -48.65 -604.74 1 1 
-47.24 -52.92 -617.00 1 1 
-49.68 -47.18 -624.94 1 1 
-50.05 -43.46 -615.48 1 1 
-48.77 -47.42 -605.29 1 1 
-46.88 -52.43 -615.23 1 1 
-48.52 -48.71 -624.69 1 1 
-49.87 -44.80 -619.26 1 1 
-49.68 -45.23 -608.28 1 1 
-47.55 -50.96 -605.96 1 1 
-47.79 -50.48 -624.33 1 1 
-50.90 -43.46 -620.79 1 1 
-49.56 -46.33 -606.69 1 1 
-47.67 -51.09 -608.34 1 1 
