-48.34 -52.92 -589.23 1 1 
-46.26 -55.66 -563.54 1 1 
-50.48 -46.69 -576.97 1 1 
-46.45 -56.58 -581.12 1 1 
-48.52 -50.84 -559.33 1 1 
-49.80 -49.87 -586.79 1 1 
-46.20 -56.88 -571.96 1 1 
-49.44 -48.52 -562.26 1 1 
-48.89 -51.64 -587.89 1 1 
-46.63 -56.34 -567.81 1 1 
-50.48 -47.55 -567.57 1 1 
-47.79 -54.20 -585.51 1 1 
-46.33 -55.79 -564.70 1 1 
-50.48 -46.39 -574.95 1 1 
-47.30 -56.21 -583.07 1 1 
-47.85 -52.49 -558.23 1 1 
-50.29 -47.85 -584.17 1 1 
-46.94 -57.31 -575.50 1 1 
-48.95 -50.29 -560.42 1 1 
-49.38 -49.44 -587.10 1 1 
-45.84 -57.25 -574.34 1 1 
-48.28 -50.90 -561.52 1 1 
-49.80 -48.46 -585.69 1 1 
-46.69 -58.11 -575.99 1 1 
-48.95 -49.93 -560.36 1 1 
-49.80 -51.39 -588.44 1 1 
-46.20 -57.62 -567.57 1 1 
-50.42 -46.63 -569.64 1 1 
-47.49 -55.18 -586.06 1 1 
-47.36 -53.77 -559.08 1 1 
-50.35 -47.24 -583.62 1 1 
-46.45 -57.92 -575.81 1 1 
-49.62 -48.52 -562.68 1 1 
-48.10 -53.59 -588.87 1 1 
-46.45 -55.48 -561.83 1 1 
-50.72 -46.88 -576.90 1 1 
-47.30 -56.76 -579.83 1 1 
-48.03 -51.57 -559.20 1 1 
-49.80 -49.32 -586.91 1 1 
-45.90 -57.68 -571.04 1 1 
-50.11 -46.88 -565.73 1 1 
-47.67 -54.44 -587.10 1 1 
-46.75 -54.81 -560.24 1 1 
-50.78 -46.88 -579.59 1 1 
-46.88 -56.64 -579.65 1 1 
-48.22 -52.12 -558.35 1 1 
-49.38 -47.73 -581.91 1 1 
-46.88 -55.97 -579.41 1 1 
-47.06 -53.41 -561.71 1 1 
-50.54 -47.55 -582.34 1 1 
-46.57 -57.37 -576.84 1 1 
-47.79 -52.31 -562.56 1 1 
-50.48 -47.24 -579.59 1 1 
-48.22 -53.04 -593.38 1 1 
-47.55 -54.32 -589.54 1 1 
-46.88 -54.38 -587.46 1 1 
-48.22 -53.22 -581.18 1 1 
-49.26 -48.77 -581.36 1 1 
-49.93 -49.74 -593.63 1 1 
-46.14 -56.88 -575.44 1 1 
-48.16 -51.09 -561.46 1 1 
-48.71 -49.68 -588.01 1 1 
-46.33 -57.01 -571.11 1 1 
-49.87 -47.79 -564.45 1 1 
-48.22 -53.65 -587.52 1 1 
-46.20 -56.09 -563.96 1 1 
-50.29 -46.20 -575.68 1 1 
-46.75 -56.64 -581.54 1 1 
-48.22 -51.82 -558.47 1 1 
-49.68 -49.44 -587.46 1 1 
-46.33 -57.19 -570.01 1 1 
-49.56 -48.58 -561.65 1 1 
-49.01 -51.64 -588.68 1 1 
-46.63 -57.01 -570.98 1 1 
-49.50 -49.26 -562.81 1 1 
-48.95 -52.12 -587.22 1 1 
-45.90 -56.82 -569.64 1 1 
-48.89 -49.62 -562.87 1 1 
-49.38 -50.29 -586.67 1 1 
-46.94 -56.76 -579.71 1 1 
-47.24 -54.20 -566.41 1 1 
-50.29 -47.18 -575.01 1 1 
-48.34 -52.67 -590.52 1 1 
-45.90 -56.70 -571.90 1 1 
-48.71 -49.87 -563.66 1 1 
-49.87 -48.89 -586.00 1 1 
-46.94 -54.87 -586.61 1 1 
-46.26 -55.42 -568.85 1 1 
-49.07 -47.61 -568.60 1 1 
-49.19 -51.33 -588.38 1 1 
-45.84 -57.07 -572.81 1 1 
-48.77 -48.71 -561.40 1 1 
-49.19 -50.35 -584.72 1 1 
-46.26 -56.09 -577.21 1 1 
-47.36 -53.28 -565.67 1 1 
-50.54 -47.61 -576.35 1 1 
-47.79 -54.14 -588.32 1 1 
-46.33 -56.46 -571.47 1 1 
-48.89 -49.87 -565.19 1 1 
-49.93 -49.01 -585.75 1 1 
-47.36 -56.34 -580.02 1 1 
-47.61 -54.32 -561.58 1 1 
-49.68 -49.38 -579.28 1 1 
-49.01 -49.80 -594.12 1 1 
-47.55 -55.30 -587.28 1 1 
-47.24 -55.60 -562.07 1 1 
-50.48 -46.81 -577.21 1 1 
-46.63 -56.40 -579.65 1 1 
-47.97 -51.57 -558.41 1 1 
-49.50 -49.99 -587.52 1 1 
-45.90 -56.82 -568.12 1 1 
-50.29 -46.57 -570.80 1 1 
-47.00 -56.88 -583.86 1 1 
-48.22 -51.82 -557.43 1 1 
-49.80 -49.38 -583.68 1 1 
-46.45 -57.43 -573.24 1 1 
-49.44 -49.87 -560.42 1 1 
-48.83 -50.84 -587.77 1 1 
-46.26 -57.01 -567.32 1 1 
-49.87 -47.61 -563.90 1 1 
-48.34 -53.47 -586.73 1 1 
-46.69 -56.15 -566.22 1 1 
-50.35 -47.12 -565.67 1 1 
-48.77 -53.77 -584.90 1 1 
-46.20 -56.52 -565.92 1 1 
-50.17 -47.49 -567.14 1 1 
-48.28 -54.57 -584.96 1 1 
-46.69 -56.88 -563.84 1 1 
-50.29 -47.06 -567.99 1 1 
-47.42 -55.11 -585.51 1 1 
-46.63 -55.42 -559.81 1 1 
-51.09 -46.63 -578.06 1 1 
-46.69 -57.13 -578.12 1 1 
-47.73 -53.34 -561.83 1 1 
-50.48 -47.42 -579.59 1 1 
-47.42 -56.27 -577.64 1 1 
-47.24 -54.87 -562.44 1 1 
-50.29 -46.63 -573.61 1 1 
-48.22 -55.05 -586.18 1 1 
-47.06 -56.03 -568.97 1 1 
-49.80 -49.62 -566.10 1 1 
-50.11 -49.38 -586.55 1 1 
-47.42 -55.36 -583.86 1 1 
-47.18 -56.15 -569.76 1 1 
-50.23 -48.34 -566.71 1 1 
-48.71 -53.22 -587.77 1 1 
-46.57 -56.82 -565.98 1 1 
-49.87 -47.06 -565.43 1 1 
-48.95 -53.28 -585.45 1 1 
-46.45 -56.27 -563.90 1 1 
-50.42 -47.18 -567.32 1 1 
-47.61 -54.57 -585.33 1 1 
-46.75 -55.30 -560.42 1 1 
-50.78 -46.51 -575.56 1 1 
-46.39 -56.58 -578.43 1 1 
-48.22 -52.37 -557.43 1 1 
-49.80 -48.46 -583.50 1 1 
-46.26 -57.56 -573.24 1 1 
-48.03 -50.66 -558.17 1 1 
-50.54 -49.50 -584.53 1 1 
-47.06 -56.64 -574.71 1 1 
-48.10 -53.53 -562.38 1 1 
-50.54 -46.88 -578.37 1 1 
-48.03 -53.89 -586.85 1 1 
-46.69 -56.52 -567.44 1 1 
-49.56 -48.46 -562.93 1 1 
-49.38 -51.57 -586.00 1 1 
-46.45 -56.76 -574.16 1 1 
-48.71 -49.87 -559.08 1 1 
-50.05 -49.50 -584.23 1 1 
-47.24 -57.13 -575.74 1 1 
-47.91 -52.80 -562.19 1 1 
-50.66 -47.73 -578.61 1 1 
-47.91 -54.87 -584.53 1 1 
-46.69 -56.34 -571.35 1 1 
-48.83 -50.66 -566.35 1 1 
-50.48 -48.89 -585.57 1 1 
-47.55 -56.27 -582.21 1 1 
-47.06 -55.05 -560.49 1 1 
-50.42 -47.24 -574.77 1 1 
-47.49 -54.99 -583.44 1 1 
-47.12 -56.21 -568.54 1 1 
-49.19 -50.42 -565.49 1 1 
-49.87 -49.74 -586.24 1 1 
-47.42 -55.85 -582.15 1 1 
-47.42 -55.60 -565.43 1 1 
-49.99 -47.97 -570.07 1 1 
-49.19 -52.19 -587.59 1 1 
-46.88 -57.07 -574.58 1 1 
-47.30 -53.34 -562.62 1 1 
-49.87 -48.03 -579.35 1 1 
-47.97 -53.16 -587.89 1 1 
-46.81 -56.03 -580.02 1 1 
-47.55 -53.59 -569.52 1 1 
-49.56 -48.65 -575.44 1 1 
-49.50 -51.09 -591.92 1 1 
-46.94 -56.03 -585.69 1 1 
-46.63 -55.48 -569.89 1 1 
-48.71 -50.17 -571.72 1 1 
-49.93 -48.83 -587.16 1 1 
-48.03 -53.96 -589.11 1 1 
-47.24 -55.48 -583.07 1 1 
-46.88 -54.50 -581.24 1 1 
-48.10 -52.55 -580.99 1 1 
-48.58 -51.39 -590.33 1 1 
-48.83 -50.78 -590.82 1 1 
-48.77 -51.27 -591.31 1 1 
-48.89 -51.45 -590.03 1 1 
-48.89 -51.76 -591.92 1 1 
-48.16 -52.19 -592.53 1 1 
-48.34 -52.80 -589.72 1 1 
-48.77 -53.59 -590.52 1 1 
-47.55 -55.79 -690.80 1 0 
-47.55 -52.19 -1015.75 1 0 
-47.97 -53.16 -1018.62 1 0 
-48.28 -53.53 -1018.74 1 0 
-47.91 -52.43 -1018.43 1 0 
-47.97 -52.92 -1018.68 1 0 
-48.40 -52.73 -1019.29 1 0 
-48.22 -52.98 -1019.17 1 0 
-47.61 -52.80 -1018.74 1 0 
-47.73 -52.92 -1018.80 1 0 
-48.10 -52.73 -1018.74 1 0 
-48.46 -53.04 -1018.86 1 0 
-47.85 -52.80 -1018.86 1 0 
-48.10 -53.16 -1018.62 1 0 
-47.85 -52.73 -1019.04 1 0 
-47.97 -52.80 -1018.86 1 0 
-48.58 -53.10 -1019.47 1 0 
-47.61 -52.61 -1019.71 1 0 
-48.34 -53.10 -1019.35 1 0 
-48.34 -52.61 -1019.04 1 0 
-48.34 -52.61 -1018.86 1 0 
-47.67 -53.04 -1019.17 1 0 
-48.46 -52.55 -1018.55 1 0 
-48.65 -53.41 -1019.17 1 0 
-48.10 -52.67 -1019.65 1 0 
-48.65 -52.92 -1018.92 1 0 
-48.65 -52.92 -1018.55 1 0 
-48.22 -52.92 -1019.47 1 0 
-48.28 -52.86 -1019.29 1 0 
-48.10 -52.92 -1019.29 1 0 
-48.40 -52.61 -1018.68 0 0 
-48.16 -52.49 -1018.86 0 0 
-48.22 -52.80 -1019.47 0 0 
-48.10 -52.98 -1019.23 0 0 
-47.79 -52.86 -1018.86 0 0 
-47.97 -52.98 -1018.74 0 0 
-48.10 -52.73 -1019.04 0 0 
-48.34 -52.67 -1018.80 0 0 
-48.22 -52.98 -1018.92 0 0 
-47.97 -52.80 -1019.23 0 0 
-48.40 -52.73 -1019.10 0 0 
-48.10 -53.34 -1018.92 0 0 
-48.77 -53.22 -1019.10 0 0 
-48.58 -52.73 -1019.04 0 0 
-47.55 -53.16 -1018.86 0 0 
-48.22 -52.86 -1018.74 0 0 
-48.22 -52.92 -1018.86 0 0 
-47.91 -52.49 -1019.04 0 0 
-48.40 -52.67 -1019.10 0 0 
-48.22 -52.86 -1019.23 0 0 
-47.91 -52.55 -1018.62 0 0 
-48.34 -52.61 -1019.10 0 0 
-47.61 -53.16 -1018.68 0 0 
-47.91 -53.22 -1019.17 0 0 
-48.03 -52.73 -1019.47 0 0 
-48.28 -52.67 -1019.35 0 0 
-48.22 -52.61 -1019.53 0 0 
-47.91 -52.73 -1018.74 0 0 
-47.85 -52.67 -1018.98 0 0 
-48.34 -53.22 -1019.04 0 0 
-48.28 -53.10 -1018.49 0 0 
-47.73 -52.86 -1019.29 0 0 
-47.67 -53.22 -1018.68 0 0 
-48.03 -53.47 -1019.10 0 0 
-48.10 -52.86 -1018.74 0 0 
-48.40 -52.92 -1018.98 0 0 
-47.67 -53.16 -1019.04 0 0 
-47.85 -52.86 -1018.92 0 0 
-48.34 -52.86 -1019.10 0 0 
-48.16 -52.67 -1019.29 0 0 
-48.34 -53.34 -1019.41 0 0 
-48.28 -52.61 -1018.92 0 0 
-47.97 -53.16 -1019.17 0 0 
-48.46 -52.80 -1019.17 0 0 
-48.10 -52.92 -1019.04 0 0 
-47.85 -53.10 -1018.98 0 0 
-48.03 -52.92 -1019.10 0 0 
-48.28 -52.61 -1019.29 0 0 
-48.10 -52.73 -1018.92 0 0 
-48.34 -53.22 -1018.92 0 0 
-47.73 -53.04 -1018.86 0 0 
-47.73 -52.92 -1019.04 0 0 
-48.03 -52.80 -1018.68 0 0 
-48.16 -52.86 -1019.04 0 0 
-47.85 -52.86 -1018.74 0 0 
-48.71 -52.86 -1019.04 0 0 
-48.40 -52.73 -1018.92 0 0 
-47.91 -52.61 -1018.98 0 0 
-47.85 -52.80 -1019.17 0 0 
-48.58 -53.28 -1019.29 0 0 
-48.52 -52.98 -1019.10 0 0 
-47.97 -52.86 -1019.04 0 0 
-48.46 -52.92 -1018.86 0 0 
-48.28 -53.16 -1019.41 0 0 
-47.97 -53.04 -1018.92 0 0 
-47.85 -52.49 -1019.17 0 0 
-48.10 -53.22 -1018.98 0 0 
-48.28 -52.98 -1019.10 0 0 
-47.97 -53.47 -1019.23 0 0 
-47.91 -52.86 -1018.98 0 0 
-48.71 -52.86 -1019.10 0 0 
-47.79 -53.04 -1019.23 0 0 
-48.34 -52.98 -1018.62 0 0 
-47.67 -52.98 -1018.98 0 0 
-48.16 -53.65 -1018.55 0 0 
-48.52 -53.16 -1019.41 0 0 
-48.10 -53.59 -1018.74 0 0 
-47.55 -52.67 -1019.17 0 0 
-47.67 -52.61 -1019.10 0 0 
-47.85 -52.55 -1019.10 0 0 
-48.40 -53.16 -1018.98 0 0 
-48.46 -53.28 -1018.92 0 0 
-48.52 -52.98 -1019.65 0 0 
-48.10 -52.86 -1019.29 0 0 
-48.03 -53.10 -1018.98 0 0 
-47.91 -53.04 -1019.17 0 0 
-48.22 -52.98 -1019.29 0 0 
-48.52 -53.16 -1019.23 0 0 
-47.73 -53.16 -1019.53 0 0 
-48.58 -53.04 -1019.47 0 0 
-47.79 -52.80 -1018.86 0 0 
-47.85 -52.86 -1019.35 0 0 
-47.91 -52.80 -1019.04 0 0 
-48.46 -53.10 -1019.17 0 0 
-48.34 -53.28 -1019.10 0 0 
-48.10 -52.92 -1019.29 0 0 
-47.79 -52.86 -1018.86 0 0 
-47.49 -53.10 -1018.80 0 0 
-48.10 -52.98 -1019.10 0 0 
-47.42 -53.47 -1019.04 0 0 
-48.58 -53.04 -1019.17 0 0 
-48.16 -52.98 -1018.74 0 0 
-48.22 -53.10 -1019.47 0 0 
-48.03 -53.47 -1019.65 0 0 
-48.16 -53.16 -1019.41 0 0 
-47.97 -52.92 -1019.17 0 0 
-47.91 -52.67 -1019.47 0 0 
-48.10 -52.73 -1019.47 0 0 
-48.34 -52.92 -1019.17 0 0 
-48.40 -52.86 -1018.80 0 0 
-48.03 -52.73 -1018.98 0 0 
-47.73 -52.98 -1019.23 0 0 
-48.10 -52.98 -1019.53 0 0 
-47.61 -52.98 -1019.29 0 0 
-48.22 -52.86 -1019.04 0 0 
-47.85 -52.67 -1019.47 0 0 
-48.40 -52.55 -1019.35 0 0 
-47.91 -52.80 -1019.47 0 0 
-47.91 -53.28 -1019.17 0 0 
-47.79 -53.04 -1018.86 0 0 
-47.67 -52.92 -1018.31 0 0 
-48.03 -52.92 -1018.80 0 0 
-48.16 -52.49 -1018.98 0 0 
-47.85 -52.67 -1018.98 0 0 
-48.28 -52.61 -1019.04 0 0 
-48.03 -52.98 -1019.10 0 0 
-47.97 -53.16 -1019.29 0 0 
-48.03 -52.43 -1019.35 0 0 
-48.40 -53.16 -1018.74 0 0 
-48.28 -52.98 -1018.62 0 0 
-47.85 -53.10 -1018.86 0 0 
-47.91 -53.22 -1018.37 0 0 
-48.22 -52.98 -1018.86 0 0 
-48.46 -52.67 -1019.10 0 0 
-48.16 -53.28 -1019.29 0 0 
-47.55 -52.80 -1019.23 0 0 
-48.16 -53.16 -1019.29 0 0 
-48.03 -53.04 -1018.86 0 0 
-48.03 -53.41 -1019.35 0 0 
-47.91 -52.92 -1019.10 0 0 
-48.40 -53.10 -1018.98 0 0 
-48.77 -52.92 -1018.92 0 0 
-47.73 -53.10 -1019.04 0 0 
-47.67 -53.10 -1018.55 0 0 
-48.10 -52.80 -1018.92 0 0 
-48.83 -53.47 -1019.29 0 0 
-47.97 -52.98 -1019.04 0 0 
-48.10 -52.37 -1018.92 0 0 
-48.28 -52.98 -1019.10 0 0 
-48.22 -52.55 -1019.17 0 0 
-47.91 -53.34 -1018.98 0 0 
-48.10 -52.86 -1019.04 0 0 
-47.79 -52.55 -1019.29 0 0 
-48.10 -53.16 -1019.17 0 0 
-47.79 -52.49 -1019.04 0 0 
-47.91 -53.10 -1019.10 0 0 
-48.03 -53.28 -1019.23 0 0 
-47.73 -53.22 -1019.29 0 0 
-48.28 -53.10 -1019.65 0 0 
-48.10 -52.86 -1018.62 0 0 
-47.49 -53.10 -1018.80 0 0 
-48.40 -53.41 -1019.10 0 0 
-48.10 -53.53 -1018.98 0 0 
-47.91 -53.47 -1019.41 0 0 
-48.52 -53.10 -1018.92 0 0 
-47.79 -52.80 -1019.47 0 0 
-48.03 -53.04 -1018.98 0 0 
-47.61 -52.98 -1019.10 0 0 
-47.67 -53.28 -1019.04 0 0 
-48.10 -52.67 -1018.86 0 0 
-47.91 -53.04 -1019.10 0 0 
-47.73 -52.73 -1019.10 0 0 
-47.67 -52.80 -1019.23 0 0 
-48.22 -53.28 -1018.62 0 0 
-48.34 -52.92 -1018.49 0 0 
-48.16 -53.22 -1018.92 0 0 
-47.91 -53.10 -1019.04 0 0 
-47.97 -53.10 -1019.47 0 0 
-48.03 -52.67 -1019.35 0 0 
-48.22 -52.73 -1019.04 0 0 
-48.40 -52.49 -1019.23 0 0 
-48.10 -53.41 -1018.74 0 0 
-47.49 -52.98 -1019.35 0 0 
-47.67 -52.92 -1019.29 0 0 
-48.10 -52.98 -1018.92 0 0 
-48.28 -52.61 -1018.98 0 0 
-47.91 -52.73 -1018.92 0 0 
-47.49 -53.22 -1018.92 0 0 
-47.67 -52.86 -1018.92 0 0 
-47.79 -52.98 -1019.23 0 0 
-47.97 -52.98 -1019.53 0 0 
-47.24 -53.34 -1018.74 0 0 
-47.85 -52.80 -1019.17 0 0 
-48.52 -53.34 -1018.86 0 0 
-48.10 -52.73 -1019.04 0 0 
-48.46 -52.55 -1019.17 0 0 
-47.97 -52.86 -1019.04 0 0 
-48.40 -53.04 -1018.92 0 0 
-47.73 -52.98 -1019.10 0 0 
-48.10 -53.16 -1019.29 0 0 
-47.97 -53.41 -1019.17 0 0 
-48.10 -53.10 -1018.92 0 0 
-47.97 -53.10 -1019.17 0 0 
-48.22 -53.16 -1018.55 0 0 
-48.16 -53.04 -1018.92 0 0 
-47.91 -53.59 -1018.92 0 0 
-47.97 -52.73 -1019.04 0 0 
-48.03 -52.92 -1018.92 0 0 
-48.28 -53.65 -1018.74 0 0 
-48.40 -53.53 -1019.47 0 0 
-47.79 -52.80 -1019.04 0 0 
-47.97 -53.04 -1018.86 0 0 
-48.16 -53.59 -1018.62 0 0 
-47.85 -53.16 -1019.41 0 0 
-48.22 -53.10 -1019.10 0 0 
-48.10 -54.02 -1018.80 0 0 
-48.28 -52.73 -1018.31 0 0 
-47.97 -52.98 -1019.47 0 0 
-47.79 -52.98 -1019.10 0 0 
-48.40 -53.47 -1018.74 0 0 
-48.46 -53.22 -1018.55 0 0 
-48.10 -53.59 -1019.17 0 0 
-47.91 -52.92 -1019.41 0 0 
-48.40 -52.98 -1018.92 0 0 
-47.67 -53.34 -1018.92 0 0 
-48.28 -53.16 -1019.04 0 0 
-48.16 -53.04 -1019.04 0 0 
-48.22 -52.80 -1018.68 0 0 
-48.10 -53.10 -1019.04 0 0 
-47.91 -53.34 -1018.86 0 0 
-47.61 -53.16 -1019.65 0 0 
-48.40 -53.34 -1018.98 0 0 
-48.28 -53.34 -1019.35 0 0 
-47.36 -53.65 -1018.86 0 0 
-47.91 -53.41 -1019.10 0 0 
-48.34 -53.47 -1019.04 0 0 
-48.16 -53.28 -1018.92 0 0 
-48.52 -53.04 -1018.37 0 0 
-47.79 -53.83 -1018.98 0 0 
-47.61 -53.53 -1019.04 0 0 
-48.16 -53.47 -1018.55 0 0 
-48.52 -53.10 -1019.53 0 0 
-47.67 -53.34 -1018.98 0 0 
-48.10 -53.28 -1019.23 0 0 
-48.28 -53.47 -1018.19 0 0 
-48.22 -53.47 -1018.49 0 0 
-48.89 -53.34 -1018.74 0 0 
-48.22 -53.34 -1019.17 0 0 
-48.40 -53.22 -1018.80 0 0 
-48.34 -53.04 -1018.92 0 0 
-47.91 -53.53 -1018.98 0 0 
-48.46 -53.41 -1019.29 0 0 
-48.46 -53.28 -1019.17 0 0 
-47.85 -53.28 -1019.10 0 0 
-48.28 -53.22 -1019.23 0 0 
-48.46 -53.22 -1019.04 0 0 
-48.65 -53.10 -1019.47 0 0 
-48.10 -52.73 -1018.80 0 0 
-47.85 -52.86 -1018.98 0 0 
-47.97 -53.34 -1018.68 0 0 
-47.91 -53.28 -1019.17 0 0 
-48.22 -53.59 -1018.92 0 0 
-48.10 -53.41 -1018.62 0 0 
-47.91 -52.92 -1019.17 0 0 
-47.55 -53.04 -1018.62 0 0 
-47.67 -53.10 -1018.98 0 0 
-48.34 -53.16 -1018.98 0 0 
-47.79 -53.28 -1019.35 0 0 
-48.03 -53.34 -1018.92 0 0 
-47.67 -53.28 -1019.04 0 0 
-47.85 -53.28 -1019.04 0 0 
-48.52 -53.41 -1019.10 0 0 
-47.85 -53.28 -1019.10 0 0 
-48.52 -53.28 -1018.01 0 1 
-46.75 -54.32 -1016.91 0 1 
-49.68 -49.87 -778.50 0 1 
-49.19 -51.27 -579.04 0 1 
-48.71 -53.10 -589.90 0 1 
-48.03 -53.47 -586.06 0 1 
-48.34 -53.41 -584.41 0 1 
-48.52 -53.10 -583.19 1 1 
-48.10 -53.41 -583.68 1 1 
-48.28 -52.92 -582.28 1 1 
-48.95 -52.80 -583.01 1 1 
-47.91 -53.10 -584.35 1 1 
-48.40 -53.04 -585.94 1 1 
-48.28 -53.41 -586.61 1 1 
-47.79 -54.81 -584.47 1 1 
-47.36 -54.81 -579.22 1 1 
-47.24 -55.18 -576.72 1 1 
-47.67 -54.32 -573.12 1 1 
-48.28 -52.55 -573.85 1 1 
-49.87 -49.80 -577.45 1 1 
-49.13 -51.82 -586.49 1 1 
-47.97 -54.87 -587.89 1 1 
-47.36 -55.91 -583.98 1 1 
-46.75 -55.18 -580.63 1 1 
-48.10 -52.86 -570.56 1 1 
-49.44 -50.11 -576.48 1 1 
-49.68 -51.21 -589.29 1 1 
-48.22 -55.05 -586.91 1 1 
-47.06 -55.97 -579.10 1 1 
-47.79 -54.14 -571.17 1 1 
-50.11 -50.84 -572.02 1 1 
-50.11 -50.54 -582.58 1 1 
-48.52 -53.53 -588.93 1 1 
-46.75 -56.64 -581.79 1 1 
-46.94 -55.60 -571.59 1 1 
-49.07 -49.87 -570.01 1 1 
-49.68 -50.60 -588.32 1 1 
-46.88 -56.09 -583.19 1 1 
-47.12 -56.15 -569.70 1 1 
-49.38 -49.56 -567.87 1 1 
-49.62 -50.90 -588.07 1 1 
-46.69 -56.88 -582.76 1 1 
-46.45 -56.40 -568.30 1 1 
-48.40 -50.54 -569.82 1 1 
-49.99 -49.93 -585.39 1 1 
-47.36 -56.34 -584.90 1 1 
-46.57 -56.09 -568.79 1 1 
-49.99 -48.58 -568.30 1 1 
-49.50 -52.80 -586.79 1 1 
-47.18 -57.56 -575.99 1 1 
-47.55 -53.77 -564.21 1 1 
-50.17 -48.52 -580.93 1 1 
-47.00 -56.88 -582.34 1 1 
-46.88 -55.85 -563.78 1 1 
-50.29 -47.79 -571.17 1 1 
-47.36 -54.75 -587.40 1 1 
-46.02 -57.13 -567.93 1 1 
-49.19 -49.50 -564.94 1 1 
-49.68 -51.88 -587.04 1 1 
-46.94 -56.76 -578.37 1 1 
-47.42 -54.69 -567.32 1 1 
-50.29 -48.28 -574.40 1 1 
-47.42 -54.57 -588.56 1 1 
-46.26 -57.80 -569.34 1 1 
-49.01 -49.32 -562.62 1 1 
-49.38 -52.12 -588.44 1 1 
-46.69 -57.68 -576.05 1 1 
-47.73 -52.25 -561.58 1 1 
-50.05 -49.26 -581.24 1 1 
-46.63 -56.70 -581.30 1 1 
-46.75 -55.91 -565.98 1 1 
-49.80 -48.10 -570.80 1 1 
-47.85 -54.44 -587.46 1 1 
-46.39 -56.40 -565.55 1 1 
-49.93 -48.03 -563.42 1 1 
-48.40 -55.05 -584.29 1 1 
-46.81 -56.64 -559.75 1 1 
-50.60 -47.79 -567.99 1 1 
-47.18 -55.66 -582.40 1 1 
-46.81 -55.97 -558.53 1 1 
-50.54 -47.73 -573.06 1 1 
-47.06 -57.43 -578.25 1 1 
-47.00 -55.79 -561.34 1 1 
-50.60 -47.55 -570.92 1 1 
-47.73 -54.75 -584.41 1 1 
-46.45 -57.56 -570.86 1 1 
-48.58 -50.72 -563.23 1 1 
-49.62 -50.78 -583.74 1 1 
-47.06 -56.82 -578.37 1 1 
-47.79 -54.08 -559.02 1 1 
-50.54 -48.77 -580.02 1 1 
-46.57 -57.50 -573.43 1 1 
-47.85 -54.57 -562.07 1 1 
-50.11 -48.03 -574.10 1 1 
-48.52 -54.14 -586.61 1 1 
-45.96 -57.25 -570.01 1 1 
-48.77 -51.15 -562.32 1 1 
-50.23 -50.60 -584.29 1 1 
-46.51 -57.19 -577.51 1 1 
-47.06 -54.99 -564.70 1 1 
-49.62 -48.34 -570.68 1 1 
-48.89 -52.06 -589.72 1 1 
-47.18 -57.13 -578.06 1 1 
-47.55 -53.59 -564.88 1 1 
-50.78 -48.52 -578.19 1 1 
-47.85 -54.20 -586.55 1 1 
-47.42 -56.52 -576.84 1 1 
-48.22 -53.47 -566.89 1 1 
-50.35 -48.65 -577.64 1 1 
-48.71 -54.14 -591.25 1 1 
-46.39 -57.56 -579.59 1 1 
-47.06 -53.65 -565.67 1 1 
-49.93 -48.58 -579.71 1 1 
-47.30 -56.52 -582.76 1 1 
-46.51 -56.15 -566.83 1 1 
-49.87 -49.32 -565.43 1 1 
-49.01 -52.92 -586.61 1 1 
-46.14 -57.37 -572.51 1 1 
-47.85 -52.31 -560.97 1 1 
-50.54 -49.80 -582.28 1 1 
-47.42 -56.64 -578.06 1 1 
-46.75 -55.97 -566.28 1 1 
-50.05 -48.71 -568.54 1 1 
-49.26 -52.31 -587.16 1 1 
-46.88 -58.11 -574.16 1 1 
-47.97 -52.98 -560.73 1 1 
-50.42 -49.99 -582.64 1 1 
-46.81 -57.92 -574.65 1 1 
-48.10 -52.00 -556.88 1 1 
-49.74 -49.99 -583.74 1 1 
-45.90 -58.53 -571.96 1 1 
-48.65 -51.09 -558.72 1 1 
-49.62 -53.34 -587.40 1 1 
-46.69 -58.17 -563.72 1 1 
-50.48 -47.85 -571.04 1 1 
-47.12 -57.07 -582.15 1 1 
-47.36 -53.22 -557.92 1 1 
-49.62 -51.09 -583.31 1 1 
-46.39 -58.04 -569.58 1 1 
-49.44 -49.44 -560.24 1 1 
-49.07 -53.04 -584.90 1 1 
-46.57 -57.74 -571.35 1 1 
-48.58 -49.99 -561.10 1 1 
-49.13 -51.76 -583.56 1 1 
-45.65 -58.72 -575.81 1 1 
-48.83 -50.90 -565.37 1 1 
-49.26 -52.43 -588.07 1 1 
-46.45 -57.62 -570.68 1 1 
-49.38 -50.54 -562.13 1 1 
-49.07 -51.76 -586.67 1 1 
-45.90 -58.17 -575.38 1 1 
-48.77 -51.57 -561.65 1 1 
-50.17 -50.17 -582.09 1 1 
-46.88 -57.98 -576.48 1 1 
-47.36 -53.47 -561.28 1 1 
-49.93 -48.95 -577.64 1 1 
-47.18 -57.25 -580.93 1 1 
-47.12 -54.99 -560.24 1 1 
-50.78 -47.97 -574.65 1 1 
-47.49 -55.91 -582.82 1 1 
-46.39 -56.46 -563.05 1 1 
-50.54 -48.03 -576.42 1 1 
-46.26 -58.04 -578.98 1 1 
-47.97 -53.34 -558.04 1 1 
-50.11 -50.60 -582.95 1 1 
-46.57 -58.35 -572.45 1 1 
-48.65 -50.23 -557.98 1 1 
-49.38 -51.51 -587.52 1 1 
-45.84 -58.53 -577.45 1 1 
-47.67 -51.88 -558.41 1 1 
-49.68 -50.78 -583.68 1 1 
-45.53 -58.29 -573.85 1 1 
-48.58 -50.54 -558.72 1 1 
-48.28 -52.92 -586.79 1 1 
-46.20 -57.68 -564.70 1 1 
-50.05 -47.61 -569.21 1 1 
-47.73 -56.64 -583.62 1 1 
-46.69 -56.21 -560.55 1 1 
-51.15 -47.79 -578.92 1 1 
-46.33 -58.29 -577.76 1 1 
-49.01 -49.99 -560.30 1 1 
-48.58 -53.89 -587.71 1 1 
-46.45 -57.62 -563.72 1 1 
-50.35 -47.36 -571.53 1 1 
-46.81 -57.74 -583.37 1 1 
-47.85 -52.92 -557.37 1 1 
-50.05 -50.78 -585.82 1 1 
-46.14 -58.53 -573.36 1 1 
-49.13 -50.11 -562.99 1 1 
-48.83 -53.71 -588.99 1 1 
-46.39 -57.07 -562.81 1 1 
-50.54 -48.16 -578.49 1 1 
-47.00 -58.65 -580.57 1 1 
-48.71 -49.50 -562.01 1 1 
-48.89 -54.26 -588.50 1 1 
-46.63 -57.62 -567.14 1 1 
-49.56 -48.52 -567.99 1 1 
-47.91 -55.79 -588.32 1 1 
-46.88 -56.03 -562.19 1 1 
-49.87 -47.36 -576.11 1 1 
-47.06 -57.13 -580.87 1 1 
-46.69 -55.11 -561.71 1 1 
-50.54 -48.52 -577.82 1 1 
-47.06 -57.43 -583.31 1 1 
-46.88 -55.36 -567.93 1 1 
-50.23 -48.16 -576.90 1 1 
-46.75 -57.56 -587.71 1 1 
-47.30 -53.83 -561.71 1 1 
-49.38 -49.26 -589.23 1 1 
-46.63 -58.29 -578.80 1 1 
-48.34 -50.66 -559.27 1 1 
-48.52 -52.80 -587.83 1 1 
-46.63 -58.65 -567.14 1 1 
-49.74 -48.22 -567.44 1 1 
-47.55 -56.70 -586.00 1 1 
-46.63 -56.27 -559.45 1 1 
-50.11 -47.91 -576.17 1 1 
-46.94 -57.62 -580.32 1 1 
-46.45 -55.73 -559.81 1 1 
-50.17 -48.46 -575.13 1 1 
-47.36 -56.88 -581.05 1 1 
-46.57 -55.60 -559.75 1 1 
-50.42 -48.52 -575.01 1 1 
-47.30 -56.95 -584.11 1 1 
-47.06 -56.15 -561.40 1 1 
-50.60 -47.73 -573.97 1 1 
-47.00 -57.98 -581.73 1 1 
-47.30 -53.53 -557.86 1 1 
-49.44 -49.99 -584.05 1 1 
-45.72 -58.35 -570.86 1 1 
-49.74 -48.71 -562.93 1 1 
-47.55 -56.40 -585.69 1 1 
-46.51 -55.66 -559.33 1 1 
-51.15 -48.03 -579.35 1 1 
-46.75 -57.80 -575.50 1 1 
-47.67 -52.43 -558.35 1 1 
-49.32 -50.54 -581.12 1 1 
-46.26 -58.59 -574.22 1 1 
-48.58 -52.00 -559.08 1 1 
-49.93 -51.88 -584.41 1 1 
-46.33 -58.59 -570.31 1 1 
-49.19 -50.29 -560.00 1 1 
-49.32 -52.92 -585.94 1 1 
-46.14 -57.98 -570.56 1 1 
-48.46 -49.99 -559.69 1 1 
-48.65 -53.28 -586.85 1 1 
-46.02 -58.29 -563.96 1 1 
-49.99 -48.95 -566.22 1 1 
-48.65 -53.96 -585.33 1 1 
-46.26 -58.11 -567.99 1 1 
-49.38 -50.17 -560.97 1 1 
-49.32 -52.00 -583.19 1 1 
-47.06 -57.86 -572.69 1 1 
-48.28 -52.43 -557.98 1 1 
-49.68 -49.56 -580.81 1 1 
-46.63 -57.56 -577.27 1 1 
-47.67 -54.57 -560.73 1 1 
-49.93 -48.95 -578.31 1 1 
-46.69 -57.86 -577.64 1 1 
-47.36 -54.87 -557.37 1 1 
-49.80 -48.28 -576.84 1 1 
-47.00 -57.25 -578.98 1 1 
-47.06 -55.60 -558.35 1 1 
-51.15 -47.91 -573.06 1 1 
-47.00 -56.88 -580.57 1 1 
-46.57 -56.34 -562.19 1 1 
-50.42 -47.67 -578.19 1 1 
-46.75 -57.74 -580.32 1 1 
-47.73 -54.87 -558.53 1 1 
-49.93 -49.62 -581.79 1 1 
-46.33 -59.08 -575.44 1 1 
-49.13 -50.78 -559.75 1 1 
-48.46 -54.57 -586.85 1 1 
-46.26 -57.25 -561.34 1 1 
-50.23 -48.65 -572.63 1 1 
-46.57 -57.56 -579.53 1 1 
-48.46 -52.73 -557.07 1 1 
-49.56 -51.70 -587.40 1 1 
-46.08 -58.41 -566.10 1 1 
-50.11 -47.67 -569.40 1 1 
-46.94 -57.68 -582.21 1 1 
-47.30 -52.25 -557.31 1 1 
-49.62 -51.82 -586.91 1 1 
-46.63 -58.17 -565.43 1 1 
-50.66 -48.34 -571.72 1 1 
-47.06 -57.92 -580.57 1 1 
-47.79 -52.25 -557.62 1 1 
-49.44 -51.33 -586.67 1 1 
-46.69 -58.53 -565.92 1 1 
-50.29 -48.22 -568.48 1 1 
-47.79 -57.19 -584.23 1 1 
-47.36 -54.50 -558.72 1 1 
-50.05 -49.01 -579.16 1 1 
-46.57 -58.96 -574.95 1 1 
-48.28 -51.51 -556.88 1 1 
-49.32 -51.70 -585.27 1 1 
-46.08 -58.65 -567.50 1 1 
-49.50 -48.89 -561.58 1 1 
-48.65 -54.69 -584.05 1 1 
-46.33 -57.80 -565.55 1 1 
-50.11 -48.65 -564.21 1 1 
-48.22 -56.15 -584.66 1 1 
-46.20 -56.52 -560.12 1 1 
-50.66 -47.91 -571.78 1 1 
-47.06 -57.31 -580.51 1 1 
-46.33 -55.36 -557.37 1 1 
-50.17 -49.13 -580.44 1 1 
-46.26 -58.29 -574.52 1 1 
-48.16 -51.15 -558.29 1 1 
-48.95 -52.73 -585.33 1 1 
-46.14 -58.65 -565.98 1 1 
-50.11 -48.58 -564.94 1 1 
-47.24 -56.70 -585.21 1 1 
-47.06 -55.66 -557.80 1 1 
-49.87 -48.52 -578.31 1 1 
-46.33 -58.35 -576.90 1 1 
-47.85 -51.94 -560.12 1 1 
-48.83 -52.31 -587.65 1 1 
-46.69 -58.35 -568.73 1 1 
-50.05 -47.79 -571.23 1 1 
-46.81 -58.65 -583.92 1 1 
-48.22 -51.15 -558.11 1 1 
-48.95 -53.65 -589.97 1 1 
-46.33 -57.62 -562.93 1 1 
-50.17 -48.16 -579.04 1 1 
-46.39 -59.02 -576.60 1 1 
-48.28 -51.70 -556.82 1 1 
-49.50 -52.00 -589.11 1 1 
-45.96 -58.29 -573.85 1 1 
-50.23 -48.10 -569.76 1 1 
-46.69 -56.58 -584.72 1 1 
-47.49 -54.08 -559.94 1 1 
-49.19 -51.15 -589.90 1 1 
-45.47 -58.53 -572.63 1 1 
-49.32 -48.34 -564.15 1 1 
-47.42 -55.54 -586.67 1 1 
-46.51 -57.07 -559.45 1 1 
-50.05 -48.10 -577.82 1 1 
-46.33 -58.72 -575.38 1 1 
-48.40 -50.72 -558.29 1 1 
-48.10 -54.14 -588.75 1 1 
-46.94 -56.34 -558.84 1 1 
-50.84 -48.10 -580.14 1 1 
-45.90 -58.59 -573.30 1 1 
-49.01 -49.80 -559.94 1 1 
-48.34 -54.75 -585.75 1 1 
-46.33 -57.31 -561.28 1 1 
-50.17 -47.79 -568.73 1 1 
-46.94 -56.15 -582.03 1 1 
-46.63 -56.21 -559.51 1 1 
-50.05 -48.28 -577.76 1 1 
-46.26 -58.23 -576.35 1 1 
-48.77 -50.35 -560.18 1 1 
-47.73 -55.18 -589.54 1 1 
-47.36 -53.96 -558.59 1 1 
-49.07 -52.43 -590.21 1 1 
-45.96 -57.74 -564.76 1 1 
-49.80 -49.99 -587.34 1 1 
-45.78 -58.41 -568.66 1 1 
-50.29 -48.28 -580.87 1 1 
-46.26 -59.45 -573.49 1 1 
-50.05 -48.52 -569.34 1 1 
-46.20 -58.59 -583.74 1 1 
-48.89 -50.29 -561.77 1 1 
-47.61 -55.79 -590.64 1 1 
-47.61 -53.83 -558.11 1 1 
-50.17 -50.35 -585.69 1 1 
-45.59 -58.59 -569.52 1 1 
-49.44 -48.34 -564.33 1 1 
-47.24 -56.34 -586.55 1 1 
-47.67 -52.98 -557.62 1 1 
-49.32 -51.64 -588.13 1 1 
-45.23 -57.68 -563.78 1 1 
-50.17 -48.40 -576.60 1 1 
-46.20 -58.72 -578.74 1 1 
-48.95 -50.23 -561.40 1 1 
-47.91 -55.91 -589.23 1 1 
-47.06 -54.81 -559.20 1 1 
-49.38 -50.48 -587.46 1 1 
-46.20 -58.84 -567.87 1 1 
-50.72 -48.52 -573.30 1 1 
-46.39 -58.96 -579.77 1 1 
-48.77 -50.35 -561.28 1 1 
-48.34 -56.09 -588.75 1 1 
-46.94 -57.13 -559.81 1 1 
-50.48 -48.83 -572.51 1 1 
-47.36 -55.60 -586.79 1 1 
-45.96 -57.37 -574.16 1 1 
-48.03 -52.43 -563.29 1 1 
-49.80 -49.87 -581.05 1 1 
-47.42 -56.09 -584.53 1 1 
-46.75 -57.19 -568.79 1 1 
-49.07 -50.05 -564.58 1 1 
-48.89 -52.49 -585.51 1 1 
-46.63 -57.92 -575.74 1 1 
-47.73 -53.59 -559.88 1 1 
-49.68 -49.62 -578.92 1 1 
-47.30 -56.52 -584.59 1 1 
-46.45 -57.56 -569.03 1 1 
-49.93 -49.26 -565.61 1 1 
-48.22 -54.20 -584.35 1 1 
-46.26 -58.59 -567.32 1 1 
-49.50 -49.56 -563.66 1 1 
-48.03 -55.73 -585.82 1 1 
-46.51 -56.21 -560.12 1 1 
-50.72 -48.46 -576.66 1 1 
-46.94 -58.11 -576.60 1 1 
-48.03 -52.25 -557.37 1 1 
-49.32 -51.39 -585.45 1 1 
-46.26 -58.78 -568.79 1 1 
-50.11 -49.26 -564.45 1 1 
-47.36 -56.21 -586.61 1 1 
-46.26 -55.79 -558.47 1 1 
-50.17 -49.44 -581.36 1 1 
-45.90 -58.53 -573.30 1 1 
-48.77 -50.96 -559.45 1 1 
-48.83 -53.34 -585.94 1 1 
-45.65 -58.23 -567.75 1 1 
-48.95 -49.80 -562.50 1 1 
-49.38 -53.22 -585.63 1 1 
-45.96 -58.23 -570.74 1 1 
-48.52 -51.15 -560.12 1 1 
-48.71 -52.49 -588.20 1 1 
-45.96 -58.72 -568.73 1 1 
-50.17 -48.95 -563.66 1 1 
-48.16 -56.46 -586.00 1 1 
-46.94 -56.52 -560.91 1 1 
-49.87 -48.52 -575.20 1 1 
-47.36 -57.80 -579.22 1 1 
-47.12 -55.54 -558.84 1 1 
-50.48 -49.13 -572.57 1 1 
-47.79 -56.46 -585.08 1 1 
-46.57 -57.43 -565.86 1 1 
-50.05 -48.77 -567.50 1 1 
-47.55 -56.82 -586.12 1 1 
-46.57 -55.73 -559.81 1 1 
-50.35 -49.62 -583.31 1 1 
-45.41 -59.33 -572.94 1 1 
-49.56 -49.19 -563.17 1 1 
-47.67 -56.58 -587.46 1 1 
-46.81 -56.82 -562.56 1 1 
-50.17 -48.52 -573.36 1 1 
-46.88 -58.35 -583.50 1 1 
-49.01 -51.76 -560.24 1 1 
-48.22 -54.50 -588.81 1 1 
-46.69 -57.50 -563.23 1 1 
-50.78 -48.22 -577.76 1 1 
-46.26 -59.33 -578.12 1 1 
-49.07 -50.29 -562.56 1 1 
-47.61 -56.34 -588.20 1 1 
-47.30 -55.05 -559.69 1 1 
-49.44 -50.90 -586.49 1 1 
-46.57 -59.02 -567.14 1 1 
-50.42 -48.46 -576.05 1 1 
-46.08 -58.78 -577.51 1 1 
-48.52 -51.76 -561.46 1 1 
-48.77 -55.24 -588.32 1 1 
-46.88 -56.70 -560.91 1 1 
-51.21 -48.95 -581.05 1 1 
-46.14 -59.45 -573.91 1 1 
-50.05 -49.07 -563.90 1 1 
-47.79 -57.31 -586.18 1 1 
-47.36 -54.32 -559.08 1 1 
-49.13 -52.31 -590.88 1 1 
-46.33 -58.04 -563.05 1 1 
-50.42 -48.34 -577.70 1 1 
-46.20 -59.08 -576.90 1 1 
-49.01 -49.13 -562.44 1 1 
-47.61 -57.43 -588.20 1 1 
-48.46 -52.55 -559.33 1 1 
-48.95 -54.02 -592.35 1 1 
-46.88 -55.73 -561.10 1 1 
-49.68 -50.66 -589.72 1 1 
-45.90 -58.11 -565.86 1 1 
-49.99 -49.50 -584.23 1 1 
-46.14 -59.39 -573.36 1 1 
-50.54 -48.10 -577.09 1 1 
-46.20 -59.27 -579.22 1 1 
-50.23 -48.16 -571.90 1 1 
-46.51 -58.72 -585.57 1 1 
-49.13 -49.50 -565.06 1 1 
-47.36 -56.82 -590.09 1 1 
-48.22 -52.61 -560.00 1 1 
-49.26 -52.80 -592.04 1 1 
-46.45 -57.43 -564.21 1 1 
-50.42 -48.65 -581.67 1 1 
-46.08 -59.14 -575.56 1 1 
-49.38 -48.89 -565.19 1 1 
-47.42 -57.07 -588.07 1 1 
-47.24 -54.26 -557.74 1 1 
-49.93 -51.03 -587.28 1 1 
-46.39 -58.78 -568.48 1 1 
-50.48 -48.65 -569.64 1 1 
-47.42 -58.29 -583.19 1 1 
-48.34 -52.98 -558.65 1 1 
-49.44 -52.25 -588.38 1 1 
-45.84 -57.92 -566.71 1 1 
-50.35 -47.91 -571.11 1 1 
-46.69 -57.56 -581.97 1 1 
-47.73 -53.22 -558.53 1 1 
-49.19 -52.25 -587.65 1 1 
-46.14 -58.72 -565.80 1 1 
-50.35 -48.22 -572.63 1 1 
-46.51 -57.74 -585.94 1 1 
-47.49 -51.27 -564.76 1 1 
-48.83 -52.80 -588.99 1 1 
-46.51 -58.59 -566.96 1 1 
-49.93 -48.65 -571.41 1 1 
-47.06 -58.29 -590.88 1 1 
-47.67 -52.49 -561.52 1 1 
-49.26 -52.12 -588.93 1 1 
-46.45 -58.11 -567.69 1 1 
-50.17 -47.36 -570.37 1 1 
-46.94 -58.59 -581.67 1 1 
-47.73 -53.41 -557.68 1 1 
-49.99 -50.66 -586.30 1 1 
-45.47 -58.78 -571.04 1 1 
-49.62 -48.40 -566.22 1 1 
-47.49 -56.95 -585.63 1 1 
-47.91 -54.14 -558.72 1 1 
-49.56 -50.66 -585.21 1 1 
-46.57 -58.53 -571.41 1 1 
-49.56 -51.03 -560.18 1 1 
-48.77 -53.47 -586.49 1 1 
-46.20 -58.72 -567.38 1 1 
-49.13 -49.56 -564.70 1 1 
-48.28 -54.32 -587.95 1 1 
-46.20 -58.04 -566.71 1 1 
-49.80 -48.46 -567.69 1 1 
-47.18 -56.76 -585.51 1 1 
-46.75 -56.64 -559.88 1 1 
-50.11 -48.83 -573.61 1 1 
-46.94 -57.68 -581.91 1 1 
-47.00 -55.24 -559.02 1 1 
-50.23 -49.50 -581.24 1 1 
-46.33 -58.72 -574.83 1 1 
-46.94 -55.30 -563.72 1 1 
-50.23 -49.19 -578.67 1 1 
-46.51 -58.90 -578.92 1 1 
-47.06 -54.20 -558.11 1 1 
-49.87 -49.44 -580.32 1 1 
-46.45 -58.84 -576.23 1 1 
-47.49 -54.02 -558.35 1 1 
-50.05 -49.26 -579.35 1 1 
-47.42 -56.76 -582.52 1 1 
-46.45 -57.37 -565.98 1 1 
-49.68 -48.58 -567.63 1 1 
-47.73 -54.99 -584.17 1 1 
-46.20 -58.65 -568.05 1 1 
-48.71 -52.25 -564.64 1 1 
-49.62 -50.90 -584.29 1 1 
-47.36 -56.64 -582.76 1 1 
-47.00 -56.58 -569.95 1 1 
-49.74 -50.54 -569.21 1 1 
-49.07 -52.73 -591.00 1 1 
-46.57 -57.98 -577.15 1 1 
-47.79 -53.34 -562.01 1 1 
-50.48 -49.80 -579.10 1 1 
-47.18 -56.82 -584.78 1 1 
-47.00 -56.95 -567.69 1 1 
-48.89 -50.90 -566.10 1 1 
-49.62 -51.09 -585.63 1 1 
-47.30 -56.46 -582.64 1 1 
-47.18 -56.09 -575.87 1 1 
-47.67 -54.44 -582.82 1 1 
-48.71 -53.10 -583.07 1 1 
-47.97 -52.06 -580.57 1 1 
-48.22 -53.53 -582.34 1 1 
-48.22 -52.98 -584.66 1 1 
-48.10 -53.22 -582.28 1 1 
-48.65 -53.65 -584.66 1 1 
-48.46 -53.71 -584.59 1 1 
-47.79 -54.02 -583.19 1 1 
-47.49 -54.32 -584.05 1 1 
-47.55 -54.93 -586.30 1 1 
-47.61 -55.11 -587.46 1 1 
-47.85 -54.50 -586.67 1 1 
-48.03 -54.99 -585.69 0 1 
-47.91 -55.18 -591.86 0 1 
-47.73 -54.20 -591.98 0 1 
-48.83 -53.83 -591.37 0 1 
-48.10 -52.98 -591.55 0 1 
-48.16 -52.61 -591.86 0 1 
-48.95 -53.10 -587.83 0 1 
-48.52 -52.49 -588.50 0 1 
-48.22 -52.98 -588.07 0 1 
-47.61 -53.77 -586.30 0 1 
-47.06 -55.54 -587.04 1 1 
-47.12 -57.50 -592.10 1 1 
-47.61 -56.15 -599.00 1 1 
-49.01 -51.88 -600.34 1 1 
-49.56 -50.48 -593.26 1 1 
-47.97 -54.20 -584.96 1 1 
-46.14 -57.92 -591.74 1 1 
-47.24 -56.03 -599.49 1 1 
-49.01 -52.67 -600.22 1 1 
-49.01 -51.33 -592.65 1 1 
-48.28 -52.00 -585.45 1 1 
-47.00 -56.21 -583.98 1 1 
-46.75 -56.82 -591.74 1 1 
-47.55 -54.38 -597.47 1 1 
-48.58 -52.12 -596.56 1 1 
-48.95 -51.15 -591.55 1 1 
-48.40 -51.82 -584.35 1 1 
-47.00 -55.91 -581.97 1 1 
-46.51 -57.56 -593.57 1 1 
-48.52 -53.96 -601.44 1 1 
-49.32 -51.57 -596.07 1 1 
-48.16 -52.19 -587.83 1 1 
-47.61 -55.11 -584.29 1 1 
-46.81 -57.74 -591.86 1 1 
-47.42 -55.11 -600.40 1 1 
-49.13 -51.70 -597.41 1 1 
-49.56 -50.90 -589.48 1 1 
-47.49 -53.89 -582.89 1 1 
-47.00 -57.62 -590.70 1 1 
-47.79 -55.91 -600.22 1 1 
-48.46 -52.25 -598.88 1 1 
-49.19 -50.60 -593.32 1 1 
-47.61 -53.28 -583.98 1 1 
-46.81 -58.11 -589.48 1 1 
-47.55 -55.48 -600.83 1 1 
-48.95 -51.82 -598.51 1 1 
-49.26 -51.15 -589.54 1 1 
-47.42 -54.99 -582.52 1 1 
-46.57 -57.92 -593.20 1 1 
-48.46 -54.99 -600.16 1 1 
-50.05 -50.78 -595.09 1 1 
-48.89 -51.39 -583.80 1 1 
-46.88 -56.09 -576.54 1 1 
-46.57 -57.31 -572.51 1 1 
-49.56 -50.17 -569.76 1 1 
-48.40 -51.33 -554.44 1 1 
-46.51 -58.29 -555.42 1 1 
-47.91 -54.99 -573.06 1 1 
-48.83 -50.78 -566.77 1 1 
-48.34 -52.00 -553.22 1 1 
-45.96 -58.59 -557.56 1 1 
-47.91 -55.60 -570.19 1 1 
-49.87 -50.23 -566.71 1 1 
-48.83 -51.15 -554.50 1 1 
-47.06 -57.68 -556.15 1 1 
-47.30 -56.34 -570.98 1 1 
-49.19 -50.90 -567.44 1 1 
-48.89 -51.57 -556.64 1 1 
-47.30 -55.85 -551.15 1 1 
-46.88 -58.29 -563.35 1 1 
-48.40 -53.65 -568.12 1 1 
-49.68 -51.15 -562.81 1 1 
-48.58 -51.33 -555.79 1 1 
-47.00 -54.75 -550.66 1 1 
-46.39 -57.37 -557.01 1 1 
-47.24 -56.09 -565.12 1 1 
-48.77 -53.16 -566.10 1 1 
-49.26 -51.09 -561.22 1 1 
-48.71 -52.06 -555.18 1 1 
-47.79 -55.11 -548.22 1 1 
-46.08 -57.80 -557.01 1 1 
-48.77 -53.53 -569.15 1 1 
-49.44 -50.05 -562.74 1 1 
-48.16 -52.73 -550.90 1 1 
-46.33 -57.92 -555.48 1 1 
-48.10 -55.48 -572.39 1 1 
-50.35 -50.78 -561.46 1 1 
-48.03 -52.55 -549.87 1 1 
-45.65 -58.23 -556.27 1 1 
-47.61 -55.11 -567.93 1 1 
-49.80 -50.54 -564.15 1 1 
-48.95 -52.06 -552.19 1 1 
-47.55 -55.54 -550.23 1 1 
-46.39 -57.98 -560.61 1 1 
-48.03 -54.50 -568.85 1 1 
-49.19 -52.06 -562.99 1 1 
-48.71 -53.10 -558.23 1 1 
-48.10 -54.63 -555.66 1 1 
-48.28 -54.32 -553.22 1 1 
-48.10 -54.38 -554.81 1 1 
-47.85 -54.26 -552.98 1 1 
-47.91 -53.71 -554.57 1 1 
-48.34 -54.38 -558.47 1 1 
-47.18 -53.53 -554.81 1 1 
-47.73 -53.41 -554.99 1 1 
-48.52 -53.47 -556.76 1 1 
-48.58 -52.43 -555.97 1 1 
-47.91 -53.41 -552.86 1 1 
-47.85 -54.57 -554.32 1 1 
-47.24 -56.40 -557.50 1 1 
-46.69 -56.15 -561.77 1 1 
-47.55 -54.44 -565.37 1 1 
-48.34 -53.89 -562.81 1 1 
-48.52 -52.92 -561.83 1 1 
-49.01 -51.82 -558.35 1 1 
-48.03 -52.25 -557.25 1 1 
-48.03 -53.41 -555.11 1 1 
-47.97 -53.47 -554.75 1 1 
-47.79 -53.71 -554.57 1 1 
-47.79 -53.96 -555.24 1 1 
-48.22 -53.83 -554.50 1 1 
-48.46 -53.34 -554.57 1 1 
-48.40 -54.20 -554.69 1 1 
-48.03 -54.14 -556.03 1 1 
-47.79 -54.38 -555.36 1 1 
-47.55 -55.18 -557.01 1 1 
-47.42 -55.24 -553.89 1 1 
-46.45 -55.97 -554.02 1 1 
-46.81 -55.05 -550.42 1 1 
-47.97 -55.05 -550.72 1 1 
-47.91 -53.71 -547.79 0 1 
-49.01 -51.27 -550.66 0 1 
-49.26 -52.00 -557.80 0 1 
-48.22 -53.28 -562.38 0 1 
-47.61 -54.57 -561.28 0 1 
-47.73 -54.44 -560.79 0 1 
-47.55 -54.99 -555.73 0 1 
-47.55 -55.91 -558.29 0 1 
-47.67 -55.60 -552.98 0 1 
-47.36 -54.87 -551.76 0 1 
-48.28 -51.64 -550.90 1 1 
-48.83 -50.90 -556.09 1 1 
-48.89 -53.22 -560.30 1 1 
-48.52 -54.63 -563.17 1 1 
-47.06 -56.46 -558.72 1 1 
-46.75 -56.64 -551.94 1 1 
-48.10 -54.44 -547.12 1 1 
-49.68 -51.27 -550.60 1 1 
-48.95 -51.76 -564.82 1 1 
-47.97 -55.66 -563.17 1 1 
-46.14 -57.62 -556.40 1 1 
-46.94 -55.66 -549.32 1 1 
-48.46 -51.21 -548.40 1 1 
-49.50 -50.60 -562.01 1 1 
-48.16 -54.20 -563.23 1 1 
-46.94 -57.13 -559.81 1 1 
-47.18 -56.15 -548.52 1 1 
-48.10 -54.20 -551.70 1 1 
-49.19 -51.64 -551.51 1 1 
-49.19 -51.09 -562.93 1 1 
-47.36 -55.18 -563.84 1 1 
-46.94 -57.13 -557.43 1 1 
-47.12 -55.24 -548.22 1 1 
-49.62 -50.05 -553.28 1 1 
-48.52 -53.47 -574.40 1 1 
-46.94 -57.92 -569.52 1 1 
-46.75 -55.79 -556.76 1 1 
-49.38 -50.72 -563.23 1 1 
-49.44 -52.19 -580.14 1 1 
-47.18 -57.80 -575.13 1 1 
-47.06 -55.85 -565.61 1 1 
-49.38 -49.87 -568.05 1 1 
-49.38 -51.64 -583.01 1 1 
-47.24 -56.95 -580.87 1 1 
-46.45 -57.56 -573.24 1 1 
-48.03 -52.92 -564.09 1 1 
-49.44 -50.17 -580.93 1 1 
-47.30 -56.52 -584.23 1 1 
-46.51 -57.37 -573.30 1 1 
-47.55 -54.50 -564.45 1 1 
-49.74 -49.87 -574.28 1 1 
-48.46 -53.96 -586.91 1 1 
-46.33 -58.17 -576.11 1 1 
-46.81 -55.18 -563.60 1 1 
-50.42 -49.01 -574.71 1 1 
-47.67 -54.99 -587.71 1 1 
-46.33 -57.92 -572.51 1 1 
-48.28 -52.31 -564.88 1 1 
-49.80 -50.23 -580.99 1 1 
-47.55 -55.97 -584.47 1 1 
-46.14 -57.25 -570.80 1 1 
-48.16 -53.28 -565.25 1 1 
-49.74 -49.93 -577.58 1 1 
-47.55 -55.79 -586.85 1 1 
-46.20 -58.35 -571.23 1 1 
-48.58 -49.50 -566.59 1 1 
-48.40 -54.20 -589.05 1 1 
-46.02 -58.65 -572.69 1 1 
-48.58 -50.90 -563.66 1 1 
-49.32 -52.00 -589.60 1 1 
-46.39 -58.84 -576.78 1 1 
-48.10 -52.12 -562.26 1 1 
-49.68 -51.27 -588.38 1 1 
-46.08 -58.90 -577.39 1 1 
-47.79 -53.71 -561.71 1 1 
-50.35 -50.23 -582.40 1 1 
-46.81 -58.04 -580.32 1 1 
-47.24 -56.21 -564.15 1 1 
-50.05 -49.01 -575.07 1 1 
-47.12 -56.46 -585.88 1 1 
-46.39 -57.13 -566.04 1 1 
-48.89 -49.80 -566.96 1 1 
-49.44 -53.71 -588.13 1 1 
-46.26 -58.17 -570.98 1 1 
-48.46 -52.25 -556.64 1 1 
-49.87 -50.84 -580.93 1 1 
-46.39 -58.59 -575.99 1 1 
-47.61 -54.38 -558.11 1 1 
-50.05 -49.80 -576.60 1 1 
-46.63 -58.96 -577.76 1 1 
-47.36 -53.59 -555.91 1 1 
-50.29 -50.23 -580.75 1 1 
-45.59 -58.84 -572.20 1 1 
-48.22 -52.43 -556.95 1 1 
-49.44 -52.55 -583.74 1 1 
-45.65 -58.78 -567.32 1 1 
-50.17 -49.62 -562.19 1 1 
-47.61 -55.91 -584.17 1 1 
-47.00 -57.01 -559.27 1 1 
-50.29 -48.58 -571.35 1 1 
-47.30 -56.27 -581.91 1 1 
-47.00 -57.80 -569.40 1 1 
-49.13 -51.09 -563.11 1 1 
-49.13 -52.86 -583.68 1 1 
-46.26 -57.68 -574.71 1 1 
-47.49 -54.57 -563.84 1 1 
-49.99 -49.50 -581.97 1 1 
-46.75 -57.98 -580.93 1 1 
-47.30 -54.14 -558.65 1 1 
-49.93 -50.35 -580.32 1 1 
-46.51 -58.96 -572.39 1 1 
-47.97 -52.80 -557.74 1 1 
-49.62 -50.96 -581.85 1 1 
-46.26 -59.39 -572.81 1 1 
-47.79 -52.12 -556.15 1 1 
-49.99 -51.39 -582.70 1 1 
-46.26 -58.53 -575.13 1 1 
-48.03 -54.26 -559.75 1 1 
-50.11 -49.62 -579.77 1 1 
-46.69 -58.78 -576.42 1 1 
-47.24 -53.96 -559.81 1 1 
-50.17 -50.78 -585.75 1 1 
-46.51 -58.90 -577.88 1 1 
-47.06 -54.14 -557.25 1 1 
-49.68 -49.68 -580.08 1 1 
-46.63 -58.78 -580.08 1 1 
-47.49 -53.65 -557.56 1 1 
-50.54 -50.96 -581.48 1 1 
-47.36 -58.72 -580.63 1 1 
-47.00 -55.30 -563.17 1 1 
-49.74 -48.71 -578.19 1 1 
-47.00 -58.47 -579.77 1 1 
-46.81 -56.82 -561.04 1 1 
-50.54 -49.19 -571.90 1 1 
-47.85 -56.15 -584.41 1 1 
-46.81 -57.62 -563.23 1 1 
-49.44 -48.65 -567.02 1 1 
-48.16 -56.46 -583.86 1 1 
-46.57 -57.37 -561.28 1 1 
-50.17 -48.89 -570.01 1 1 
-47.06 -57.62 -580.99 1 1 
-47.12 -56.88 -559.02 1 1 
-50.72 -48.77 -570.25 1 1 
-47.85 -56.64 -583.13 1 1 
-46.57 -57.68 -561.40 1 1 
-50.11 -49.80 -568.97 1 1 
-47.49 -56.52 -582.40 1 1 
-46.69 -57.01 -562.50 1 1 
-50.23 -48.71 -568.42 1 1 
-46.88 -57.31 -587.95 1 1 
-46.26 -57.31 -563.96 1 1 
-49.99 -48.65 -571.17 1 1 
-47.24 -56.40 -584.90 1 1 
-46.88 -57.07 -562.99 1 1 
-50.35 -49.07 -572.33 1 1 
-47.61 -57.68 -584.29 1 1 
-47.06 -56.88 -561.22 1 1 
-50.11 -48.89 -576.29 1 1 
-46.75 -57.80 -580.87 1 1 
-46.81 -55.79 -559.14 1 1 
-50.23 -49.56 -578.80 1 1 
-46.81 -58.17 -577.58 1 1 
-47.00 -54.75 -558.96 1 1 
-50.29 -49.56 -579.83 1 1 
-46.45 -59.08 -577.09 1 1 
-47.06 -54.26 -557.98 1 1 
-49.80 -49.99 -576.72 1 1 
-47.49 -55.73 -586.00 1 1 
-46.63 -58.17 -573.49 1 1 
-49.32 -50.17 -562.56 1 1 
-48.71 -54.50 -585.88 1 1 
-46.39 -59.14 -566.83 1 1 
-49.93 -49.68 -561.58 1 1 
-49.01 -54.75 -586.36 1 1 
-46.45 -58.29 -568.97 1 1 
-49.44 -50.11 -564.94 1 1 
-48.16 -54.08 -585.88 1 1 
-46.26 -57.98 -568.42 1 1 
-49.07 -51.51 -561.65 1 1 
-49.68 -51.94 -584.59 1 1 
-46.57 -58.59 -577.03 1 1 
-47.97 -54.93 -559.45 1 1 
-50.35 -50.23 -579.77 1 1 
-47.30 -58.11 -577.70 1 1 
-46.63 -56.21 -562.38 1 1 
-49.56 -49.68 -572.88 1 1 
-48.58 -56.09 -586.67 1 1 
-46.45 -58.17 -563.96 1 1 
-50.23 -49.01 -566.59 1 1 
-47.61 -56.27 -584.17 1 1 
-47.12 -57.07 -561.16 1 1 
-49.93 -48.58 -572.45 1 1 
-47.97 -58.04 -580.99 1 1 
-47.24 -56.52 -559.14 1 1 
-50.11 -49.19 -573.12 1 1 
-47.73 -57.62 -584.23 1 1 
-46.20 -57.68 -562.56 1 1 
-50.29 -49.19 -567.81 1 1 
-47.85 -55.73 -585.75 1 1 
-46.26 -57.37 -572.51 1 1 
-49.07 -52.61 -562.74 1 1 
-50.17 -52.49 -585.33 1 1 
-46.39 -59.33 -569.89 1 1 
-48.03 -51.57 -559.33 1 1 
-49.32 -52.25 -584.05 1 1 
-46.08 -58.90 -573.30 1 1 
-48.16 -51.64 -558.59 1 1 
-49.44 -52.25 -583.62 1 1 
-46.08 -58.84 -572.57 1 1 
-48.28 -51.51 -557.74 1 1 
-48.89 -53.53 -585.02 1 1 
-46.02 -59.33 -567.50 1 1 
-49.50 -49.68 -561.46 1 1 
-48.03 -55.73 -587.22 1 1 
-47.00 -58.59 -562.93 1 1 
-49.68 -48.89 -568.12 1 1 
-47.06 -57.25 -583.98 1 1 
-46.57 -56.34 -558.53 1 1 
-50.84 -49.68 -576.42 1 1 
-46.45 -58.53 -578.43 1 1 
-47.12 -53.96 -556.82 1 1 
-49.26 -50.78 -581.79 1 1 
-47.18 -58.96 -574.77 1 1 
-47.61 -55.24 -559.94 1 1 
-49.68 -49.74 -576.72 1 1 
-47.73 -55.66 -582.89 1 1 
-46.69 -57.37 -572.69 1 1 
-47.61 -53.28 -568.97 1 1 
-49.74 -49.68 -581.24 1 1 
-47.79 -54.93 -587.65 1 1 
-46.33 -57.68 -572.45 1 1 
-47.49 -53.28 -562.32 1 1 
-50.35 -50.96 -581.30 1 1 
-47.18 -56.15 -586.18 1 1 
-46.26 -57.80 -575.13 1 1 
-48.58 -53.71 -566.28 1 1 
-49.56 -50.29 -577.64 1 1 
-48.10 -54.44 -588.68 1 1 
-46.94 -57.68 -578.80 1 1 
-46.88 -55.91 -570.43 1 1 
-47.55 -53.71 -633.06 1 0 
-48.77 -52.25 -1007.57 1 0 
-47.18 -54.69 -1019.04 1 0 
-47.79 -53.89 -1019.04 1 0 
-48.28 -54.63 -1018.62 1 0 
-47.55 -54.69 -1019.04 1 0 
-47.67 -54.50 -1018.68 1 0 
-48.28 -54.57 -1018.55 1 0 
-47.42 -55.05 -1019.23 1 0 
-47.73 -54.20 -1018.92 1 0 
-47.49 -54.63 -1018.68 1 0 
-47.55 -54.63 -1019.17 1 0 
-48.03 -55.05 -1018.68 1 0 
-48.28 -54.57 -1018.86 1 0 
-47.36 -55.11 -1018.55 1 0 
-47.36 -54.57 -1019.29 1 0 
-48.40 -55.05 -1018.49 1 0 
-47.97 -54.32 -1018.55 1 0 
-47.97 -54.69 -1018.68 1 0 
-47.55 -54.63 -1018.31 1 0 
-47.61 -55.11 -1018.62 1 0 
-48.03 -54.99 -1018.49 1 0 
-47.73 -54.38 -1018.92 1 0 
-47.36 -54.57 -1018.92 1 0 
-48.16 -54.69 -1018.68 1 0 
-47.73 -54.44 -1018.86 1 0 
-47.67 -54.69 -1018.37 1 0 
-47.36 -54.32 -1019.41 1 0 
-48.22 -54.63 -1018.92 1 0 
-48.03 -54.93 -1018.98 1 0 
-47.85 -54.69 -1018.98 0 0 
-47.97 -54.99 -1019.10 0 0 
-48.16 -54.57 -1018.62 0 0 
-47.79 -54.81 -1018.68 0 0 
-47.61 -54.38 -1018.68 0 0 
-47.55 -54.63 -1018.74 0 0 
-47.97 -54.93 -1018.80 0 0 
-47.85 -54.99 -1019.04 0 0 
-47.73 -54.99 -1018.80 0 0 
-47.97 -54.69 -1019.04 0 0 
-47.55 -54.75 -1018.62 0 0 
-48.34 -54.81 -1018.74 0 0 
-48.28 -54.69 -1019.17 0 0 
-48.28 -54.63 -1019.17 0 0 
-48.46 -54.50 -1018.86 0 0 
-47.49 -55.11 -1018.49 0 0 
-47.61 -54.75 -1018.74 0 0 
-47.67 -54.99 -1018.43 0 0 
-48.10 -55.11 -1018.86 0 0 
-47.67 -54.75 -1018.74 0 0 
-47.85 -54.57 -1018.49 0 0 
-47.73 -54.75 -1018.55 0 0 
-47.85 -54.63 -1018.62 0 0 
-47.49 -54.69 -1018.68 0 0 
-47.91 -54.75 -1018.55 0 0 
-47.97 -55.05 -1018.74 0 0 
-47.91 -54.57 -1019.04 0 0 
-48.10 -54.63 -1018.92 0 0 
-48.28 -54.02 -1018.55 0 0 
-47.49 -54.69 -1018.49 0 0 
-47.79 -55.05 -1018.55 0 0 
-47.55 -54.75 -1018.68 0 0 
-48.34 -54.87 -1019.17 0 0 
-47.91 -54.81 -1018.68 0 0 
-48.22 -55.11 -1019.04 0 0 
-47.67 -55.36 -1018.37 0 0 
-48.10 -54.26 -1018.92 0 0 
-48.16 -54.81 -1018.80 0 0 
-48.40 -55.11 -1019.04 0 0 
-48.22 -54.69 -1018.92 0 0 
-47.73 -54.63 -1018.92 0 0 
-47.85 -54.75 -1018.92 0 0 
-47.85 -54.57 -1018.80 0 0 
-47.91 -54.50 -1018.92 0 0 
-47.61 -54.75 -1018.43 0 0 
-47.97 -54.69 -1018.74 0 0 
-48.16 -54.99 -1018.86 0 0 
-48.10 -54.87 -1018.62 0 0 
-47.97 -54.57 -1018.68 0 0 
-48.03 -54.57 -1018.68 0 0 
-47.79 -54.87 -1018.37 0 0 
-47.24 -54.81 -1018.68 0 0 
-47.61 -54.99 -1018.68 0 0 
-47.67 -54.75 -1018.68 0 0 
-47.55 -54.63 -1018.92 0 0 
-47.67 -54.81 -1019.35 0 0 
-48.28 -54.57 -1018.92 0 0 
-48.16 -54.87 -1018.92 0 0 
-48.40 -54.44 -1018.80 0 0 
-48.03 -54.57 -1018.25 0 0 
-48.16 -54.93 -1018.62 0 0 
-48.10 -54.44 -1018.37 0 0 
-48.28 -54.99 -1018.31 0 0 
-47.55 -54.57 -1018.80 0 0 
-47.97 -54.50 -1018.92 0 0 
-47.67 -54.50 -1018.37 0 0 
-47.67 -55.11 -1019.84 0 0 
-48.03 -54.69 -1019.23 0 0 
-47.97 -54.69 -1018.31 0 0 
-48.16 -54.81 -1019.59 0 0 
-47.30 -54.81 -1018.68 0 0 
-48.10 -55.30 -1018.31 0 0 
-48.10 -54.69 -1018.98 0 0 
-47.12 -55.05 -1019.10 0 0 
-47.49 -54.93 -1018.62 0 0 
-47.55 -54.93 -1018.13 0 0 
-47.91 -54.99 -1018.68 0 0 
-48.10 -54.44 -1019.10 0 0 
-47.97 -54.38 -1018.49 0 0 
-48.16 -54.99 -1019.04 0 0 
-47.79 -54.99 -1018.68 0 0 
-47.61 -54.32 -1018.98 0 0 
-48.03 -55.30 -1018.74 0 0 
-47.55 -55.30 -1018.86 0 0 
-47.30 -54.57 -1018.80 0 0 
-47.79 -54.44 -1018.68 0 0 
-47.91 -55.11 -1018.43 0 0 
-47.61 -54.81 -1018.68 0 0 
-47.30 -54.93 -1018.98 0 0 
-47.61 -55.05 -1018.92 0 0 
-47.61 -54.38 -1018.74 0 0 
-47.85 -55.30 -1018.55 0 0 
-47.67 -54.57 -1018.31 0 0 
-47.79 -55.24 -1018.19 0 0 
-47.85 -54.32 -1019.23 0 0 
-48.28 -54.69 -1018.31 0 0 
-47.79 -55.05 -1018.92 0 0 
-47.97 -54.81 -1018.80 0 0 
-47.79 -55.30 -1018.62 0 0 
-47.97 -55.24 -1019.04 0 0 
-48.40 -54.26 -1018.68 0 0 
-48.46 -54.81 -1018.92 0 0 
-47.73 -54.81 -1018.55 0 0 
-47.91 -55.24 -1018.55 0 0 
-47.18 -54.44 -1018.49 0 0 
-47.67 -54.75 -1018.43 0 0 
-48.10 -54.69 -1019.17 0 0 
-47.91 -54.87 -1018.68 0 0 
-47.73 -54.08 -1019.17 0 0 
-47.91 -54.75 -1018.92 0 0 
-48.10 -54.69 -1019.41 0 0 
-47.85 -54.99 -1019.04 0 0 
-47.79 -55.24 -1018.62 0 0 
-47.49 -55.05 -1019.04 0 0 
-47.49 -55.05 -1018.55 0 0 
-47.73 -54.38 -1018.74 0 0 
-47.73 -54.69 -1018.92 0 0 
-47.49 -54.87 -1018.68 0 0 
-48.03 -55.48 -1019.17 0 0 
-47.91 -54.87 -1018.74 0 0 
-47.55 -54.87 -1018.74 0 0 
-47.85 -55.05 -1019.35 0 0 
-47.73 -55.05 -1018.49 0 0 
-48.16 -54.81 -1018.92 0 0 
-48.22 -54.87 -1018.49 0 0 
-48.22 -54.99 -1018.86 0 0 
-47.49 -54.57 -1018.98 0 0 
-47.85 -54.63 -1018.62 0 0 
-47.91 -55.24 -1018.55 0 0 
-48.16 -55.24 -1018.98 0 0 
-47.97 -54.75 -1018.92 0 0 
-47.73 -54.63 -1018.37 0 0 
-47.24 -54.93 -1018.74 0 0 
-47.97 -54.81 -1018.68 0 0 
-47.73 -54.81 -1018.55 0 0 
-47.73 -55.24 -1018.55 0 0 
-47.55 -54.93 -1018.31 0 0 
-48.34 -54.99 -1018.86 0 0 
-48.10 -54.69 -1018.55 0 0 
-47.85 -55.24 -1018.74 0 0 
-47.61 -54.99 -1018.68 0 0 
-47.85 -54.50 -1018.49 0 0 
-47.67 -55.05 -1018.98 0 0 
-47.42 -54.75 -1018.07 0 0 
-47.73 -54.75 -1018.86 0 0 
-48.40 -54.99 -1019.59 0 0 
-48.10 -54.75 -1019.04 0 0 
-47.97 -55.11 -1018.74 0 0 
-48.52 -54.87 -1019.65 0 0 
-47.79 -55.05 -1018.68 0 0 
-48.28 -55.24 -1018.37 0 0 
-48.03 -54.81 -1018.74 0 0 
-47.55 -54.57 -1018.68 0 0 
-48.10 -55.05 -1018.43 0 0 
-47.97 -54.81 -1018.31 0 0 
-48.58 -54.87 -1018.80 0 0 
-47.97 -54.93 -1019.47 0 0 
-48.10 -54.99 -1018.74 0 0 
-48.16 -54.81 -1018.86 0 0 
-47.55 -54.81 -1018.74 0 0 
-47.67 -54.87 -1019.10 0 0 
-48.40 -54.38 -1018.74 0 0 
-47.18 -54.63 -1019.17 0 0 
-47.55 -54.87 -1019.35 0 0 
-47.42 -54.69 -1018.31 0 0 
-48.34 -54.93 -1018.80 0 0 
-47.73 -54.75 -1019.17 0 0 
-48.10 -54.87 -1018.92 0 0 
-47.61 -54.63 -1018.31 0 0 
-47.97 -54.93 -1019.04 0 0 
-47.91 -55.11 -1018.86 0 0 
-47.79 -55.18 -1019.35 0 0 
-47.61 -54.87 -1018.74 0 0 
-47.97 -54.38 -1017.94 0 0 
-47.61 -55.11 -1019.78 0 0 
-48.22 -55.66 -1018.19 0 0 
-47.85 -55.24 -1018.49 0 0 
-47.55 -54.99 -1018.86 0 0 
-48.10 -54.99 -1018.43 0 0 
-48.40 -55.48 -1019.84 0 0 
-47.73 -55.30 -1018.68 0 0 
-47.67 -54.81 -1018.74 0 0 
-48.03 -54.38 -1017.94 0 0 
-47.97 -54.87 -1018.13 0 0 
-47.91 -55.05 -1018.62 0 0 
-48.34 -55.36 -1018.74 0 0 
-47.91 -55.11 -1018.55 0 0 
-47.91 -55.18 -1018.92 0 0 
-47.49 -54.99 -1018.62 0 0 
-47.49 -54.63 -1019.23 0 0 
-47.67 -55.36 -1018.37 0 0 
-48.22 -55.05 -1018.86 0 0 
-47.67 -54.99 -1018.19 0 0 
-47.79 -54.75 -1018.68 0 0 
-47.85 -54.81 -1018.62 0 0 
-47.97 -55.18 -1018.31 0 0 
-48.40 -55.11 -1018.49 0 0 
-47.61 -55.24 -1018.80 0 0 
-47.30 -55.11 -1018.68 0 0 
-47.55 -55.30 -1019.04 0 0 
-47.85 -54.81 -1018.80 0 0 
-47.97 -54.57 -1018.43 0 0 
-47.73 -55.05 -1019.10 0 0 
-48.16 -54.57 -1018.74 0 0 
-47.00 -54.99 -1018.55 0 0 
-47.85 -54.75 -1018.19 0 0 
-47.73 -54.81 -1018.43 0 0 
-47.73 -54.87 -1018.31 0 0 
-47.73 -55.05 -1019.23 0 0 
-47.73 -54.69 -1018.49 0 0 
-48.03 -54.81 -1018.25 0 0 
-47.73 -55.24 -1018.74 0 0 
-48.22 -55.18 -1018.31 0 0 
-48.77 -54.93 -1018.25 0 0 
-48.10 -54.63 -1018.62 0 0 
-48.22 -55.11 -1018.80 0 0 
-48.16 -55.05 -1018.92 0 0 
-47.49 -55.18 -1018.25 0 0 
-47.79 -54.93 -1018.13 0 0 
-47.91 -54.87 -1019.10 0 0 
-47.42 -55.11 -1018.74 0 0 
-48.52 -55.42 -1018.68 0 0 
-48.03 -54.93 -1018.62 0 0 
-48.03 -54.69 -1019.35 0 0 
-48.46 -55.11 -1018.62 0 0 
-47.79 -54.99 -1018.80 0 0 
-48.28 -54.93 -1018.68 0 0 
-48.16 -55.11 -1018.62 0 0 
-48.22 -54.93 -1018.43 0 0 
-48.10 -55.42 -1018.62 0 0 
-47.42 -54.69 -1018.25 0 0 
-47.49 -54.93 -1018.49 0 0 
-48.34 -54.99 -1018.37 0 0 
-48.03 -54.87 -1018.74 0 0 
-48.03 -54.81 -1018.49 0 0 
-48.22 -55.48 -1018.43 0 0 
-47.91 -55.05 -1018.80 0 0 
-48.22 -54.87 -1018.43 0 0 
-47.91 -54.57 -1018.49 0 0 
-48.16 -54.99 -1018.74 0 0 
-48.03 -54.99 -1019.17 0 0 
-47.79 -54.99 -1018.68 0 0 
-47.91 -55.24 -1018.92 0 0 
-47.73 -55.36 -1018.43 0 0 
-47.73 -55.36 -1018.98 0 0 
-48.03 -55.42 -1018.74 0 0 
-47.79 -55.60 -1018.55 0 0 
-47.79 -54.63 -1018.74 0 0 
-47.73 -55.11 -1018.74 0 0 
-47.30 -54.63 -1018.80 0 0 
-47.73 -55.05 -1018.25 0 0 
-48.10 -55.24 -1018.92 0 0 
-47.85 -54.81 -1018.86 0 0 
-47.55 -55.24 -1018.62 0 0 
-48.40 -54.57 -1019.35 0 0 
-47.91 -55.11 -1018.98 0 0 
-47.67 -54.87 -1018.01 0 0 
-47.73 -54.99 -1019.41 0 0 
-47.79 -54.93 -1018.13 0 0 
-47.73 -54.93 -1018.80 0 0 
-47.79 -54.87 -1018.55 0 0 
-47.97 -55.48 -1018.68 0 0 
-47.91 -54.87 -1018.74 0 0 
-48.28 -55.30 -1018.80 0 0 
-47.97 -55.11 -1018.92 0 0 
-47.85 -54.93 -1018.19 0 0 
-47.79 -54.38 -1019.17 0 0 
-47.97 -54.75 -1018.98 0 0 
-47.49 -55.05 -1018.62 0 0 
-47.12 -55.30 -1019.41 0 0 
-47.67 -55.05 -1018.31 0 0 
-47.91 -55.11 -1018.31 0 0 
-47.97 -54.75 -1018.49 0 0 
-48.16 -55.36 -1018.68 0 0 
-47.91 -55.05 -1018.13 0 0 
-47.67 -54.87 -1018.92 0 0 
-48.03 -54.57 -1018.74 0 0 
-47.61 -54.81 -1018.68 0 0 
-47.73 -55.11 -1017.88 0 0 
-48.34 -54.81 -1019.41 0 0 
-47.79 -54.99 -1019.04 0 0 
-47.24 -55.36 -1017.82 0 0 
-48.03 -55.11 -1019.71 0 0 
-47.67 -55.05 -1018.62 0 0 
-47.97 -55.42 -1017.82 0 0 
-48.16 -55.24 -1019.29 0 0 
-47.91 -55.18 -1018.80 0 0 
-47.85 -55.24 -1018.49 0 0 
-47.61 -54.99 -1018.80 0 0 
-47.61 -54.32 -1017.82 0 0 
-47.97 -54.87 -1018.68 0 0 
-47.61 -55.36 -1018.74 0 0 
-47.67 -54.69 -1018.98 0 0 
-47.00 -55.05 -1019.04 0 0 
-47.79 -54.75 -1018.74 0 0 
-47.55 -54.93 -1018.62 0 0 
-47.49 -54.75 -1018.98 0 0 
-48.34 -54.63 -1018.86 0 0 
-48.40 -55.18 -1018.92 0 0 
-48.22 -54.99 -1018.74 0 0 
-48.22 -55.24 -1018.55 0 0 
-48.03 -55.42 -1018.86 0 0 
-47.97 -55.36 -1018.86 0 0 
-47.61 -55.48 -1018.92 0 0 
-48.16 -55.30 -1019.17 0 0 
-47.67 -55.18 -1018.19 0 0 
-48.22 -55.18 -1019.17 0 0 
-47.67 -55.60 -1018.62 0 0 
-47.61 -55.18 -1018.98 0 0 
-47.61 -55.18 -1019.10 0 0 
-47.49 -55.05 -1018.13 0 0 
-47.12 -55.18 -1018.55 0 0 
-47.36 -55.42 -1019.10 0 0 
-47.42 -55.36 -1019.23 0 0 
-47.30 -55.05 -1018.55 0 0 
-47.73 -55.48 -1019.17 0 0 
-47.91 -55.24 -1018.68 0 0 
-47.91 -55.05 -1018.55 0 0 
-47.42 -54.99 -1018.62 0 0 
-47.61 -55.24 -1019.65 0 0 
-47.49 -55.30 -1018.07 0 0 
-48.03 -54.99 -1019.23 0 0 
-47.85 -54.99 -1018.92 0 0 
-47.36 -54.87 -1018.37 0 0 
-47.18 -54.69 -1017.76 0 0 
-47.55 -54.99 -1020.20 0 0 
-48.10 -55.24 -1018.55 0 0 
-48.03 -55.05 -1019.23 0 0 
-47.91 -55.30 -1018.86 0 0 
-47.91 -55.18 -1019.78 0 0 
-47.91 -55.18 -1018.37 0 0 
-47.49 -54.99 -1018.37 0 0 
-48.40 -54.93 -1018.74 0 0 
-47.49 -55.30 -1018.74 0 0 
-47.49 -54.93 -1019.10 0 0 
-47.79 -54.81 -1018.92 0 0 
-47.85 -55.18 -1018.80 0 0 
-48.10 -55.30 -1019.17 0 0 
-48.22 -55.30 -1018.68 0 0 
-47.73 -55.11 -1018.92 0 0 
-48.03 -55.05 -1018.98 0 0 
-47.85 -55.36 -1018.98 0 0 
-47.67 -55.36 -1018.62 0 0 
-47.55 -54.99 -1018.25 0 0 
-47.73 -55.24 -1018.74 0 0 
-47.73 -55.24 -1018.80 0 0 
-48.22 -55.66 -1018.74 0 0 
-47.49 -55.30 -1019.10 0 0 
-48.22 -55.60 -1018.68 0 0 
-48.16 -55.18 -1018.74 0 0 
-47.49 -55.11 -1019.04 0 0 
-47.42 -55.18 -1018.74 0 0 
-47.91 -55.42 -1019.04 0 0 
-47.91 -54.69 -1019.35 0 0 
-47.91 -55.30 -1018.43 0 0 
-47.73 -55.73 -1018.49 0 0 
-48.03 -55.48 -1018.43 0 0 
-47.85 -54.93 -1018.80 0 0 
-47.55 -55.30 -1019.04 0 0 
-47.79 -55.36 -1019.04 0 0 
-47.97 -54.44 -1019.35 0 0 
-48.03 -55.05 -1019.23 0 0 
-47.42 -55.54 -1018.49 0 0 
-48.28 -55.42 -1018.62 0 0 
-47.97 -55.36 -1018.55 0 0 
-48.16 -54.99 -1018.86 0 0 
-47.85 -55.11 -1018.80 0 0 
-47.67 -54.93 -1018.49 0 0 
-47.24 -54.93 -1018.55 0 0 
-47.97 -55.05 -1019.17 0 0 
-47.91 -55.24 -1018.25 0 0 
-47.85 -55.24 -1019.10 0 0 
-47.79 -55.42 -1019.29 0 0 
-47.42 -55.24 -1018.80 0 0 
-47.79 -54.87 -1019.04 0 0 
-47.49 -54.87 -1018.68 0 0 
-47.73 -55.11 -1018.80 0 0 
-47.79 -55.24 -1018.62 0 0 
-47.79 -54.87 -1018.98 0 0 
-48.10 -55.54 -1019.10 0 0 
-48.03 -54.99 -1018.98 0 0 
-47.42 -54.93 -1018.86 0 0 
-47.73 -55.36 -1018.98 0 0 
-47.73 -54.93 -1018.43 0 0 
-47.61 -55.30 -1018.68 0 0 
-48.10 -55.36 -1018.80 0 0 
-48.16 -54.93 -1018.49 0 0 
-48.10 -54.87 -1019.04 0 0 
-47.67 -54.99 -1018.80 0 0 
-47.91 -55.30 -1019.53 0 0 
-47.85 -55.42 -1018.55 0 0 
-47.79 -55.11 -1018.07 0 0 
-47.73 -55.30 -1019.23 0 0 
-47.61 -55.11 -1018.86 0 0 
-47.85 -55.05 -1018.86 0 0 
-47.73 -55.11 -1018.68 0 0 
-47.73 -55.42 -1018.62 0 0 
-47.91 -55.24 -1019.17 0 0 
-47.49 -54.87 -1018.80 0 0 
-47.85 -54.87 -1018.49 0 0 
-47.79 -55.18 -1018.68 0 0 
-48.16 -55.05 -1018.13 0 0 
-48.03 -55.54 -1018.37 0 0 
-47.36 -54.87 -1018.92 0 0 
-47.73 -55.79 -1018.98 0 0 
-47.61 -54.81 -1018.92 0 0 
-47.91 -55.30 -1018.98 0 0 
-47.49 -55.42 -1018.74 0 0 
-47.79 -55.42 -1018.43 0 0 
-47.24 -54.81 -1018.62 0 0 
-46.88 -55.11 -1018.68 0 0 
-46.81 -55.42 -1018.68 0 0 
-47.49 -55.18 -1018.74 0 0 
-48.16 -54.87 -1018.92 0 0 
-47.97 -55.36 -1018.13 0 0 
-47.85 -55.60 -1018.68 0 0 
-47.97 -55.54 -1018.43 0 0 
-48.03 -54.63 -1018.86 0 0 
-47.73 -55.36 -1019.17 0 0 
-47.67 -55.48 -1018.37 0 0 
-47.79 -55.48 -1018.07 0 0 
-47.49 -55.54 -1018.55 0 0 
-47.79 -55.36 -1018.19 0 0 
-47.61 -55.66 -1018.92 0 0 
-48.28 -55.54 -1018.98 0 0 
-48.28 -55.42 -1018.74 0 0 
-48.03 -55.30 -1018.74 0 0 
-47.67 -55.66 -1018.62 0 0 
-47.79 -55.48 -1018.43 0 0 
-48.03 -55.30 -1018.80 0 0 
-48.03 -55.36 -1018.37 0 0 
-48.10 -55.36 -1018.25 0 0 
-47.85 -55.66 -1018.80 0 0 
-48.16 -55.91 -1018.74 0 0 
-47.67 -55.18 -1018.49 0 0 
-47.67 -55.42 -1018.31 0 0 
-48.28 -55.24 -1018.80 0 0 
-47.55 -55.18 -1018.55 0 0 
-47.79 -55.05 -1018.98 0 0 
-47.67 -54.93 -1018.37 0 0 
-47.91 -55.42 -1018.55 0 0 
-48.34 -55.30 -1018.62 0 0 
-48.65 -55.18 -1018.98 0 0 
-47.73 -55.60 -1018.62 0 0 
-47.85 -55.48 -1019.17 0 0 
-47.67 -54.99 -1018.86 0 0 
-47.91 -55.48 -1018.68 0 0 
-47.85 -55.11 -1017.82 0 0 
-47.97 -55.30 -1019.96 0 0 
-47.61 -55.42 -1019.10 0 0 
-47.67 -54.81 -1018.98 0 0 
-47.55 -55.11 -1018.31 0 0 
-47.91 -55.36 -1018.74 0 0 
-48.16 -55.73 -1018.43 0 0 
-47.55 -54.63 -1018.74 0 0 
-48.03 -55.18 -1019.47 0 0 
-48.03 -55.36 -1018.80 0 0 
-48.52 -55.30 -1018.43 0 0 
-47.36 -55.42 -1018.62 0 0 
-48.34 -55.36 -1018.49 0 0 
-47.91 -55.24 -1018.80 0 0 
-48.03 -54.93 -1018.37 0 0 
-48.03 -55.36 -1018.43 0 0 
-47.85 -55.30 -1018.74 0 0 
-48.03 -54.93 -1018.86 0 0 
-48.77 -55.18 -1019.23 0 0 
-48.03 -55.48 -1019.17 0 0 
-48.28 -55.60 -1019.29 0 0 
-48.22 -55.73 -1018.68 0 0 
-47.85 -55.42 -1018.98 0 0 
-47.79 -54.99 -1018.68 0 0 
-48.28 -55.42 -1019.17 0 0 
-47.79 -55.11 -1019.10 0 0 
-48.28 -55.42 -1018.43 0 0 
-47.91 -55.05 -1018.86 0 0 
-47.85 -55.60 -1018.86 0 0 
-48.22 -55.42 -1018.68 0 0 
-48.40 -55.54 -1018.98 0 0 
-47.61 -55.30 -1019.10 0 0 
-48.16 -55.05 -1019.17 0 0 
-47.91 -55.48 -1019.10 0 0 
-48.28 -55.48 -1018.74 0 0 
-48.16 -55.18 -1019.23 0 0 
-47.49 -54.69 -1018.43 0 0 
-47.61 -55.11 -1018.55 0 0 
-47.91 -55.36 -1019.04 0 0 
-48.46 -55.48 -1019.04 0 0 
-47.30 -55.66 -1018.19 0 0 
-47.73 -55.79 -1018.68 0 0 
-47.24 -55.54 -1018.92 0 0 
-47.79 -55.42 -1018.62 0 0 
-48.03 -54.69 -1018.55 0 0 
-47.73 -55.11 -1018.68 0 0 
-48.52 -55.48 -1018.25 0 0 
-47.55 -55.73 -1019.29 0 0 
-47.55 -55.30 -1018.49 0 0 
-47.73 -55.18 -1018.80 0 0 
-47.55 -55.42 -1018.37 0 0 
-48.16 -55.66 -1019.17 0 0 
-47.97 -55.54 -1018.68 0 0 
-48.16 -55.66 -1018.37 0 0 
-48.03 -54.93 -1018.43 0 0 
-48.28 -55.73 -1018.55 0 0 
-47.97 -55.48 -1018.37 0 0 
-48.10 -56.21 -1018.98 0 0 
-47.91 -56.15 -1019.04 0 0 
-48.34 -55.66 -1018.13 0 0 
-47.42 -55.85 -1018.55 0 0 
-47.91 -55.30 -1018.07 0 0 
-48.22 -55.42 -1018.74 0 0 
-47.85 -55.66 -1019.35 0 0 
-48.10 -55.36 -1018.74 0 0 
-47.91 -55.42 -1018.62 0 0 
-48.16 -55.05 -1018.43 0 0 
-48.10 -55.42 -1018.86 0 0 
-48.10 -55.60 -1019.04 0 0 
-47.91 -55.05 -1019.04 0 0 
-47.36 -54.81 -1018.62 0 0 
-48.28 -55.73 -1018.74 0 0 
-47.61 -55.60 -1018.98 0 0 
-48.34 -55.48 -1018.37 0 0 
-48.46 -55.73 -1019.29 0 0 
-47.79 -55.42 -1018.86 0 0 
-47.79 -55.11 -1018.92 0 0 
-47.91 -55.18 -1018.98 0 0 
-48.40 -55.85 -1019.10 0 0 
-47.91 -55.48 -1018.86 0 0 
-47.91 -55.24 -1018.68 0 0 
-47.73 -55.60 -1018.74 0 0 
-47.18 -55.54 -1018.37 0 0 
-47.79 -55.85 -1018.80 0 0 
-47.55 -55.42 -1019.10 0 0 
-48.28 -55.54 -1018.62 0 0 
-47.18 -55.42 -1017.88 0 0 
-48.10 -55.42 -1019.04 0 0 
-48.03 -55.66 -1018.86 0 0 
-47.24 -55.73 -1018.92 0 0 
-47.91 -55.85 -1018.31 0 0 
-47.97 -55.60 -1018.74 0 0 
-47.73 -55.60 -1018.68 0 0 
-48.16 -55.11 -1018.80 0 0 
-47.85 -55.05 -1018.74 0 0 
-47.85 -55.42 -1018.43 0 0 
-47.61 -55.05 -1019.10 0 0 
-47.30 -55.11 -1018.86 0 0 
-47.91 -55.11 -1019.23 0 0 
-47.79 -55.42 -1018.31 0 0 
-47.91 -55.79 -1018.86 0 0 
-47.85 -55.48 -1018.98 0 0 
-47.55 -54.69 -1019.04 0 0 
-48.16 -55.60 -1018.55 0 0 
-47.91 -55.24 -1018.98 0 0 
-47.79 -55.42 -1018.92 0 0 
-48.10 -55.36 -1019.17 0 0 
-47.91 -55.60 -1018.92 0 0 
-47.67 -55.42 -1018.62 0 0 
-48.40 -55.05 -1018.74 0 0 
-48.34 -55.48 -1018.68 0 0 
-47.73 -55.66 -1018.92 0 0 
-47.36 -55.11 -1019.17 0 0 
-48.10 -54.93 -1018.98 0 0 
-48.10 -55.66 -1018.80 0 0 
-47.67 -55.48 -1018.68 0 0 
-47.61 -54.99 -1018.80 0 0 
-47.42 -54.99 -1018.74 0 0 
-47.73 -55.48 -1018.49 0 0 
-47.67 -55.42 -1018.80 0 0 
-48.03 -55.48 -1018.43 0 0 
-47.36 -55.66 -1019.35 0 0 
-47.18 -55.42 -1018.19 0 0 
-47.67 -54.87 -1018.80 0 0 
-47.49 -54.99 -1018.62 0 0 
-47.73 -54.93 -1019.10 0 0 
-47.30 -54.93 -1019.41 0 0 
-47.67 -54.87 -1018.92 0 0 
-47.91 -55.36 -1018.74 0 0 
-48.16 -55.42 -1017.88 0 0 
-47.91 -54.63 -1018.01 0 0 
-47.36 -55.60 -1018.80 0 0 
-47.91 -55.05 -1018.80 0 0 
-47.73 -55.11 -1018.80 0 0 
-48.03 -55.11 -1018.49 0 0 
-47.85 -55.42 -1019.23 0 0 
-47.73 -55.36 -1018.98 0 0 
-47.73 -55.42 -1018.43 0 0 
-47.97 -55.48 -1018.74 0 0 
-47.30 -55.18 -1018.43 0 0 
-47.12 -55.11 -1018.68 0 0 
-47.12 -54.93 -1018.31 0 0 
-47.97 -55.48 -1018.98 0 0 
-47.73 -55.30 -1018.80 0 0 
-47.36 -55.11 -1018.37 0 0 
-47.55 -54.93 -1018.43 0 0 
-47.79 -55.30 -1018.37 0 0 
-48.34 -55.42 -1018.80 0 0 
-47.85 -55.54 -1018.37 0 0 
-48.10 -54.99 -1018.49 0 0 
-47.97 -55.05 -1018.13 0 0 
-47.61 -55.60 -1018.55 0 0 
-48.28 -55.11 -1018.62 0 0 
-48.10 -55.36 -1018.31 0 0 
-47.49 -55.48 -1018.49 0 0 
-48.16 -55.05 -1018.62 0 0 
-47.67 -55.42 -1018.37 0 0 
-48.16 -55.48 -1018.74 0 0 
-47.24 -55.79 -1018.68 0 0 
-47.97 -55.36 -1018.86 0 1 
-47.55 -54.81 -1019.65 0 1 
-47.42 -62.38 -993.53 0 1 
-48.22 -49.93 -603.70 0 1 
-48.10 -55.18 -565.73 1 1 
-47.49 -55.48 -554.02 1 1 
-48.40 -55.36 -538.33 1 1 
-47.79 -55.30 -539.61 1 1 
-48.10 -54.38 -539.00 1 1 
-47.79 -54.26 -540.71 1 1 
-48.52 -53.16 -543.64 1 1 
-48.89 -53.47 -547.85 1 1 
-48.34 -54.99 -551.94 1 1 
-47.85 -57.13 -549.32 1 1 
-47.06 -57.13 -546.51 1 1 
-46.20 -57.31 -540.83 1 1 
-48.40 -52.98 -539.98 1 1 
-49.56 -51.51 -555.24 1 1 
-48.10 -57.31 -559.27 1 1 
-46.39 -58.04 -547.61 1 1 
-48.16 -53.10 -540.71 1 1 
-49.80 -51.27 -559.88 1 1 
-47.49 -58.35 -563.48 1 1 
-46.33 -57.56 -547.00 1 1 
-50.05 -50.05 -552.37 1 1 
-48.71 -55.48 -566.10 1 1 
-46.33 -58.53 -551.70 1 1 
-47.79 -53.04 -539.31 1 1 
-49.38 -51.33 -554.08 1 1 
-47.42 -57.62 -560.06 1 1 
-46.33 -58.53 -546.39 1 1 
-49.50 -52.31 -541.38 1 1 
-49.07 -52.86 -564.70 1 1 
-47.06 -59.14 -555.66 1 1 
-47.73 -55.85 -541.63 1 1 
-49.62 -50.48 -559.88 1 1 
-46.94 -59.08 -565.06 1 1 
-46.69 -56.95 -544.68 1 1 
-50.48 -49.93 -565.00 1 1 
-46.81 -58.59 -565.92 1 1 
-46.20 -56.15 -544.19 1 1 
-49.62 -50.17 -551.39 1 1 
-48.10 -56.88 -569.21 1 1 
-46.75 -58.47 -549.56 1 1 
-47.85 -52.86 -547.85 1 1 
-49.99 -52.37 -574.89 1 1 
-45.65 -59.08 -561.95 1 1 
-47.18 -56.34 -549.56 1 1 
-49.68 -50.17 -563.66 1 1 
-48.03 -56.76 -574.40 1 1 
-45.78 -58.90 -561.58 1 1 
-48.22 -52.98 -551.09 1 1 
-49.87 -52.43 -575.07 1 1 
-46.57 -59.39 -570.92 1 1 
-46.88 -56.34 -560.73 1 1 
-49.19 -49.68 -567.02 1 1 
-48.52 -55.24 -582.46 1 1 
-46.88 -58.47 -571.11 1 1 
-46.88 -56.64 -561.52 1 1 
-49.87 -50.78 -570.80 1 1 
-47.97 -56.76 -585.63 1 1 
-46.33 -58.29 -562.13 1 1 
-50.11 -49.62 -571.90 1 1 
-46.69 -59.20 -578.25 1 1 
-47.00 -55.79 -556.70 1 1 
-49.93 -50.35 -578.55 1 1 
-46.33 -60.00 -577.70 1 1 
-47.49 -53.41 -557.01 1 1 
-49.26 -52.25 -583.37 1 1 
-46.45 -59.81 -571.23 1 1 
-48.77 -53.41 -556.95 1 1 
-49.44 -53.16 -583.19 1 1 
-46.33 -59.69 -574.95 1 1 
-46.94 -54.63 -560.18 1 1 
-49.93 -50.72 -580.51 1 1 
-46.69 -59.08 -576.84 1 1 
-47.12 -55.97 -559.51 1 1 
-50.35 -50.35 -580.38 1 1 
-46.63 -59.51 -580.69 1 1 
-47.61 -54.26 -557.56 1 1 
-49.62 -52.67 -583.44 1 1 
-46.02 -59.57 -570.74 1 1 
-48.77 -51.82 -559.51 1 1 
-49.01 -55.36 -585.88 1 1 
-45.84 -58.84 -565.00 1 1 
-50.29 -50.35 -566.04 1 1 
-47.55 -58.29 -584.66 1 1 
-46.51 -56.64 -557.01 1 1 
-50.05 -50.23 -578.19 1 1 
-46.33 -59.69 -576.90 1 1 
-47.97 -53.22 -557.43 1 1 
-49.74 -53.71 -586.36 1 1 
-45.78 -59.81 -567.02 1 1 
-49.50 -50.72 -561.34 1 1 
-48.65 -56.95 -586.79 1 1 
-46.63 -57.56 -559.57 1 1 
-50.48 -50.11 -576.66 1 1 
-45.96 -60.30 -575.07 1 1 
-48.89 -52.37 -556.09 1 1 
-47.73 -56.70 -585.02 1 1 
-46.26 -58.41 -556.64 1 1 
-49.99 -50.48 -575.01 1 1 
-46.08 -60.24 -572.94 1 1 
-49.38 -51.09 -558.35 1 1 
-47.97 -58.96 -581.91 1 1 
-47.55 -54.57 -550.54 1 1 
-49.26 -53.47 -576.90 1 1 
-45.65 -60.24 -559.75 1 1 
-49.93 -49.99 -563.54 1 1 
-47.12 -60.00 -580.44 1 1 
-48.22 -53.41 -553.10 1 1 
-49.50 -55.11 -585.02 1 1 
-45.96 -58.84 -555.36 1 1 
-50.11 -50.29 -572.81 1 1 
-45.29 -60.61 -565.73 1 1 
-49.19 -49.56 -555.48 1 1 
-48.10 -59.08 -576.05 1 1 
-47.49 -54.08 -548.58 1 1 
-49.68 -54.08 -577.76 1 1 
-45.47 -59.20 -558.23 1 1 
-50.60 -49.62 -566.41 1 1 
-46.45 -60.36 -570.62 1 1 
-48.77 -50.66 -554.14 1 1 
-47.61 -58.29 -579.04 1 1 
-47.30 -54.08 -548.34 1 1 
-49.07 -54.87 -579.10 1 1 
-46.26 -59.02 -554.81 1 1 
-50.23 -49.62 -566.77 1 1 
-46.33 -60.55 -570.68 1 1 
-48.65 -50.84 -555.36 1 1 
-47.12 -58.17 -581.05 1 1 
-47.55 -54.26 -549.74 1 1 
-49.01 -54.87 -583.92 1 1 
-46.14 -57.86 -551.57 1 1 
-49.93 -51.64 -576.17 1 1 
-45.35 -59.88 -561.10 1 1 
-50.17 -49.80 -574.16 1 1 
-45.90 -60.91 -570.43 1 1 
-49.56 -50.11 -559.81 1 1 
-46.88 -60.06 -576.90 1 1 
-47.97 -51.57 -556.76 1 1 
-47.91 -57.25 -581.91 1 1 
-46.88 -55.36 -551.94 1 1 
-49.44 -53.41 -583.50 1 1 
-45.96 -58.41 -557.62 1 1 
-49.44 -51.27 -578.31 1 1 
-45.35 -59.94 -563.11 1 1 
-51.03 -50.54 -578.74 1 1 
-45.65 -60.36 -567.63 1 1 
-50.11 -51.27 -573.97 1 1 
-45.47 -60.36 -569.95 1 1 
-50.29 -50.17 -573.12 1 1 
-45.84 -60.49 -567.08 1 1 
-50.42 -50.05 -571.53 1 1 
-46.39 -61.04 -570.86 1 1 
-50.23 -50.11 -563.17 1 1 
-46.51 -60.30 -577.33 1 1 
-49.93 -50.35 -561.58 1 1 
-45.96 -60.36 -577.03 1 1 
-49.87 -50.11 -562.44 1 1 
-46.51 -60.85 -577.09 1 1 
-49.99 -50.35 -565.06 1 1 
-45.72 -60.36 -574.28 1 1 
-50.17 -50.35 -565.49 1 1 
-46.26 -60.49 -577.45 1 1 
-49.93 -50.23 -562.56 1 1 
-46.69 -59.88 -587.22 1 1 
-48.77 -50.48 -558.47 1 1 
-47.36 -59.45 -582.15 1 1 
-48.28 -52.12 -559.39 1 1 
-47.73 -57.31 -584.78 1 1 
-47.36 -54.20 -551.70 1 1 
-48.52 -55.36 -586.49 1 1 
-47.00 -55.60 -552.67 1 1 
-49.26 -55.18 -583.56 1 1 
-46.39 -56.82 -554.57 1 1 
-49.74 -52.25 -581.48 1 1 
-46.08 -59.14 -558.65 1 1 
-50.23 -51.88 -581.73 1 1 
-46.33 -58.23 -557.37 1 1 
-49.87 -54.20 -587.04 1 1 
-47.24 -55.79 -554.32 1 1 
-48.83 -56.40 -589.17 1 1 
-47.61 -53.65 -555.30 1 1 
-47.97 -58.35 -589.42 1 1 
-48.22 -52.06 -558.23 1 1 
-47.24 -59.63 -585.33 1 1 
-48.71 -50.54 -563.48 1 1 
-46.88 -60.36 -579.59 1 1 
-49.56 -50.23 -571.66 1 1 
-45.90 -61.10 -579.65 1 1 
-50.60 -49.93 -573.55 1 1 
-45.90 -60.30 -574.58 1 1 
-50.48 -50.23 -574.95 1 1 
-45.72 -60.06 -570.92 1 1 
-50.48 -50.66 -578.86 1 1 
-45.78 -59.51 -563.96 1 1 
-49.87 -51.51 -584.41 1 1 
-46.63 -57.98 -559.14 1 1 
-49.68 -52.55 -583.07 1 1 
-46.63 -58.96 -563.17 1 1 
-49.74 -51.64 -581.60 1 1 
-46.26 -59.45 -563.29 1 1 
-50.23 -49.87 -568.79 1 1 
-46.51 -60.24 -574.58 1 1 
-47.79 -53.53 -555.05 1 1 
-49.68 -54.57 -586.61 1 1 
-45.78 -60.06 -560.61 1 1 
-50.48 -50.11 -568.91 1 1 
-46.94 -59.88 -572.88 1 1 
-49.01 -52.55 -556.70 1 1 
-47.85 -57.19 -582.89 1 1 
-46.51 -56.76 -552.12 1 1 
-49.74 -51.33 -578.55 1 1 
-45.17 -61.04 -575.32 1 1 
-49.74 -49.80 -574.46 1 1 
-45.78 -60.12 -575.87 1 1 
-49.99 -50.48 -569.64 1 1 
-46.26 -60.73 -578.37 1 1 
-49.56 -51.15 -566.96 1 1 
-46.63 -60.24 -585.27 1 1 
-49.56 -50.60 -562.74 1 1 
-47.06 -59.94 -579.71 1 1 
-49.01 -51.03 -560.79 1 1 
-46.75 -60.42 -582.58 1 1 
-49.50 -50.60 -562.74 1 1 
-46.57 -60.55 -580.69 1 1 
-50.29 -50.42 -567.81 1 1 
-46.39 -60.24 -575.56 1 1 
-50.35 -49.93 -568.79 1 1 
-46.08 -60.67 -572.57 1 1 
-50.11 -50.66 -563.11 1 1 
-46.14 -60.73 -578.67 1 1 
-49.56 -50.23 -565.31 1 1 
-46.51 -59.94 -577.64 1 1 
-49.38 -51.33 -561.40 1 1 
-46.75 -60.24 -581.48 1 1 
-49.38 -51.33 -558.53 1 1 
-47.18 -59.81 -582.89 1 1 
-48.89 -51.76 -556.64 1 1 
-47.42 -59.51 -585.69 1 1 
-48.28 -51.82 -556.70 1 1 
-47.55 -58.84 -587.65 1 1 
-48.10 -52.73 -555.54 1 1 
-47.79 -58.84 -589.66 1 1 
-48.10 -52.86 -555.54 1 1 
-48.28 -57.98 -588.75 1 1 
-47.49 -54.50 -558.47 1 1 
-48.28 -57.13 -587.83 1 1 
-47.42 -54.32 -558.84 1 1 
-48.10 -57.01 -589.42 1 1 
-47.55 -53.16 -558.04 1 1 
-47.85 -57.98 -591.74 1 1 
-48.89 -51.33 -559.94 1 1 
-46.57 -59.88 -589.17 1 1 
-49.07 -50.72 -562.62 1 1 
-46.57 -60.12 -585.51 1 1 
-49.99 -50.29 -574.22 1 1 
-45.78 -60.97 -572.02 1 1 
-49.62 -50.84 -583.01 1 1 
-46.75 -59.45 -564.27 1 1 
-49.87 -52.67 -589.36 1 1 
-46.39 -57.56 -559.94 1 1 
-48.77 -54.14 -590.82 1 1 
-47.30 -54.93 -558.72 1 1 
-48.83 -56.27 -591.00 1 1 
-47.12 -53.77 -560.18 1 1 
-48.16 -56.82 -589.60 1 1 
-48.10 -52.92 -560.85 1 1 
-47.55 -57.50 -588.87 1 1 
-48.46 -52.06 -559.81 1 1 
-47.91 -59.20 -590.03 1 1 
-48.89 -51.09 -561.83 1 1 
-46.88 -60.36 -585.08 1 1 
-49.44 -50.84 -561.65 1 1 
-46.20 -60.00 -585.45 1 1 
-49.62 -50.90 -563.42 1 1 
-47.06 -59.63 -581.97 1 1 
-48.58 -51.21 -563.35 1 1 
-46.94 -58.72 -585.75 1 1 
-49.01 -51.70 -561.34 1 1 
-46.45 -59.33 -587.10 1 1 
-48.58 -51.45 -559.63 1 1 
-47.06 -59.45 -587.10 1 1 
-49.44 -51.09 -558.65 1 1 
-47.55 -60.12 -586.49 1 1 
-48.71 -51.51 -561.10 1 1 
-46.81 -59.81 -585.02 1 1 
-49.38 -50.72 -561.28 1 1 
-47.00 -59.45 -582.09 1 1 
-48.28 -52.25 -561.77 1 1 
-47.79 -58.11 -588.07 1 1 
-47.97 -52.31 -559.33 1 1 
-46.75 -58.78 -589.48 1 1 
-48.40 -51.51 -562.93 1 1 
-46.75 -60.85 -586.30 1 1 
-49.44 -50.23 -570.37 1 1 
-46.39 -60.73 -576.05 1 1 
-49.80 -50.90 -570.74 1 1 
-46.26 -60.55 -574.52 1 1 
-50.17 -49.99 -572.33 1 1 
-45.96 -60.18 -576.48 1 1 
-50.23 -50.29 -571.29 1 1 
-45.84 -60.91 -575.32 1 1 
-50.35 -50.54 -573.79 1 1 
-45.53 -60.97 -581.18 1 1 
-49.68 -50.35 -574.34 1 1 
-46.26 -60.18 -571.41 1 1 
-50.05 -51.15 -580.38 1 1 
-45.96 -59.33 -565.00 1 1 
-50.23 -52.12 -587.65 1 1 
-46.57 -57.74 -564.45 1 1 
-49.26 -53.10 -592.96 1 1 
-46.57 -58.04 -558.47 1 1 
-49.93 -52.67 -588.07 1 1 
-46.02 -58.84 -560.42 1 1 
-49.50 -51.09 -584.78 1 1 
-46.08 -59.45 -566.35 1 1 
-49.62 -51.76 -584.29 1 1 
-46.63 -58.41 -563.60 1 1 
-49.13 -53.41 -587.71 1 1 
-47.49 -56.52 -556.64 1 1 
-48.03 -55.91 -597.41 1 1 
-48.10 -52.92 -566.59 1 1 
-47.49 -58.90 -589.48 1 1 
-48.65 -52.06 -567.26 1 1 
-46.69 -59.88 -585.51 1 1 
-49.80 -50.42 -574.89 1 1 
-45.84 -60.49 -579.10 1 1 
-50.96 -50.96 -581.85 1 1 
-46.26 -59.02 -567.93 1 1 
-48.83 -54.14 -591.37 1 1 
-47.42 -54.32 -560.97 1 1 
-48.10 -58.11 -591.80 1 1 
-48.34 -51.33 -565.61 1 1 
-46.63 -60.18 -585.02 1 1 
-49.62 -49.99 -576.11 1 1 
-45.59 -61.65 -569.58 1 1 
-49.80 -51.33 -586.06 1 1 
-46.63 -58.47 -562.74 1 1 
-48.65 -54.38 -591.61 1 1 
-47.67 -54.99 -557.13 1 1 
-48.52 -57.37 -591.06 1 1 
-48.65 -53.83 -559.33 1 1 
-47.97 -57.31 -586.85 1 1 
-47.12 -54.63 -559.27 1 1 
-49.07 -55.36 -587.95 1 1 
-46.75 -57.01 -556.34 1 1 
-50.42 -52.19 -584.23 1 1 
-45.72 -59.94 -567.75 1 1 
-49.80 -49.99 -565.86 1 1 
-46.57 -60.61 -579.28 1 1 
-49.01 -51.82 -556.82 1 1 
-47.49 -58.41 -585.33 1 1 
-46.51 -56.34 -555.85 1 1 
-49.26 -52.12 -581.36 1 1 
-45.84 -60.24 -569.15 1 1 
-49.32 -50.96 -558.17 1 1 
-48.10 -56.15 -586.73 1 1 
-46.33 -59.08 -559.02 1 1 
-50.17 -49.50 -571.23 1 1 
-46.20 -60.30 -573.49 1 1 
-48.03 -51.57 -555.30 1 1 
-47.42 -58.35 -585.63 1 1 
-47.67 -53.53 -553.89 1 1 
-48.58 -56.21 -587.71 1 1 
-47.18 -54.57 -554.32 1 1 
-48.40 -55.48 -587.59 1 1 
-47.49 -55.97 -554.50 1 1 
-48.65 -54.44 -587.71 1 1 
-46.51 -57.25 -554.32 1 1 
-49.87 -52.92 -584.96 1 1 
-45.90 -60.18 -563.11 1 1 
-50.42 -49.74 -570.25 1 1 
-46.57 -60.06 -576.23 1 1 
-48.34 -52.31 -560.85 1 1 
-48.28 -57.01 -583.86 1 1 
-46.39 -57.92 -556.34 1 1 
-49.68 -51.57 -583.19 1 1 
-45.47 -60.42 -565.98 1 1 
-49.80 -50.17 -571.17 1 1 
-46.08 -60.42 -575.13 1 1 
-48.77 -50.96 -557.62 1 1 
-47.18 -57.92 -584.59 1 1 
-47.36 -55.54 -553.41 1 1 
-49.56 -52.80 -582.70 1 1 
-45.59 -60.24 -565.61 1 1 
-49.93 -50.23 -563.90 1 1 
-46.81 -59.02 -580.63 1 1 
-47.00 -55.30 -553.22 1 1 
-49.38 -53.22 -583.13 1 1 
-46.02 -59.51 -560.79 1 1 
-49.87 -49.93 -572.27 1 1 
-45.72 -60.36 -572.75 1 1 
-48.71 -51.33 -554.32 1 1 
-47.79 -58.23 -584.90 1 1 
-47.18 -56.46 -554.20 1 1 
-49.87 -52.25 -582.03 1 1 
-45.47 -60.06 -561.40 1 1 
-50.48 -50.05 -567.81 1 1 
-46.88 -60.30 -574.58 1 1 
-48.10 -52.80 -555.30 1 1 
-48.89 -55.11 -584.11 1 1 
-45.90 -58.96 -556.76 1 1 
-50.17 -49.32 -565.98 1 1 
-47.67 -58.72 -583.92 1 1 
-47.49 -56.21 -557.19 1 1 
-49.26 -54.38 -584.47 1 1 
-46.57 -59.27 -556.52 1 1 
-50.48 -50.90 -578.74 1 1 
-45.23 -60.12 -565.00 1 1 
-49.93 -50.29 -562.26 1 1 
-47.30 -60.24 -579.77 1 1 
-47.79 -53.53 -553.96 1 1 
-48.52 -56.21 -588.13 1 1 
-47.61 -55.73 -749.69 1 0 
-47.97 -56.21 -1018.13 1 0 
-47.55 -55.60 -1018.49 1 0 
-47.61 -55.30 -1019.23 1 0 
-47.49 -55.18 -1018.19 1 0 
-48.34 -55.30 -1018.43 1 0 
-47.91 -55.79 -1018.62 1 0 
-47.61 -55.79 -1018.62 1 0 
-47.55 -55.85 -1018.25 1 0 
-48.28 -55.85 -1019.04 1 0 
-47.36 -55.73 -1019.23 1 0 
-47.55 -55.73 -1018.74 1 0 
-47.91 -55.24 -1019.10 1 0 
-48.22 -56.21 -1018.37 1 0 
-47.85 -55.60 -1018.80 1 0 
-47.36 -55.54 -1018.68 1 0 
-48.03 -55.05 -1018.37 1 0 
-48.16 -56.03 -1018.62 1 0 
-47.97 -55.48 -1018.55 1 0 
-47.49 -56.09 -1018.92 1 0 
-47.79 -55.66 -1018.49 1 0 
-47.55 -56.09 -1018.62 1 0 
-47.91 -56.09 -1018.80 1 0 
-47.91 -55.48 -1018.74 1 0 
-47.79 -56.15 -1018.49 1 0 
-47.67 -55.73 -1018.62 1 0 
-48.10 -55.48 -1018.80 1 0 
-47.18 -55.66 -1018.74 1 0 
-47.55 -55.91 -1018.49 1 0 
-47.73 -55.11 -1018.31 0 0 
-47.79 -55.54 -1018.98 0 0 
-48.03 -55.48 -1019.04 0 0 
-48.10 -55.79 -1018.62 0 0 
-47.42 -55.60 -1018.55 0 0 
-47.97 -56.03 -1018.86 0 0 
-47.67 -55.60 -1018.07 0 0 
-48.16 -56.40 -1019.53 0 0 
-47.67 -55.42 -1018.80 0 0 
-48.03 -55.97 -1019.29 0 0 
-48.22 -55.60 -1018.55 0 0 
-47.85 -56.03 -1018.74 0 0 
-47.42 -55.97 -1019.04 0 0 
-48.10 -55.48 -1017.52 0 0 
-47.61 -55.54 -1018.92 0 0 
-47.61 -55.54 -1018.19 0 0 
-47.79 -55.66 -1017.82 0 0 
-48.77 -56.03 -1020.63 0 0 
-47.67 -55.48 -1016.97 0 0 
-47.97 -56.15 -1018.74 0 0 
-46.94 -56.15 -1018.55 0 0 
-47.79 -56.03 -1019.35 0 0 
-47.67 -56.15 -1018.13 0 0 
-47.79 -56.46 -1017.76 0 0 
-48.22 -56.64 -1019.96 0 0 
-47.97 -56.21 -1019.17 0 0 
-47.18 -56.34 -1018.37 0 0 
-47.67 -55.66 -1019.17 0 0 
-47.91 -56.46 -1018.86 0 0 
-47.61 -55.73 -1018.43 0 0 
-48.40 -56.46 -1018.37 0 0 
-48.22 -55.97 -1017.94 0 0 
-48.28 -55.97 -1018.68 0 0 
-48.16 -55.79 -1018.55 0 0 
-48.10 -55.85 -1018.98 0 0 
-47.67 -56.15 -1018.62 0 0 
-48.16 -56.09 -1019.23 0 0 
-48.22 -56.34 -1018.62 0 0 
-47.91 -56.15 -1019.04 0 0 
-47.91 -56.40 -1018.98 0 0 
-47.67 -56.03 -1018.43 0 0 
-47.79 -56.40 -1018.80 0 0 
-48.65 -56.03 -1018.55 0 0 
-48.22 -56.15 -1018.25 0 0 
-47.97 -56.34 -1018.37 0 0 
-47.73 -56.34 -1018.55 0 0 
-47.55 -55.66 -1018.49 0 0 
-47.91 -56.21 -1018.62 0 0 
-47.91 -56.09 -1019.23 0 0 
-48.40 -56.15 -1018.55 0 0 
-47.73 -55.79 -1018.43 0 0 
-48.10 -56.09 -1018.68 0 0 
-48.22 -55.91 -1018.43 0 0 
-47.97 -56.09 -1018.68 0 0 
-47.85 -56.46 -1018.80 0 0 
-48.03 -56.58 -1019.29 0 0 
-48.34 -56.46 -1018.31 0 0 
-48.40 -56.09 -1018.68 0 0 
-47.55 -56.52 -1018.92 0 0 
-48.34 -56.21 -1018.74 0 0 
-47.67 -56.46 -1018.49 0 0 
-48.22 -55.30 -1018.68 0 0 
-47.61 -55.91 -1018.92 0 0 
-47.91 -56.70 -1018.07 0 0 
-47.55 -56.27 -1018.92 0 0 
-47.61 -55.97 -1018.80 0 0 
-48.40 -56.15 -1018.98 0 0 
-47.42 -55.97 -1018.98 0 0 
-47.79 -56.15 -1018.31 0 0 
-48.46 -55.73 -1018.62 0 0 
-48.28 -56.09 -1018.49 0 0 
-47.97 -56.15 -1018.68 0 0 
-48.10 -56.40 -1018.43 0 0 
-48.03 -56.46 -1018.92 0 0 
-47.91 -56.34 -1019.47 0 0 
-47.73 -56.58 -1018.37 0 0 
-48.10 -55.79 -1018.07 0 0 
-48.52 -56.27 -1019.10 0 0 
-48.03 -56.27 -1018.01 0 0 
-47.97 -56.21 -1018.55 0 0 
-47.91 -56.21 -1018.62 0 0 
-47.91 -56.34 -1019.23 0 0 
-47.79 -56.40 -1018.62 0 0 
-48.03 -56.21 -1019.04 0 0 
-47.61 -55.85 -1018.07 0 0 
-48.10 -56.46 -1019.17 0 0 
-48.28 -56.52 -1018.80 0 0 
-48.34 -56.34 -1018.62 0 0 
-47.91 -56.34 -1018.25 0 0 
-48.10 -56.34 -1018.68 0 0 
-47.18 -55.91 -1018.31 0 0 
-47.85 -56.03 -1018.80 0 0 
-48.16 -56.09 -1018.92 0 0 
-47.91 -55.85 -1017.76 0 0 
-48.46 -56.27 -1018.62 0 0 
-47.67 -55.97 -1018.49 0 0 
-48.40 -55.79 -1019.41 0 0 
-48.46 -55.85 -1018.86 0 0 
-48.46 -55.97 -1018.92 0 0 
-47.73 -56.52 -1018.55 0 0 
-47.79 -56.15 -1018.74 0 0 
-48.03 -55.79 -1018.80 0 0 
-47.42 -56.27 -1018.43 0 0 
-47.55 -56.34 -1018.37 0 0 
-48.16 -55.97 -1018.98 0 0 
-47.61 -55.79 -1018.55 0 0 
-47.85 -56.46 -1018.49 0 0 
-47.85 -55.91 -1018.31 0 0 
-48.22 -55.91 -1018.92 0 0 
-47.67 -56.21 -1019.10 0 0 
-47.85 -56.09 -1018.98 0 0 
-47.79 -56.46 -1018.49 0 0 
-47.97 -56.09 -1018.62 0 0 
-47.73 -56.15 -1018.98 0 0 
-47.73 -55.79 -1018.86 0 0 
-47.97 -55.91 -1018.62 0 0 
-47.91 -55.97 -1018.92 0 0 
-48.16 -56.09 -1018.55 0 0 
-47.42 -55.36 -1018.49 0 0 
-47.79 -56.03 -1018.19 0 0 
-47.79 -56.34 -1018.74 0 0 
-47.79 -56.09 -1019.17 0 0 
-48.34 -56.09 -1018.80 0 0 
-47.42 -56.03 -1018.43 0 0 
-47.24 -55.73 -1018.80 0 0 
-47.91 -56.03 -1018.74 0 0 
-48.16 -55.48 -1018.68 0 0 
-48.10 -56.15 -1019.04 0 0 
-48.10 -55.97 -1018.43 0 0 
-47.73 -56.09 -1018.37 0 0 
-47.73 -56.03 -1018.74 0 0 
-47.61 -55.85 -1018.80 0 0 
-47.36 -55.85 -1018.80 0 0 
-47.91 -56.34 -1018.25 0 0 
-47.73 -56.58 -1020.45 0 0 
-47.73 -56.40 -1017.58 0 0 
-48.16 -55.85 -1018.68 0 0 
-47.55 -56.46 -1019.47 0 0 
-47.85 -56.40 -1019.29 0 0 
-47.73 -55.79 -1018.49 0 0 
-47.97 -56.21 -1019.41 0 0 
-47.97 -55.97 -1018.31 0 0 
-48.03 -56.46 -1019.17 0 0 
-48.40 -55.73 -1017.64 0 0 
-48.22 -56.40 -1018.98 0 0 
-48.03 -56.03 -1018.80 0 0 
