15.20 -12.76 994.69 0 0 
15.50 -12.88 994.32 0 0 
15.44 -13.00 994.26 0 0 
14.89 -13.06 994.75 0 0 
14.83 -13.06 994.38 0 0 
14.71 -12.82 994.51 0 0 
15.32 -12.70 994.75 0 0 
15.26 -12.51 994.38 0 0 
15.14 -13.00 994.57 0 0 
14.47 -12.82 994.69 0 0 
15.38 -12.63 994.20 0 0 
15.01 -12.39 994.93 0 0 
14.83 -12.88 994.69 0 0 
15.20 -12.51 995.06 0 0 
15.38 -12.15 994.81 0 0 
14.59 -12.88 995.00 0 0 
15.14 -12.63 994.81 0 0 
15.01 -12.70 995.12 0 0 
14.59 -12.88 995.48 0 0 
14.95 -12.02 995.06 0 0 
14.95 -12.88 994.69 0 0 
14.83 -12.70 994.51 0 0 
15.14 -12.57 994.87 0 0 
14.83 -12.63 995.06 0 0 
15.20 -12.21 994.57 0 0 
14.47 -12.45 994.63 0 0 
15.01 -12.45 994.08 0 0 
14.71 -12.45 993.84 0 0 
15.26 -13.12 994.32 0 0 
14.71 -12.27 994.02 0 0 
15.14 -12.27 994.45 0 0 
14.95 -13.00 993.96 0 0 
15.14 -12.82 993.84 0 0 
14.89 -12.82 993.96 0 0 
15.20 -12.70 994.20 0 0 
15.26 -12.57 994.38 0 0 
14.71 -12.82 994.02 0 0 
15.01 -12.88 993.90 0 0 
14.65 -12.88 994.45 0 0 
15.38 -12.82 994.20 0 0 
14.59 -12.70 994.63 0 0 
14.71 -12.08 994.26 0 0 
14.77 -12.76 994.69 0 0 
15.01 -12.45 993.96 0 0 
15.26 -12.63 994.32 0 0 
15.14 -12.76 994.38 0 0 
15.08 -12.82 993.90 0 0 
15.14 -12.51 993.96 0 0 
14.95 -12.70 994.38 0 0 
14.59 -12.51 994.02 0 0 
14.71 -12.82 994.63 0 0 
14.89 -12.70 994.26 0 0 
15.32 -12.82 994.69 0 0 
14.65 -12.76 994.02 0 0 
14.83 -12.70 993.84 0 0 
15.01 -13.00 993.96 0 0 
15.38 -13.12 993.65 0 0 
15.20 -12.39 994.32 0 0 
14.95 -12.63 994.08 0 0 
15.20 -12.33 994.26 0 0 
15.63 -12.63 994.20 0 0 
14.95 -12.63 994.45 0 0 
14.47 -12.51 994.63 0 0 
14.71 -13.00 994.69 0 0 
14.65 -12.21 994.02 0 0 
15.87 -12.82 994.32 0 0 
13.43 -12.21 995.48 0 0 
16.78 -13.18 994.75 0 0 
15.14 -12.70 993.77 0 0 
15.14 -12.76 994.51 0 0 
13.06 -11.66 994.57 0 0 
15.32 -12.33 994.51 0 0 
16.54 -12.88 994.69 0 0 
16.48 -13.18 993.84 0 0 
14.65 -12.88 994.69 0 0 
14.28 -12.02 995.00 0 0 
14.16 -12.45 994.87 0 0 
14.89 -12.45 994.51 0 0 
15.14 -13.00 994.75 0 0 
14.95 -12.39 994.75 0 0 
14.65 -12.76 994.69 0 0 
15.01 -11.78 995.06 0 0 
11.90 -11.11 1000.67 0 0 
14.83 -14.34 989.20 0 0 
15.63 -13.85 998.23 1 1 
16.17 -14.53 993.59 1 1 
15.38 -12.08 991.88 1 1 
14.22 -10.93 997.07 1 1 
13.37 -12.33 993.59 1 1 
15.99 -13.06 993.23 1 1 
17.09 -12.39 997.50 1 1 
13.24 -11.11 995.85 1 1 
14.53 -13.06 992.43 1 1 
17.40 -13.43 992.00 1 1 
15.93 -13.55 999.15 1 1 
13.61 -12.45 994.38 1 1 
12.27 -10.86 991.21 1 1 
16.78 -12.82 996.03 1 1 
16.48 -13.18 997.68 1 1 
14.22 -12.94 991.70 1 1 
13.67 -11.35 991.70 1 1 
15.99 -13.31 997.80 1 1 
15.56 -13.37 997.56 1 1 
15.14 -13.67 989.62 1 1 
15.01 -12.08 994.38 1 1 
14.16 -11.11 996.09 1 1 
13.49 -12.21 995.42 1 1 
16.05 -12.51 992.86 1 1 
17.94 -12.94 996.64 1 1 
13.00 -10.68 993.04 1 1 
14.83 -13.18 993.65 1 1 
17.52 -13.43 994.14 1 1 
15.38 -13.55 996.46 1 1 
13.55 -13.43 996.40 0 1 
12.33 -11.66 989.01 0 1 
17.76 -12.94 996.46 0 1 
17.27 -13.12 997.07 0 1 
13.37 -12.45 992.55 0 1 
13.55 -10.62 988.77 0 1 
17.76 -12.63 997.01 0 1 
14.65 -12.33 994.69 0 1 
15.63 -13.49 991.88 0 1 
15.08 -12.94 994.69 0 1 
15.44 -12.76 995.54 1 1 
14.95 -14.10 992.43 1 1 
15.56 -12.51 989.20 1 1 
16.72 -13.00 996.70 1 1 
12.76 -10.25 994.63 1 1 
12.88 -12.21 991.09 1 1 
17.76 -11.66 992.07 1 1 
17.64 -14.04 997.19 1 1 
13.31 -12.76 992.86 1 1 
13.37 -12.45 990.42 1 1 
17.33 -13.79 993.90 1 1 
15.81 -13.00 997.01 1 1 
14.10 -13.92 989.93 1 1 
14.34 -12.21 991.21 1 1 
14.89 -11.54 996.28 1 1 
15.32 -11.96 994.38 1 1 
13.73 -11.84 991.15 1 1 
17.09 -13.67 992.80 1 1 
16.11 -12.45 996.70 1 1 
12.63 -12.51 992.49 1 1 
14.53 -12.88 989.50 1 1 
17.70 -13.73 996.83 1 1 
15.81 -13.06 995.36 1 1 
13.37 -12.57 991.76 1 1 
14.16 -10.74 991.88 1 1 
16.97 -12.57 998.41 1 1 
14.40 -13.00 993.59 1 1 
16.11 -13.06 989.50 1 1 
15.69 -12.39 996.15 1 1 
14.53 -12.57 996.15 1 1 
13.73 -13.00 991.15 1 1 
15.87 -13.43 992.37 1 1 
17.58 -13.85 996.03 1 1 
12.39 -12.02 994.81 1 1 
12.88 -10.25 986.63 1 1 
16.36 -12.76 997.44 1 1 
16.85 -12.51 996.77 1 1 
13.92 -13.12 992.55 1 1 
14.16 -12.02 989.14 1 1 
15.56 -11.90 997.44 1 1 
16.11 -13.92 995.42 1 1 
14.89 -14.34 990.48 1 1 
15.99 -13.00 992.74 1 1 
13.49 -11.78 996.70 1 1 
13.37 -11.54 993.35 1 1 
15.50 -12.51 991.27 1 1 
17.88 -14.40 995.42 1 1 
15.08 -11.54 994.75 1 1 
11.41 -13.06 993.41 1 1 
14.65 -12.57 991.27 1 1 
17.94 -14.65 998.41 0 1 
16.05 -12.82 993.84 0 1 
14.53 -12.94 990.91 0 1 
13.98 -11.47 993.41 0 1 
13.37 -11.54 997.25 0 1 
14.53 -11.78 990.84 0 1 
16.85 -12.27 992.43 0 1 
18.07 -14.34 999.21 0 1 
14.95 -13.12 993.29 0 1 
12.76 -12.45 990.42 0 1 
15.38 -12.45 992.61 1 1 
15.81 -12.82 1000.00 1 1 
14.83 -12.63 991.39 1 1 
15.14 -12.27 990.78 1 1 
16.24 -11.96 995.42 1 1 
14.59 -12.08 997.13 1 1 
13.85 -12.63 989.75 1 1 
16.48 -13.73 992.13 1 1 
16.36 -14.04 996.28 1 1 
14.65 -13.55 993.77 1 1 
13.61 -12.15 988.65 1 1 
15.20 -11.47 993.59 1 1 
14.59 -11.90 997.01 1 1 
15.50 -11.96 989.93 1 1 
16.60 -13.06 992.68 1 1 
16.72 -13.73 996.34 1 1 
12.94 -14.10 995.06 1 1 
15.75 -11.84 986.08 1 1 
15.87 -13.31 997.07 1 1 
14.77 -13.06 997.50 1 1 
13.18 -10.80 991.70 1 1 
15.87 -13.37 989.75 1 1 
18.92 -13.67 999.02 1 1 
14.22 -13.24 995.91 1 1 
10.99 -9.83 983.83 1 1 
14.59 -13.67 999.02 1 1 
18.98 -13.37 992.25 1 1 
16.60 -13.55 996.15 1 1 
13.49 -12.57 992.86 1 1 
14.53 -13.24 993.96 1 1 
15.50 -12.70 994.38 1 1 
15.81 -13.06 993.53 1 1 
15.56 -12.82 993.53 1 1 
15.08 -12.88 994.26 1 1 
14.28 -12.57 994.38 1 1 
14.65 -13.24 994.02 1 1 
15.50 -13.00 993.96 1 1 
15.44 -13.06 994.32 1 1 
14.89 -13.00 994.45 1 1 
15.08 -13.18 994.14 1 1 
14.89 -12.82 994.57 0 1 
16.85 -14.65 995.24 0 0 
17.15 -12.88 996.34 0 0 
13.55 -11.54 993.29 0 0 
11.72 -10.93 995.54 0 0 
15.81 -11.41 995.06 0 0 
14.65 -15.14 995.24 0 0 
16.48 -13.67 992.31 0 0 
16.48 -14.83 995.67 0 0 
16.91 -13.31 996.83 0 0 
14.53 -10.44 991.64 0 0 
11.29 -11.90 997.19 0 0 
14.59 -11.66 994.93 0 0 
14.77 -14.04 996.77 0 0 
16.54 -14.22 975.10 0 0 
15.38 -13.55 993.04 0 1 
16.54 -13.31 998.90 0 1 
16.17 -11.35 992.74 0 1 
12.57 -10.50 994.20 0 1 
12.82 -11.90 995.73 0 1 
14.40 -12.88 996.52 0 1 
13.55 -13.92 993.29 0 1 
16.42 -13.92 992.80 0 1 
17.03 -14.95 998.05 0 1 
16.54 -12.21 994.32 0 1 
14.40 -10.31 991.82 0 1 
12.27 -12.08 996.83 0 1 
15.50 -12.08 996.09 0 1 
13.18 -14.22 994.51 0 1 
15.32 -13.37 990.72 0 1 
16.60 -14.28 997.01 0 1 
17.46 -12.45 997.44 0 1 
14.10 -10.56 991.03 0 1 
12.51 -12.45 995.85 0 1 
16.11 -12.27 995.36 0 1 
14.89 -14.89 995.79 0 1 
14.89 -13.79 989.93 0 1 
16.60 -14.89 994.63 0 1 
17.64 -13.00 998.66 0 1 
14.71 -9.83 991.03 0 1 
10.68 -11.90 995.30 0 1 
14.40 -11.96 995.12 1 1 
15.08 -14.53 997.07 1 1 
14.89 -14.71 990.05 1 1 
15.87 -14.95 993.65 1 1 
17.21 -13.85 998.60 1 1 
16.91 -11.05 991.39 1 1 
12.33 -11.66 994.32 1 1 
13.73 -12.02 995.12 1 1 
15.26 -13.43 996.89 1 1 
14.16 -14.10 991.15 1 1 
16.78 -14.40 991.70 1 1 
17.58 -13.85 998.78 1 1 
15.99 -11.54 994.32 1 1 
11.96 -10.86 992.74 1 1 
12.27 -12.33 995.54 1 1 
15.50 -12.33 996.40 1 1 
13.98 -14.53 993.41 1 1 
15.69 -14.47 991.03 1 1 
17.64 -14.95 997.99 1 1 
18.13 -12.63 995.48 1 1 
13.37 -10.80 992.31 1 1 
11.41 -11.78 996.15 1 1 
14.83 -11.66 995.97 1 1 
13.85 -14.53 995.30 1 1 
15.87 -14.22 990.60 1 1 
17.27 -15.63 996.46 1 1 
17.21 -13.67 997.62 1 1 
13.85 -10.01 990.97 1 1 
10.93 -11.90 996.28 1 1 
15.20 -12.21 995.12 1 1 
14.47 -14.83 996.03 1 1 
14.89 -13.43 990.84 1 1 
16.91 -14.83 994.93 1 1 
18.13 -13.67 998.47 1 1 
15.38 -10.50 990.84 1 1 
11.23 -11.66 995.85 1 1 
14.04 -11.78 994.93 1 1 
14.53 -14.10 997.38 1 1 
14.53 -14.47 991.58 1 1 
17.46 -15.38 993.59 1 1 
17.94 -14.10 999.33 1 1 
15.81 -11.17 992.19 1 1 
11.35 -11.41 994.57 1 1 
13.18 -11.90 995.42 1 1 
15.75 -13.49 996.89 1 1 
14.89 -14.22 992.07 1 1 
15.99 -14.47 991.94 1 1 
18.13 -14.59 999.15 1 1 
17.46 -11.78 994.26 1 1 
11.84 -11.41 992.86 1 1 
12.27 -12.08 995.30 1 1 
16.42 -12.70 996.28 1 1 
13.92 -15.01 993.35 1 1 
15.63 -14.16 990.30 1 1 
17.27 -14.83 997.80 1 1 
17.70 -12.33 995.24 1 1 
12.88 -9.89 990.60 1 1
9.52 -12.21 995.79 1 1
16.91 -13.55 992.68 1 0 
15.50 -13.49 995.85 1 0 
16.66 -12.70 994.26 1 0 
16.17 -13.55 994.02 1 0 
15.01 -12.76 994.38 1 0 
14.22 -12.82 994.32 1 0 
14.28 -13.31 994.51 1 0 
15.26 -13.06 994.45 1 0 
15.32 -13.06 994.32 1 0 
15.08 -13.00 994.38 1 0 
14.53 -13.49 994.38 1 0 
14.77 -13.06 994.20 1 0  
15.26 -12.70 994.45 0 0 
14.77 -12.94 994.20 0 0 
14.83 -12.94 994.02 0 0 
14.89 -12.76 994.20 0 0 
15.26 -12.88 993.96 0 0 
14.53 -12.82 994.20 0 0 
15.08 -13.31 994.08 0 0 
15.14 -13.24 993.84 0 0 
14.95 -13.06 994.38 0 0 
15.14 -13.12 994.51 0 0 
15.14 -12.82 994.57 0 0 
14.83 -13.06 994.45 0 0 
14.65 -12.94 994.51 0 0 
14.89 -13.06 994.51 0 0 
14.59 -13.06 994.08 0 0 
15.56 -13.00 995.36 0 0 
14.83 -12.21 994.38 0 0 
14.47 -12.63 993.84 0 0 
14.95 -13.18 995.06 0 0 
14.53 -12.76 994.38 0 0 
7.93 -12.45 995.36 0 0
23.62 -13.67 990.60 0 0 
18.31 -13.43 999.39 0 0 
10.99 -10.74 991.70 0 0 
12.51 -13.31 990.11 0 0 
17.40 -13.43 998.84 0 0 
16.36 -14.10 998.60 0 0 
12.94 -11.66 989.07 0 0 
15.20 -12.76 991.88 0 0 
16.11 -10.86 998.35 0 0
14.89 -12.88 991.09 1 1 
17.64 -12.15 998.35 1 1 
15.56 -14.28 998.47 1 1 
13.67 -13.06 987.85 1 1 
15.38 -12.15 995.06 1 1 
15.75 -12.94 1000.79 1 1 
12.15 -12.15 992.19 1 1 
14.10 -12.02 994.32 1 1 
18.92 -12.39 997.62 1 1 
16.30 -14.22 998.35 1 1 
12.63 -12.63 988.59 1 1 
15.32 -12.45 996.64 1 1 
17.15 -13.43 999.51 1 1 
12.76 -11.96 990.84 1 1 
14.40 -12.33 991.76 1 1 
17.82 -11.72 995.18 1 1 
16.85 -14.10 998.29 1 1 
11.96 -12.21 989.56 1 1 
13.37 -12.08 993.71 1 1 
16.85 -11.54 999.51 1 1 
13.31 -12.70 995.00 1 1 
14.16 -11.47 989.69 1 1 
17.52 -12.08 997.68 1 1 
17.52 -13.92 998.60 1 1 
13.79 -13.24 990.42 1 1 
13.55 -12.63 990.91 1 1 
16.72 -10.62 996.52 1 1 
15.20 -13.67 997.74 1 1 
12.88 -11.54 989.32 1 1 
16.72 -12.70 994.02 1 1 
17.52 -13.00 999.57 1 1 
12.39 -13.31 993.71 1 1 
12.63 -12.63 991.21 1 1 
17.27 -11.54 997.07 1 1 
17.21 -13.92 1000.06 1 1 
12.76 -12.88 988.77 1 1 
15.63 -12.76 992.37 1 1 
18.25 -12.76 999.27 1 1 
14.34 -13.18 995.18 1 1 
11.72 -12.27 987.67 1 1 
16.11 -12.57 995.91 1 1 
19.84 -13.43 998.72 1 1 
13.49 -13.12 990.54 1 1 
12.63 -11.90 991.33 1 1 
17.09 -11.11 996.22 1 1 
14.71 -12.70 996.22 1 1 
12.51 -12.39 988.65 1 1 
16.60 -13.37 993.84 1 1 
18.13 -12.51 999.08 1 1 
12.76 -13.18 993.71 1 1 
10.80 -11.72 990.42 1 1 
16.78 -11.11 995.67 1 1 
17.58 -14.22 1000.55 1 1 
13.12 -13.06 988.04 1 1 
14.40 -11.84 992.92 1 1 
16.97 -12.27 1000.00 1 1 
13.18 -13.67 995.24 1 1 
11.29 -11.72 989.38 1 1 
16.85 -12.82 995.12 1 1 
19.23 -13.73 997.92 1 1 
13.43 -12.94 992.19 1 1 
12.39 -12.51 990.48 1 1 
16.66 -11.35 996.83 1 1 
14.40 -14.22 997.44 1 1 
13.31 -13.06 988.83 1 1 
17.82 -13.24 993.59 1 1 
15.38 -11.41 1000.00 1 1 
12.15 -12.51 989.38 1 1 
14.77 -12.51 990.11 1 1 
16.48 -11.23 997.99 1 1 
15.14 -14.71 996.40 1 1 
11.78 -11.84 989.93 1 1 
16.54 -12.88 994.63 1 1 
17.88 -11.84 998.60 1 1 
16.30 -13.43 992.92 1 1 
13.18 -13.18 989.81 1 1 
15.38 -10.62 996.77 1 1 
17.52 -14.71 996.22 1 1 
13.24 -12.15 990.84 1 1 
13.73 -12.57 992.37 1 1 
17.09 -12.39 997.80 1 1 
11.60 -12.39 995.97 1 1 
15.93 -10.31 992.43 1 1 
12.88 -17.33 992.86 1 1 
21.42 -11.35 993.59 1 1 
10.38 -9.03 995.85 1 1 
14.59 -12.39 994.51 1 1 
17.03 -14.10 993.53 1 1 
16.24 -13.43 994.38 1 1 
13.67 -12.94 994.69 1 1 
13.18 -12.94 994.26 0 1 
14.71 -13.18 994.08 0 1 
15.44 -12.88 994.63 0 1 
15.87 -13.18 994.32 0 1 
14.59 -12.39 993.96 0 1 
14.04 -11.96 994.38 0 1 
14.47 -12.63 994.32 0 1 
15.44 -13.00 994.75 0 1 
14.83 -12.02 994.08 0 1 
15.14 -13.06 994.45 0 1 
14.53 -12.39 994.57 0 1 
14.22 -12.70 994.87 0 1 
15.20 -12.21 994.57 0 0 
15.26 -12.94 994.75 0 0 
14.83 -12.57 994.26 0 0 
14.47 -12.76 994.38 0 0 
15.01 -12.08 994.69 0 0 
14.53 -12.45 994.63 0 0 
15.01 -12.45 994.51 0 0 
15.14 -12.39 995.06 0 0 
14.65 -12.94 994.45 0 0 
15.44 -12.88 994.69 0 0 
14.71 -12.51 994.57 0 0 
15.26 -12.76 994.38 0 0 
14.28 -12.82 994.51 0 0 
15.01 -12.57 994.51 0 0 
14.47 -12.45 994.57 0 0 
15.14 -12.88 994.57 0 0 
15.14 -12.88 994.51 0 0 
14.53 -12.88 994.75 0 0 
14.95 -12.08 994.69 0 0 
15.20 -12.57 994.45 0 0 
15.26 -12.39 994.69 0 0 
15.44 -12.57 995.12 0 0 
15.08 -12.45 994.57 0 0 
14.95 -12.70 994.57 0 0 
15.20 -12.21 994.93 0 0 
15.63 -12.39 994.75 0 0 
14.40 -12.63 994.38 0 0 
14.34 -12.88 994.32 0 0 
15.26 -12.70 994.63 0 0 
15.26 -12.27 994.81 0 0 
14.71 -12.45 994.93 0 0 
15.14 -12.70 994.20 0 0 
14.89 -12.88 994.63 0 0 
14.28 -12.51 994.63 0 0 
14.95 -12.02 994.63 0 0 
15.26 -12.94 994.75 0 0 
15.20 -13.00 994.75 0 0 
14.95 -12.76 994.08 0 0 
14.59 -12.51 993.96 0 0 
15.20 -12.51 994.32 0 0 
15.14 -12.27 994.63 0 0 
15.38 -12.51 994.51 0 0 
15.26 -13.06 994.63 0 0 
15.20 -13.06 994.32 0 0 
14.95 -12.76 994.57 0 0 
14.71 -12.76 994.63 0 0 
14.77 -13.00 994.45 0 0 
14.89 -12.39 994.57 0 0 
14.65 -12.82 994.51 0 0 
15.20 -12.45 994.69 0 0 
15.08 -13.06 994.45 0 0 
14.71 -12.70 994.51 0 0 
14.83 -12.76 994.45 0 0 
15.01 -12.51 994.08 0 0 
15.01 -12.88 994.32 0 0 
15.38 -12.76 994.45 0 0 
14.89 -12.76 994.51 0 0 
15.14 -12.15 994.69 0 0 
14.47 -12.70 994.45 0 0 
14.10 -12.63 994.69 0 0 
14.89 -12.63 994.57 0 0 
14.59 -12.45 994.51 0 0 
15.01 -12.82 994.75 0 0 
15.44 -12.94 994.81 0 0 
14.89 -12.88 994.32 0 0 
15.01 -13.12 994.26 0 0 
15.26 -12.57 994.38 0 0 
15.14 -12.45 994.26 0 0 
15.26 -12.88 994.51 0 0 
14.65 -13.00 993.84 0 0 
14.95 -12.33 993.84 0 0 
15.38 -12.57 993.96 0 0 
14.71 -12.76 993.84 0 0 
14.95 -12.76 994.32 0 0 
14.59 -12.45 993.71 0 0 
15.14 -12.63 993.41 0 0 
14.95 -12.94 994.26 0 0 
15.26 -12.82 993.90 0 0 
14.47 -12.39 993.71 0 0 
14.89 -12.51 994.08 0 0 
15.08 -12.70 993.90 0 0 
14.65 -12.51 993.90 0 0 
15.38 -13.24 994.02 0 0 
14.22 -13.00 994.14 0 0 
14.59 -12.51 993.96 0 0 
14.89 -12.88 993.84 0 0 
15.14 -12.27 993.77 0 0 
15.08 -12.82 994.20 0 0 
15.08 -12.57 993.90 0 0 
15.08 -12.45 993.41 0 0 
15.01 -12.88 993.71 0 0 
14.16 -12.63 993.84 0 0 
15.20 -13.31 993.77 0 0 
14.89 -13.43 993.71 0 0 
15.01 -12.33 993.77 0 0 
15.20 -12.82 993.53 0 0 
14.83 -12.45 993.77 0 0 
14.83 -12.76 993.71 0 0 
14.77 -12.94 993.96 0 0 
15.01 -12.27 993.84 0 0 
15.20 -12.27 993.77 0 0 
14.95 -12.63 993.53 0 0 
14.53 -12.39 994.20 0 0 
15.56 -12.39 993.41 0 0 
15.01 -12.33 993.59 0 0 
15.20 -12.76 993.59 0 0 
14.71 -13.31 993.10 0 0 
