-10.56 -1021.85 74.95 0 0 
-11.47 -1021.73 75.07 0 0 
-10.93 -1021.91 75.56 0 0 
-10.99 -1021.73 75.07 0 0 
-10.93 -1021.91 74.77 0 0 
-10.38 -1021.91 74.89 0 0 
-10.80 -1021.85 75.20 0 0 
-10.31 -1022.03 74.71 0 0 
-10.99 -1021.91 74.83 0 0 
-10.56 -1022.22 75.26 0 0 
-10.93 -1021.97 75.01 0 0 
-10.56 -1022.16 75.20 0 0 
-10.56 -1021.73 75.13 0 0 
-11.29 -1021.91 75.07 0 0 
-10.62 -1021.91 74.77 0 0 
-10.80 -1021.61 75.32 0 0 
-11.17 -1021.79 74.58 0 0 
-10.56 -1021.79 74.71 0 0 
-10.38 -1022.28 75.20 0 0 
-10.86 -1021.85 74.71 0 0 
-10.44 -1021.79 75.07 0 0 
-10.50 -1021.67 75.20 0 0 
-10.19 -1021.61 74.52 0 0 
-10.50 -1021.73 74.65 0 0 
-10.44 -1021.97 74.58 0 0 
-10.99 -1021.91 74.71 0 0 
-11.17 -1021.67 75.07 0 0 
-10.86 -1021.85 74.83 0 0 
-11.41 -1022.34 74.89 0 0 
-11.05 -1021.97 75.44 0 0 
-10.93 -1022.28 74.95 0 0 
-10.25 -1021.67 75.13 0 0 
-10.86 -1021.79 74.71 0 0 
-11.23 -1022.09 74.52 0 0 
-10.93 -1022.09 74.83 0 0 
-10.50 -1021.55 74.52 0 0 
-10.86 -1021.73 74.71 0 0 
-10.50 -1021.91 74.65 0 0 
-10.68 -1022.28 74.95 0 0 
-11.23 -1021.97 75.13 0 0 
-11.23 -1022.34 74.65 0 0 
-10.80 -1021.97 75.01 0 0 
-10.68 -1021.67 74.77 0 0 
-11.23 -1022.09 75.01 0 0 
-10.68 -1021.24 75.13 0 0 
-10.19 -1021.48 74.95 0 0 
-10.80 -1021.97 74.77 0 0 
-10.50 -1022.40 74.95 0 0 
-11.11 -1022.58 75.20 0 0 
-10.80 -1022.34 74.71 0 0 
-10.86 -1021.85 74.89 0 0 
-10.44 -1021.73 75.01 0 0 
-10.93 -1022.16 74.89 0 0 
-10.80 -1021.67 74.46 0 0 
-10.86 -1021.91 74.52 0 0 
-11.41 -1021.73 74.71 0 0 
-11.17 -1021.55 74.65 0 0 
-10.93 -1021.24 74.65 0 0 
-11.11 -1022.16 74.83 0 0 
-10.80 -1021.73 74.58 0 0 
-10.44 -1021.91 74.77 0 0 
-10.86 -1022.03 75.01 0 0 
-11.35 -1021.67 74.71 0 0 
-10.68 -1021.97 75.13 0 0 
-11.11 -1022.09 75.07 0 0 
-11.23 -1022.09 75.13 0 0 
-10.56 -1021.85 75.13 0 0 
-10.68 -1022.40 74.58 0 0 
-10.31 -1022.58 74.52 0 0 
-11.41 -1022.22 75.26 0 0 
-10.44 -1021.91 74.83 0 0 
-10.86 -1022.77 74.10 0 0 
-10.68 -1021.97 74.40 0 0 
-10.44 -1022.03 74.83 0 0 
-10.74 -1021.73 74.58 0 0 
-11.23 -1021.91 74.28 0 0 
-10.93 -1022.09 74.95 0 0 
-10.56 -1022.58 75.01 0 0 
-10.31 -1022.28 75.32 0 0 
-10.80 -1022.03 74.83 0 0 
-11.17 -1022.22 74.95 0 0 
-11.41 -1022.28 75.20 0 0 
-10.80 -1021.48 74.83 0 0 
-10.74 -1021.73 74.52 0 0 
-10.74 -1021.85 74.40 0 0 
-10.80 -1022.77 74.77 0 0 
-11.17 -1021.91 74.04 0 0 
-11.41 -1021.91 74.89 0 0 
-10.99 -1022.40 74.71 0 0 
-10.86 -1022.64 74.34 0 0 
-11.35 -1021.91 74.65 0 0 
-10.80 -1021.91 74.83 0 0 
-11.11 -1021.85 74.65 0 0 
-11.11 -1022.16 74.52 0 0 
-11.17 -1021.97 74.65 0 0 
-11.05 -1022.16 74.46 0 0 
-10.86 -1021.91 74.28 0 0 
-11.11 -1022.03 74.83 0 0 
-10.99 -1022.09 74.65 0 0 
-11.05 -1022.40 74.58 0 0 
-11.66 -1022.16 74.58 0 0 
-10.80 -1022.03 74.40 0 0 
-10.86 -1022.34 75.13 0 0 
-10.50 -1022.22 75.01 0 0 
-11.41 -1021.91 74.40 0 0 
-11.05 -1021.97 74.58 0 0 
-10.74 -1022.22 74.52 0 0 
-10.93 -1022.16 74.65 0 0 
-10.86 -1021.73 74.77 0 0 
-10.93 -1021.97 74.22 0 0 
-11.05 -1022.40 74.83 0 0 
-10.68 -1022.46 75.38 0 0 
-10.86 -1022.09 74.77 0 0 
-11.47 -1022.03 74.65 0 0 
-10.74 -1022.34 74.46 0 0 
-11.29 -1021.79 74.71 0 0 
-10.93 -1021.73 74.65 0 0 
-11.17 -1022.28 74.46 0 0 
-11.05 -1021.85 74.52 0 0 
-11.47 -1021.30 75.01 0 0 
-11.29 -1021.91 74.89 0 0 
-11.41 -1022.28 74.65 0 0 
-11.17 -1022.28 74.89 0 0 
-11.23 -1021.85 74.89 0 0 
-11.17 -1021.85 75.01 0 0 
-11.47 -1022.40 74.77 0 0 
-11.35 -1022.09 74.77 0 0 
-10.93 -1021.97 74.65 0 0 
-10.93 -1022.09 74.71 0 0 
-10.93 -1022.03 74.52 0 0 
-11.41 -1022.28 75.01 0 0 
-10.86 -1021.97 74.83 0 0 
-11.23 -1021.85 75.20 0 0 
-11.41 -1022.09 74.40 0 0 
-10.68 -1021.61 74.65 0 0 
-10.93 -1021.85 74.52 0 0 
-11.29 -1021.91 74.83 0 0 
-10.74 -1022.52 74.89 0 1 
-9.28 -1019.53 76.48 0 1 
-8.00 -844.73 71.66 0 1 
-14.65 -674.99 75.74 0 1 
-10.68 -699.04 78.86 0 1 
-10.44 -724.18 77.21 0 1 
-12.27 -719.24 71.17 0 1 
-10.25 -712.16 74.58 0 1 
-10.13 -730.83 77.88 0 1 
-12.57 -729.55 73.55 0 1 
-13.24 -717.53 71.90 0 1 
-10.86 -709.84 75.81 0 1 
-10.31 -715.33 78.74 1 1 
-10.62 -727.84 77.82 1 1 
-10.44 -723.14 75.26 1 1 
-12.39 -716.25 73.30 1 1 
-11.05 -716.31 73.24 1 1 
-11.29 -711.18 74.34 1 1 
-10.62 -717.10 75.32 1 1 
-10.68 -722.72 78.12 1 1 
-10.93 -725.16 77.09 1 1 
-11.60 -725.46 75.38 1 1 
-11.90 -719.06 73.73 1 1 
-11.72 -717.71 74.46 1 1 
-11.72 -709.90 73.67 1 1 
-11.78 -710.02 73.61 1 1 
-11.72 -705.02 74.16 1 1 
-10.99 -702.76 74.71 1 1 
-10.74 -701.29 75.93 1 1 
-10.50 -702.09 75.68 1 1 
-11.90 -702.70 76.66 1 1 
-9.95 -700.07 75.26 1 1 
-11.72 -701.90 77.09 1 1 
-10.74 -703.31 75.87 1 1 
-11.78 -706.12 76.23 1 1 
-10.99 -702.03 74.34 1 1 
-10.86 -705.20 75.20 1 1 
-11.05 -715.58 74.89 1 1 
-10.19 -718.32 74.83 1 1 
-10.80 -722.60 74.10 1 1 
-11.35 -723.14 73.61 1 1 
-11.54 -721.37 74.16 1 1 
-11.60 -709.11 74.04 1 1 
-11.05 -710.63 74.71 1 1 
-11.60 -715.58 74.77 1 1 
-11.35 -715.27 75.50 1 1 
-11.72 -713.44 74.16 1 1 
-10.86 -711.67 74.95 1 1 
-11.54 -713.38 75.32 1 1 
-10.86 -713.75 74.95 1 1 
-10.80 -713.01 74.95 1 1 
-11.05 -711.67 75.38 1 1 
-11.41 -710.21 74.95 1 1 
-10.68 -708.92 74.95 1 1 
-11.23 -707.52 75.20 1 1 
-10.93 -708.80 75.56 1 1 
-10.44 -709.35 75.87 1 1 
-10.56 -707.28 76.42 1 1 
-11.05 -705.44 75.74 1 1 
-11.11 -707.82 75.44 1 1 
-10.93 -706.48 75.26 1 1 
-10.93 -706.48 75.50 1 1 
-11.23 -703.92 74.71 0 1 
-11.17 -703.98 73.73 0 1 
-11.05 -704.71 73.43 0 1 
-10.80 -707.64 73.91 0 1 
-10.93 -710.82 75.01 0 1 
-11.11 -712.83 75.20 0 1 
-10.25 -714.29 75.44 0 1 
-10.50 -715.15 76.11 0 1 
-10.99 -713.75 76.60 0 1 
-11.05 -713.38 76.90 0 1 
-10.74 -713.01 76.97 1 1 
-10.86 -714.97 75.56 1 1 
-11.29 -714.78 75.13 1 1 
-11.35 -716.86 74.34 1 1 
-11.41 -714.60 75.01 1 1 
-11.11 -715.03 75.26 1 1 
-11.29 -715.09 75.68 1 1 
-10.68 -715.45 76.05 1 1 
-10.86 -715.33 75.99 1 1 
-11.11 -715.15 75.87 1 1 
-10.68 -715.09 75.56 0 1 
-10.80 -714.97 75.56 0 1 
-10.74 -715.33 75.07 0 1 
-10.99 -716.13 76.05 0 1 
-10.62 -714.05 76.29 0 1 
-10.74 -713.26 76.35 0 1 
-10.74 -714.42 75.93 0 1 
-10.56 -715.15 75.56 0 1 
-10.44 -712.77 75.62 0 1 
-10.07 -711.06 76.35 0 1 
-10.86 -710.94 76.17 0 1 
-11.29 -708.50 75.44 0 1 
-11.05 -712.59 75.44 0 1 
-11.05 -710.94 75.38 0 1 
-10.93 -710.02 75.20 0 1 
-11.66 -710.82 74.40 0 1 
-11.35 -709.66 74.16 0 1 
-10.62 -710.57 74.16 0 1 
-11.54 -711.73 74.34 0 1 
-11.17 -712.52 75.07 0 1 
-10.86 -714.05 75.68 0 1 
-10.93 -713.68 75.32 0 1 
-11.11 -714.17 75.32 0 1 
-10.62 -713.75 75.62 0 1 
-10.99 -714.48 75.74 0 1 
-11.23 -715.39 75.99 0 1 
-11.11 -715.39 76.60 0 1 
-11.17 -712.59 76.05 0 1 
-10.99 -714.11 75.74 0 1 
-11.29 -714.54 75.01 0 1 
-11.29 -715.94 75.68 0 1 
-11.23 -716.37 75.93 0 1 
-10.07 -715.58 76.35 0 1 
-10.44 -713.32 77.51 0 1 
-10.13 -710.88 77.09 0 1 
-10.62 -710.88 77.15 0 1 
-10.74 -711.18 76.66 0 1 
-10.31 -710.75 76.23 0 1 
-10.86 -708.01 75.50 0 1 
-11.54 -705.63 74.71 0 1 
-11.11 -707.82 74.16 1 1 
-11.41 -710.21 74.40 1 1 
-10.62 -711.00 74.71 1 1 
-10.99 -713.68 75.26 1 1 
-10.93 -713.62 76.54 1 1 
-11.05 -713.62 75.99 1 1 
-10.99 -714.54 76.05 1 1 
-10.68 -713.75 75.68 1 1 
-10.86 -714.97 76.23 1 1 
-10.99 -713.93 76.11 1 1 
-11.05 -715.27 76.05 0 1 
-10.19 -713.93 76.35 0 1 
-10.44 -714.72 76.90 0 1 
-10.44 -712.40 77.70 0 1 
-10.31 -708.31 77.39 0 1 
-10.25 -709.29 76.97 0 1 
-11.05 -708.62 76.11 0 1 
-11.17 -707.95 75.26 0 1 
-10.93 -710.21 75.20 0 1 
-11.90 -709.78 74.40 0 1 
-11.17 -708.86 74.04 0 1 
-10.99 -712.83 75.56 0 1 
-10.86 -715.76 75.81 0 1 
-10.74 -715.15 76.60 0 1 
-10.80 -714.23 76.90 0 1 
-10.25 -714.48 78.19 0 1 
-10.31 -709.59 78.19 0 1 
-10.50 -707.03 77.64 0 1 
-10.44 -706.30 76.23 0 1 
-11.47 -704.10 74.95 0 1 
-11.60 -706.91 73.79 1 1 
-11.11 -710.75 75.13 1 1 
-10.68 -714.29 75.93 1 1 
-10.19 -714.42 76.42 1 1 
-10.56 -715.64 76.90 1 1 
-10.99 -715.94 76.54 1 1 
-10.62 -714.29 75.81 1 1 
-10.86 -712.16 74.95 1 1 
-11.29 -713.44 75.87 1 1 
-10.68 -715.27 76.11 1 1 
-10.86 -713.38 77.27 1 1 
-10.31 -713.01 77.88 1 1 
-10.31 -711.30 78.43 1 1 
-10.01 -706.60 78.00 1 1 
-10.74 -704.41 76.90 1 1 
-10.74 -706.48 76.60 1 1 
-10.50 -706.67 75.74 1 1 
-10.86 -704.47 73.49 1 1 
-11.05 -709.11 74.58 1 1 
-10.68 -713.81 76.84 1 1 
-9.64 -711.73 79.10 1 1 
-9.28 -702.94 79.59 1 1 
-10.80 -697.39 76.84 1 1 
-11.96 -698.43 73.43 1 1 
-11.47 -707.64 73.36 1 1 
-10.68 -712.16 76.90 1 1 
-10.56 -711.73 78.92 1 1 
-10.50 -707.70 78.98 1 1 
-9.64 -702.15 77.64 1 1 
-10.56 -702.70 76.29 1 1 
-11.72 -701.29 74.46 1 1 
-11.66 -706.36 73.00 1 1 
-10.74 -713.26 76.90 1 1 
-10.19 -711.24 79.83 1 1 
-9.89 -703.80 78.98 1 1 
-10.86 -695.07 76.48 1 1 
-11.23 -698.24 72.27 1 1 
-11.41 -710.57 74.89 1 1 
-9.09 -710.51 78.61 1 1 
-10.01 -701.05 78.92 1 1 
-10.93 -693.42 75.62 1 1 
-11.35 -700.32 71.96 1 1 
-11.23 -712.04 76.72 1 1 
-9.34 -707.82 80.63 1 1 
-10.13 -695.50 78.49 1 1 
-11.66 -693.60 72.94 1 1 
-11.47 -705.51 73.24 1 1 
-10.62 -711.79 77.45 1 1 
-9.58 -709.05 79.53 1 1 
-9.95 -700.99 78.25 1 1 
-11.84 -692.38 74.16 1 1 
-11.84 -702.15 72.45 1 1 
-10.07 -710.69 78.74 1 1 
-9.46 -701.05 79.83 1 1 
-10.86 -695.98 77.33 1 1 
-11.66 -698.49 73.73 1 1 
-11.23 -705.81 72.81 1 1 
-11.17 -713.50 76.90 1 1 
-9.89 -707.70 79.77 1 1 
-9.70 -701.48 79.04 1 1 
-10.99 -693.79 75.68 1 1 
-11.78 -699.28 72.81 1 1 
-11.11 -708.19 74.65 1 1 
-10.25 -711.00 78.92 1 1 
-8.85 -700.20 79.47 1 1 
-11.47 -690.12 75.68 1 1 
-11.41 -698.00 71.04 1 1 
-10.93 -710.33 76.97 1 1 
-9.95 -706.42 80.20 1 1 
-10.13 -696.96 77.94 1 1 
-11.78 -693.85 73.97 1 1 
-11.54 -703.49 72.88 1 1 
-11.05 -712.22 76.17 1 1 
-10.38 -712.46 78.12 1 1 
-10.31 -709.47 78.43 1 1 
-10.07 -704.90 78.55 1 1 
-11.35 -694.40 75.50 1 1 
-11.66 -699.28 71.66 1 1 
-10.99 -710.94 75.68 1 1 
-10.07 -708.62 78.19 1 1 
-9.95 -706.42 78.00 1 1 
-10.25 -702.21 77.27 1 1 
-11.72 -698.97 75.74 1 1 
-10.56 -705.51 74.34 1 1 
-10.62 -707.40 73.79 1 1 
-11.23 -711.30 75.56 1 1 
-10.19 -712.52 76.66 1 1 
-9.95 -711.98 78.25 1 1 
-9.95 -707.34 78.37 1 1 
-10.50 -703.19 77.51 1 1 
-10.74 -704.71 76.42 1 1 
-11.72 -704.47 75.13 1 1 
-11.54 -705.02 73.49 1 1 
-11.35 -708.92 74.22 1 1 
-11.41 -714.11 75.81 1 1 
-10.25 -714.36 77.70 1 1 
-9.34 -707.52 79.41 1 1 
-9.70 -700.56 77.39 1 1 
-11.23 -700.74 75.26 1 1 
-11.47 -702.76 73.24 1 1 
-10.13 -708.56 73.73 1 1 
-11.05 -714.84 76.42 1 1 
-10.13 -712.83 78.25 1 1 
-10.31 -709.05 78.92 1 1 
-10.13 -704.10 78.12 1 1 
-10.31 -700.87 77.76 1 1 
-11.05 -698.67 75.32 1 1 
-10.99 -700.32 73.36 1 1 
-11.54 -708.86 74.40 1 1 
-11.05 -712.16 77.33 1 1 
-10.50 -710.39 78.00 1 1 
-9.77 -710.02 77.64 1 1 
-10.44 -709.17 77.58 1 1 
-10.01 -703.80 77.33 1 1 
-10.68 -704.16 76.42 1 1 
-12.08 -705.38 75.26 1 1 
-11.05 -712.10 74.83 1 1 
-10.62 -715.45 74.16 1 1 
-10.74 -715.82 75.20 1 1 
-10.68 -718.63 76.17 1 1 
-10.50 -721.31 76.23 1 1 
-11.29 -714.54 76.90 1 1 
-11.35 -722.41 76.84 1 1 
-9.89 -731.26 76.48 1 1 
-9.70 -727.54 76.35 1 1 
-10.38 -718.99 76.35 1 1 
-11.11 -715.39 75.68 1 1 
-10.74 -714.42 75.68 1 1 
-10.74 -713.93 75.38 1 1 
-11.17 -713.13 76.17 1 1 
-11.11 -713.75 76.90 1 1 
-10.44 -713.32 77.70 1 1 
-10.38 -710.51 77.70 1 1 
-10.19 -706.79 78.31 1 1 
-10.19 -701.29 77.76 1 1 
-11.47 -701.35 76.11 1 1 
-11.35 -701.17 74.89 1 1 
-11.41 -704.22 74.04 1 1 
-11.17 -707.64 74.83 1 1 
-12.08 -710.27 75.87 1 1 
-10.50 -710.82 77.51 1 1 
-10.62 -709.66 78.06 1 1 
-10.44 -707.40 77.51 1 1 
-10.07 -705.99 77.45 1 1 
-10.13 -702.21 77.45 1 1 
-11.72 -701.72 75.81 1 1 
-11.11 -704.04 75.44 1 1 
-10.99 -706.42 74.83 1 1 
-10.80 -706.30 74.28 1 1 
-10.93 -707.34 74.58 1 1 
-11.29 -709.41 75.44 1 1 
-10.80 -711.24 76.72 1 1 
-10.62 -710.21 76.66 1 1 
-10.19 -708.98 77.76 1 1 
-9.58 -704.47 78.43 1 1 
-10.38 -698.12 77.33 1 1 
-11.23 -694.70 74.22 1 1 
-11.29 -701.17 72.94 1 1 
-10.80 -708.37 75.13 1 1 
-10.44 -708.25 76.35 1 1 
-10.50 -711.00 77.70 1 1 
-10.44 -709.78 77.94 1 1 
-9.89 -706.30 77.51 1 1 
-10.80 -704.96 77.39 1 1 
-10.50 -705.14 76.72 1 1 
-10.74 -702.76 75.44 1 1 
-11.47 -701.54 74.71 1 1 
-11.05 -702.64 72.63 1 1 
-10.50 -706.36 74.34 1 1 
-10.93 -711.49 76.48 1 1 
-10.44 -709.78 77.09 1 1 
-10.13 -708.74 77.88 1 1 
-10.19 -705.38 77.21 1 1 
-10.38 -702.88 77.15 1 1 
-10.68 -702.09 76.42 1 1 
-10.74 -701.48 75.01 1 1 
-11.23 -703.49 74.22 1 1 
-11.05 -704.35 73.61 1 1 
-10.80 -707.95 74.71 1 1 
-11.23 -710.02 75.26 1 1 
-11.05 -711.24 75.81 1 1 
-10.38 -711.06 76.42 1 1 
-10.80 -711.91 77.15 1 1 
-9.89 -708.80 77.88 1 1 
-9.95 -704.90 77.51 1 1 
-10.44 -704.53 76.17 1 1 
-10.56 -701.60 75.38 1 1 
-11.17 -699.65 73.12 1 1 
-10.86 -702.88 72.69 1 1 
-10.68 -709.84 75.38 1 1 
-10.50 -710.14 76.23 1 1 
-10.68 -711.55 77.58 1 1 
-9.64 -705.44 78.12 1 1 
-10.01 -702.09 77.33 1 1 
-10.99 -699.89 75.74 1 1 
-11.05 -699.52 74.34 1 1 
-10.68 -704.53 73.91 1 1 
-11.17 -706.67 73.43 1 1 
-10.86 -709.35 75.87 1 1 
-10.01 -708.44 77.15 1 1 
-10.19 -706.12 78.00 1 1 
-10.31 -702.03 77.39 1 1 
-10.50 -697.57 75.99 1 1 
-10.93 -698.30 73.79 1 1 
-10.86 -704.22 73.30 1 1 
-10.86 -709.66 74.83 1 1 
-10.38 -712.83 77.27 1 1 
-9.70 -706.54 79.04 1 1 
-9.46 -699.34 77.94 1 1 
-11.84 -694.82 74.65 1 1 
-11.78 -700.68 71.41 1 1 
-11.23 -710.21 75.44 1 1 
-9.83 -708.13 79.28 1 1 
-10.19 -699.83 78.25 1 1 
-11.29 -695.98 75.26 1 1 
-11.23 -697.75 71.90 1 1 
-12.15 -706.48 74.28 1 1 
-10.99 -711.79 76.72 1 1 
-10.07 -710.21 77.82 1 1 
-9.58 -705.63 78.67 1 1 
-10.50 -698.79 77.27 1 1 
-11.90 -696.11 73.30 1 1 
-10.68 -704.96 72.14 1 1 
-11.05 -712.10 76.42 1 1 
-9.34 -708.19 78.37 1 1 
-10.01 -703.61 78.12 1 1 
-10.38 -700.74 76.78 1 1 
-11.29 -698.97 74.52 1 1 
-11.05 -701.48 71.90 1 1 
-11.05 -709.78 75.32 1 1 
-9.40 -709.17 78.86 1 1 
-9.52 -702.27 79.10 1 1 
-10.99 -693.91 76.05 1 1 
-11.47 -697.20 72.69 1 1 
-11.05 -704.77 73.36 1 1 
-10.62 -711.43 76.90 1 1 
-9.95 -703.98 79.10 1 1 
-10.13 -700.74 77.76 1 1 
-11.17 -698.49 76.23 1 1 
-11.96 -699.46 73.55 1 1 
-11.47 -703.67 73.06 1 1 
-10.93 -709.17 75.87 1 1 
-10.50 -710.27 76.72 1 1 
-10.25 -710.14 77.33 1 1 
-10.13 -708.37 78.49 1 1 
-9.95 -700.01 77.64 1 1 
-11.60 -696.04 75.56 1 1 
-11.41 -699.58 72.94 1 1 
-11.41 -707.52 74.46 1 1 
-10.93 -711.91 77.70 1 1 
-10.07 -705.02 79.47 1 1 
-10.31 -700.44 78.31 1 1 
-10.86 -697.45 75.99 1 1 
-11.66 -697.57 73.61 1 1 
-11.41 -704.77 73.85 1 1 
-10.80 -710.75 76.90 1 1 
-10.07 -707.95 78.86 1 1 
-10.62 -704.96 78.43 1 1 
-9.58 -703.55 77.09 1 1 
-10.62 -696.35 75.87 1 1 
-11.29 -696.35 72.14 1 1 
-10.99 -705.44 74.89 1 1 
-10.13 -709.35 78.67 1 1 
-9.95 -700.50 79.83 1 1 
-10.44 -691.89 76.54 1 1 
-11.47 -694.21 72.75 1 1 
-11.41 -705.57 73.43 1 1 
-10.13 -707.95 78.80 1 1 
-9.83 -701.17 79.59 1 1 
-10.44 -692.81 76.23 1 1 
-11.84 -693.97 72.45 1 1 
-11.23 -706.54 74.16 1 1 
-10.50 -708.68 79.41 1 1 
-9.16 -697.45 79.59 1 1 
-10.99 -687.50 75.13 1 1 
-11.66 -696.78 72.08 1 1 
-10.74 -709.29 76.78 1 1 
-9.89 -702.88 79.90 1 1 
-9.64 -692.14 77.94 1 1 
-12.33 -688.90 72.88 1 1 
-11.78 -704.16 74.04 1 1 
-10.01 -708.44 79.28 1 1 
-9.34 -697.94 79.59 1 1 
-11.29 -694.58 76.17 1 1 
-11.35 -696.72 72.14 1 1 
-11.11 -704.22 74.22 1 1 
-10.31 -710.63 77.03 1 1 
-9.64 -710.57 78.74 1 1 
-9.52 -700.01 79.10 1 1 
-10.86 -689.15 75.68 1 1 
-11.66 -696.59 71.78 1 1 
-10.74 -707.15 75.44 1 1 
-10.19 -706.91 79.53 1 1 
-9.77 -701.78 78.55 1 1 
-10.01 -700.32 77.21 1 1 
-11.54 -691.89 74.65 1 1 
-11.11 -699.71 72.39 1 1 
-11.23 -708.19 75.07 1 1 
-10.25 -709.53 77.94 1 1 
-10.19 -705.44 78.37 1 1 
-10.80 -706.24 77.82 1 1 
-10.56 -704.59 77.51 1 1 
-10.99 -700.07 76.29 1 1 
-11.23 -701.35 74.65 1 1 
-10.93 -701.60 73.43 1 1 
-10.56 -707.09 74.40 1 1 
-10.86 -709.72 75.56 1 1 
-11.11 -711.24 75.68 1 1 
-11.05 -711.55 76.48 1 1 
-10.07 -709.96 76.66 1 1 
-10.56 -710.63 76.78 1 1 
-10.31 -710.21 76.84 1 1 
-10.25 -709.47 76.97 1 1 
-10.07 -708.74 76.11 1 1 
-10.31 -709.47 76.60 1 1 
-10.56 -709.29 77.21 1 1 
-10.62 -706.12 76.54 1 1 
-10.68 -708.44 76.72 1 1 
-10.56 -705.57 76.48 1 1 
-11.05 -704.90 76.35 1 1 
-10.44 -705.02 75.81 0 1 
-11.05 -702.94 75.26 0 1 
-10.86 -706.12 75.44 0 1 
-10.38 -709.59 75.44 0 1 
-11.23 -707.70 74.77 0 1 
-10.74 -707.89 74.77 0 1 
-10.62 -709.72 75.93 0 1 
-10.38 -709.41 75.93 0 1 
-10.56 -709.96 76.23 0 1 
-10.31 -710.14 76.23 0 1 
-10.56 -709.11 76.54 0 1 
-10.31 -709.35 76.90 0 1 
-10.25 -708.86 77.58 0 1 
-9.64 -706.48 78.00 0 1 
-9.95 -703.74 77.51 0 1 
-10.19 -702.27 77.27 0 1 
-11.05 -702.58 76.29 0 1 
-10.99 -705.26 76.42 0 1 
-11.05 -704.22 75.13 0 1 
-10.93 -703.19 74.22 0 1 
-10.56 -704.16 74.46 0 1 
-10.80 -706.48 74.89 0 1 
-10.80 -708.86 75.81 0 1 
-10.19 -708.01 76.72 0 1 
-10.62 -709.59 77.03 0 1 
-10.25 -707.58 77.33 0 1 
-9.70 -705.63 77.64 0 1 
-10.13 -702.09 78.49 0 1 
-10.99 -698.06 76.60 0 1 
-11.05 -695.13 73.85 0 1 
-10.68 -699.95 73.18 1 1 
-11.41 -706.91 75.44 1 1 
-10.07 -708.74 77.70 1 1 
-9.70 -703.86 78.98 1 1 
-9.89 -699.28 78.49 1 1 
-10.80 -696.11 76.78 1 1 
-11.72 -694.27 73.36 1 1 
-11.35 -700.38 73.24 1 1 
-10.86 -707.15 75.74 1 1 
-10.07 -707.64 77.21 1 1 
-10.25 -706.91 77.51 1 1 
-9.83 -708.19 77.15 1 1 
-9.83 -705.69 77.88 1 1 
-10.01 -704.53 77.82 1 1 
-10.44 -703.00 77.27 1 1 
-10.50 -702.76 76.66 1 1 
-10.93 -700.68 75.93 1 1 
-10.56 -700.87 74.71 1 1 
-11.17 -704.90 75.50 1 1 
-11.17 -706.24 75.68 1 1 
-10.25 -706.12 75.93 1 1 
-10.44 -707.15 75.81 1 1 
-10.99 -707.58 75.74 1 1 
-10.62 -708.07 76.42 1 1 
-10.80 -708.19 75.81 1 1 
-10.38 -707.58 76.29 1 1 
-10.62 -708.50 76.23 1 1 
-10.50 -708.01 75.99 1 1 
-10.50 -708.98 76.23 1 1 
-10.68 -708.56 76.54 1 1 
-10.68 -708.50 76.60 0 1 
-10.56 -708.68 76.78 0 1 
-10.62 -709.90 77.09 0 1 
-10.80 -710.02 77.33 0 1 
-10.31 -710.69 78.31 0 1 
-10.50 -714.17 78.37 0 1 
-10.19 -715.58 78.00 0 1 
-10.38 -718.93 76.11 0 1 
-11.23 -718.08 74.65 0 1 
-11.41 -714.17 74.10 0 1 
-10.74 -708.98 74.40 0 1 
-9.89 -709.66 77.33 0 1 
-10.38 -717.83 80.14 0 1 
-10.19 -724.73 77.94 0 1 
-11.17 -718.87 74.77 0 1 
-11.60 -713.44 73.79 0 1 
-11.29 -708.56 74.46 0 1 
-10.13 -708.98 77.39 0 1 
-9.83 -717.41 80.26 0 1 
-10.25 -721.74 77.51 0 1 
-11.60 -718.87 74.40 1 1 
-11.90 -712.52 73.55 1 1 
-11.29 -707.64 75.07 1 1 
-10.01 -712.89 79.28 1 1 
-9.64 -724.24 78.92 1 1 
-11.90 -723.63 73.79 1 1 
-11.35 -710.02 73.79 1 1 
-9.03 -723.75 81.91 1 1 
-11.54 -729.43 74.34 1 1 
-11.96 -712.04 72.88 1 1 
-9.83 -717.04 81.05 1 1 
-10.25 -732.73 76.48 1 1 
-11.72 -714.84 71.78 1 1 
-9.64 -713.81 79.28 1 1 
-10.19 -731.81 77.58 1 1 
-12.21 -716.80 71.23 1 1 
-9.89 -711.91 78.06 1 1 
-9.64 -729.86 78.98 1 1 
-12.82 -718.69 71.90 1 1 
-10.38 -708.62 77.15 1 1 
-9.40 -729.37 80.87 1 1 
-12.02 -721.19 71.35 1 1 
-10.25 -708.31 75.87 1 1 
-8.67 -730.04 80.69 1 1 
-12.15 -720.46 71.11 1 1 
-9.46 -713.50 79.16 1 1 
-10.68 -734.01 77.21 1 1 
-12.08 -710.75 71.84 1 1 
-8.73 -722.78 82.15 1 1 
-11.47 -728.03 72.75 1 1 
-10.80 -708.50 75.44 1 1 
-9.22 -731.57 80.44 1 1 
-12.82 -718.51 71.11 1 1 
-9.28 -715.82 80.75 1 1 
-11.29 -732.85 74.52 1 1 
-10.93 -709.84 74.52 1 1 
-9.52 -735.17 80.51 1 1 
-11.54 -714.48 70.68 1 1 
-9.58 -722.72 81.97 1 1 
-11.90 -727.42 71.59 1 1 
-9.89 -712.16 78.74 1 1 
-10.62 -734.25 76.05 1 1 
-11.11 -710.02 73.36 1 1 
-10.01 -734.86 80.69 1 1 
-11.47 -714.72 71.23 1 1 
-8.79 -731.14 82.34 1 1 
-12.88 -719.97 70.01 1 1 
-9.03 -726.75 82.28 1 1 
-12.33 -724.85 70.98 1 1 
-9.34 -716.74 80.93 1 1 
-11.29 -731.45 73.18 1 1 
-10.13 -710.69 77.88 1 1 
-10.56 -735.84 76.48 1 1 
-11.17 -710.27 74.46 1 1 
-9.77 -734.99 80.14 1 1 
-11.90 -711.91 70.80 1 1 
-8.91 -725.46 82.40 1 1 
-12.33 -722.72 70.74 1 1 
-9.46 -716.00 80.26 1 1 
-11.60 -731.93 73.61 1 1 
-10.68 -709.23 75.87 1 1 
-9.77 -734.68 78.61 1 1 
-12.08 -711.43 71.78 1 1 
-9.46 -727.78 82.40 1 1 
-12.15 -720.95 70.80 1 1 
-10.19 -712.65 79.96 1 1 
-11.17 -730.35 75.13 1 1 
-10.74 -706.73 73.18 1 1 
-8.85 -728.58 81.79 1 1 
-12.70 -718.87 70.56 1 1 
-9.28 -719.67 81.67 1 1 
-12.02 -727.78 71.84 1 1 
-9.83 -712.83 79.16 1 1 
-11.23 -733.22 75.38 1 1 
-10.68 -707.89 74.52 1 1 
-9.16 -732.36 80.69 1 1 
-11.78 -713.07 71.23 1 1 
-8.97 -720.21 82.09 1 1 
-11.11 -725.28 72.20 1 1 
-10.01 -708.07 76.97 1 1 
-9.89 -732.97 77.33 1 1 
-11.54 -707.09 72.20 1 1 
-8.12 -724.12 81.42 1 1 
-12.27 -720.52 70.92 1 1 
-10.44 -707.82 78.25 1 1 
-10.44 -730.77 77.09 1 1 
-11.05 -707.46 71.78 1 1 
-8.85 -724.61 82.09 1 1 
-12.21 -721.13 71.11 1 1 
-10.25 -709.90 78.37 1 1 
-10.74 -732.24 76.90 1 1 
-11.66 -707.89 71.84 1 1 
-9.16 -724.24 81.67 1 1 
-13.00 -720.76 70.62 1 1 
-9.46 -711.67 78.92 1 1 
-10.56 -730.29 75.20 1 1 
-10.80 -707.15 73.61 1 1 
-9.03 -727.97 81.18 1 1 
-12.45 -714.36 70.68 1 1 
-9.16 -714.36 80.57 1 1 
-10.80 -728.70 73.43 1 1 
-10.62 -706.48 75.32 1 1 
-9.95 -733.03 78.61 1 1 
-12.08 -708.92 71.78 1 1 
-9.40 -730.77 80.63 1 1 
-12.02 -712.46 70.25 1 1 
-9.22 -729.92 81.12 1 1 
-12.57 -714.48 70.19 1 1 
-8.97 -724.30 82.28 1 1 
-12.15 -720.58 70.56 1 1 
-9.09 -717.29 80.99 1 1 
-12.33 -726.87 71.90 1 1 
-9.89 -710.27 78.49 1 1 
-11.35 -731.87 74.34 1 1 
-10.80 -707.95 76.42 1 1 
-10.80 -732.60 77.03 1 1 
-11.41 -707.09 73.43 1 1 
-9.52 -732.18 79.83 1 1 
-11.84 -709.53 70.50 1 1 
-9.52 -726.32 81.91 1 1 
-12.88 -717.96 70.37 1 1 
-8.97 -718.69 81.54 1 1 
-12.02 -723.45 70.92 1 1 
-9.34 -713.01 80.08 1 1 
-11.66 -727.91 71.72 1 1 
-9.22 -715.15 79.65 1 1 
-11.72 -727.11 70.92 1 1 
-9.28 -719.06 80.93 1 1 
-12.63 -724.30 70.01 1 1 
-9.70 -725.59 82.09 1 1 
-12.70 -717.83 69.95 1 1 
-9.28 -730.83 80.51 1 1 
-11.47 -713.38 71.29 1 1 
-9.52 -735.90 78.92 1 1 
-10.44 -711.49 74.95 1 1 
-11.05 -734.80 75.26 1 1 
-9.83 -711.98 77.64 1 1 
-10.86 -731.87 72.94 1 1 
-9.09 -716.31 79.96 1 1 
-11.96 -725.71 70.01 1 1 
-8.61 -723.57 81.18 1 1 
-11.72 -722.53 72.33 1 1 
-11.23 -703.49 72.69 1 1 
-9.89 -706.97 79.16 1 1 
-9.58 -719.91 78.49 1 1 
-11.84 -717.83 72.51 1 1 
-11.17 -706.30 73.18 1 1 
-10.19 -703.43 76.05 1 1 
-10.62 -710.21 79.65 1 1 
-10.31 -717.77 77.76 1 1 
-11.11 -713.75 74.28 1 1 
-11.54 -708.56 73.06 1 1 
-10.93 -701.60 73.97 1 1 
-10.56 -710.14 79.41 1 1 
-10.31 -722.53 78.43 1 1 
-11.60 -716.00 71.96 1 1 
-10.99 -703.74 73.61 1 1 
-9.46 -712.89 80.02 1 1 
-10.68 -720.40 76.78 1 1 
-11.66 -712.46 72.75 1 1 
-11.60 -705.02 73.55 1 1 
-10.13 -703.00 76.72 1 1 
-9.89 -710.88 79.35 1 1 
-9.89 -717.90 77.58 1 1 
-11.47 -713.20 74.10 1 1 
-11.54 -708.62 73.06 1 1 
-10.80 -702.64 74.28 1 1 
-10.25 -703.80 76.72 1 1 
-9.64 -711.36 79.53 1 1 
-10.74 -716.61 77.45 1 1 
-10.80 -713.62 74.28 1 1 
-11.90 -709.53 73.49 1 1 
-11.17 -702.51 74.04 1 1 
-9.95 -703.86 76.84 1 1 
-9.95 -709.23 78.49 1 1 
-10.13 -709.29 77.94 1 1 
-10.31 -708.80 76.29 1 1 
-10.68 -711.61 75.44 1 1 
-11.05 -709.05 74.65 1 1 
-11.17 -705.08 74.77 1 1 
-11.35 -702.70 74.46 1 1 
-10.38 -701.11 75.01 1 1 
-9.89 -702.45 76.78 1 1 
-10.56 -704.65 77.70 1 1 
-10.74 -705.38 77.39 1 1 
-10.86 -705.93 77.15 1 1 
-10.62 -706.30 77.27 1 1 
-9.95 -703.19 76.66 1 1 
-10.07 -703.92 76.23 1 1 
-10.38 -706.54 76.05 1 1 
-9.46 -705.32 75.87 1 1 
-10.62 -703.37 75.87 1 1 
-10.93 -702.27 76.05 1 1 
-11.47 -702.45 75.74 1 1 
-10.99 -703.37 75.50 1 1 
-10.80 -703.00 75.62 1 1 
-10.62 -702.88 75.62 1 1 
-11.05 -701.54 76.35 1 1 
-11.05 -702.45 75.56 1 1 
-10.74 -701.66 75.68 1 1 
-10.80 -701.17 75.44 0 1 
-10.93 -700.81 76.35 0 1 
-11.47 -701.66 76.35 0 1 
-10.74 -702.58 75.20 0 1 
-10.44 -701.60 75.50 0 1 
-10.93 -701.84 75.68 0 1 
-10.86 -701.54 75.68 0 1 
-10.99 -701.60 75.13 0 1 
-10.93 -700.87 75.99 0 1 
-10.80 -701.05 75.93 0 1 
-10.99 -700.32 75.87 0 1 
-10.50 -701.84 75.99 0 1 
-10.13 -701.11 75.99 0 1 
-10.62 -700.62 76.11 0 1 
-10.68 -701.23 76.11 0 1 
-10.44 -701.23 76.72 0 1 
-10.50 -703.98 76.72 0 1 
-10.38 -702.09 76.35 0 1 
-11.17 -702.21 76.11 0 1 
-10.80 -701.05 75.68 0 1 
-10.86 -699.16 75.44 0 1 
-10.93 -699.58 75.74 0 1 
-11.05 -700.38 76.05 0 1 
-10.38 -700.50 75.50 0 1 
-10.31 -700.81 76.29 0 1 
-10.31 -701.17 76.84 0 1 
-10.62 -705.08 77.45 0 1 
-10.93 -701.54 76.23 0 1 
-10.74 -699.95 75.81 0 1 
-11.35 -698.91 75.81 0 1 
-10.19 -699.77 75.32 0 1 
-10.62 -701.90 77.09 0 1 
-10.50 -706.79 77.70 0 1 
-10.56 -708.86 77.39 0 1 
-10.44 -710.08 76.48 0 1 
-11.11 -704.96 76.42 0 1 
-10.86 -706.67 75.38 0 1 
-10.86 -705.57 75.01 0 1 
-11.60 -706.12 73.18 0 1 
-11.29 -703.43 73.85 0 1 
-10.56 -704.77 77.51 1 1 
-9.95 -707.89 78.49 1 1 
-10.44 -707.21 77.27 1 1 
-10.19 -705.20 76.66 1 1 
-10.31 -707.82 76.42 1 1 
-11.23 -707.82 75.74 1 1 
-11.60 -707.15 74.16 1 1 
-11.90 -705.99 73.55 1 1 
-11.11 -701.90 74.28 1 1 
-10.86 -702.82 77.09 1 1 
-10.62 -704.65 77.09 0 1 
-10.86 -702.70 76.97 0 1 
-10.13 -701.72 76.17 0 1 
-10.13 -703.12 77.33 0 1 
-10.07 -705.69 77.33 0 1 
-10.13 -704.65 76.72 0 1 
-10.86 -703.49 76.05 0 1 
-10.68 -708.74 75.62 0 1 
-11.60 -709.78 74.83 0 1 
-11.35 -707.03 74.46 0 1 
-10.93 -705.44 74.77 0 1 
-11.11 -700.87 74.89 0 1 
-11.47 -700.93 75.07 0 1 
-10.86 -700.50 76.54 0 1 
-10.25 -700.50 75.87 0 1 
-9.95 -699.34 76.11 0 1 
-10.62 -697.57 76.97 0 1 
-10.13 -694.70 77.21 0 1 
-10.25 -692.14 77.09 0 1 
-10.01 -690.92 76.72 0 1 
-10.68 -690.92 76.05 0 1 
-11.35 -689.21 74.83 0 1 
-11.54 -690.43 73.24 0 1 
-11.54 -693.85 74.40 0 1 
-10.74 -698.30 76.05 0 1 
-10.31 -698.30 77.39 0 1 
-9.46 -695.74 77.88 0 1 
-9.83 -692.14 78.37 0 1 
-9.89 -686.65 77.39 0 1 
-11.41 -684.27 75.20 0 1 
-10.99 -689.39 74.77 1 1 
-11.29 -694.58 74.71 1 1 
-10.99 -696.78 74.46 1 1 
-10.93 -697.39 75.74 1 1 
-9.89 -697.33 76.97 1 1 
-10.19 -694.34 78.55 1 1 
-10.50 -689.82 77.21 1 1 
-11.47 -688.23 76.90 1 1 
-11.47 -684.39 74.34 1 1 
-10.93 -690.00 72.81 1 1 
-10.93 -695.56 74.89 1 1 
-10.56 -697.20 77.33 1 1 
-10.13 -694.58 78.43 1 1 
-10.01 -687.74 78.31 1 1 
-10.44 -683.23 76.72 1 1 
-11.66 -681.76 73.61 1 1 
-11.72 -689.82 73.49 1 1 
-10.74 -696.72 76.54 1 1 
-10.31 -694.52 78.31 1 1 
-10.19 -690.80 78.74 1 1 
-10.13 -687.01 77.45 1 1 
-11.05 -683.23 75.32 1 1 
-11.05 -685.79 72.57 1 1 
-10.74 -693.18 73.67 1 1 
-10.07 -697.75 77.70 1 1 
-10.07 -693.18 78.80 1 1 
-10.13 -688.11 78.67 1 1 
-10.74 -683.11 76.42 1 1 
-11.41 -681.27 72.75 1 1 
-11.72 -691.04 73.55 1 1 
-10.31 -694.15 80.02 1 1 
-9.77 -676.94 78.86 1 1 
-11.41 -684.27 76.35 1 1 
-12.02 -686.71 74.10 1 1 
-11.72 -690.31 72.63 1 1 
-10.80 -696.17 76.42 1 1 
-10.19 -692.14 79.41 1 1 
-10.01 -683.84 78.49 1 1 
-11.11 -678.47 75.38 1 1 
-11.78 -684.27 72.08 1 1 
-11.23 -693.79 74.40 1 1 
-10.99 -696.78 77.15 1 1 
-9.95 -693.36 78.25 1 1 
-8.73 -691.28 78.55 1 0 
-12.21 -943.85 72.20 1 0 
-10.74 -1021.48 75.62 1 0 
-10.50 -1021.55 75.81 1 0 
-10.07 -1021.97 75.93 1 0 
-10.01 -1021.36 76.48 1 0 
-10.50 -1022.40 75.56 1 0 
-9.58 -1021.61 75.32 1 0 
-10.62 -1021.73 75.56 1 0 
-10.68 -1022.03 75.20 1 0 
-10.62 -1021.85 75.62 1 0 
-10.86 -1021.24 75.13 1 0 
-10.50 -1022.40 75.44 1 0 
-10.44 -1021.36 75.20 1 0 
-10.50 -1021.73 75.81 1 0 
-10.74 -1022.34 75.62 1 0 
-10.62 -1021.73 75.81 1 0 
-9.77 -1021.97 76.17 1 0 
-10.44 -1021.85 75.87 1 0 
-10.13 -1022.28 75.32 1 0 
-10.62 -1022.16 75.50 1 0 
-10.50 -1021.97 75.81 1 0 
-10.38 -1021.30 75.81 1 0 
-10.01 -1021.55 75.62 1 0 
-10.56 -1021.61 75.81 1 0 
-10.01 -1021.61 75.99 1 0 
-10.01 -1021.91 75.74 1 0 
-10.50 -1021.42 75.68 0 0 
-10.01 -1021.85 75.50 0 0 
-10.62 -1021.18 75.74 0 0 
-9.89 -1022.52 75.20 0 0 
-10.62 -1020.63 75.20 0 0 
-10.38 -1021.91 75.44 0 0 
-10.38 -1022.22 75.38 0 0 
-10.38 -1021.42 75.50 0 0 
-10.62 -1021.06 75.56 0 0 
-10.19 -1022.28 75.50 0 0 
-9.64 -1021.85 75.50 0 0 
-10.62 -1021.79 75.56 0 0 
-9.46 -1022.46 75.44 0 0 
-10.50 -1022.16 75.87 0 0 
-10.44 -1021.97 76.11 0 0 
-10.13 -1021.55 75.68 0 0 
-10.44 -1021.55 75.93 0 0 
-9.95 -1022.09 75.87 0 0 
-11.05 -1022.16 75.93 0 0 
-9.70 -1021.85 75.74 0 0 
-10.07 -1022.16 75.93 0 0 
-10.62 -1021.91 75.93 0 0 
-10.93 -1021.73 75.56 0 0 
-10.50 -1021.42 76.17 0 0 
-11.17 -1021.73 75.93 0 0 
-10.25 -1021.55 75.87 0 0 
-10.62 -1021.67 76.17 0 0 
-9.95 -1021.79 76.17 0 0 
-10.56 -1021.61 75.93 0 0 
-10.38 -1021.85 75.68 0 0 
-10.13 -1021.67 76.48 0 0 
-10.68 -1021.42 75.87 0 0 
-10.80 -1022.03 76.48 0 0 
-10.38 -1021.36 76.48 0 0 
-10.56 -1021.67 76.42 0 0 
-10.74 -1021.67 75.93 0 0 
-10.50 -1021.61 75.93 0 0 
-10.44 -1022.22 76.23 0 0 
-10.68 -1021.97 76.05 0 0 
-10.86 -1021.48 76.48 0 0 
-9.83 -1022.03 75.81 0 0 
-10.19 -1021.48 76.54 0 0 
-10.68 -1021.61 76.29 0 0 
-9.89 -1022.28 76.29 0 0 
-10.01 -1022.09 75.99 0 0 
-10.38 -1022.34 76.48 0 0 
-10.68 -1022.09 75.87 0 0 
-9.95 -1021.79 76.17 0 0 
-11.11 -1022.16 76.48 0 0 
-10.44 -1021.79 76.29 0 0 
-10.13 -1021.79 76.23 0 0 
-10.62 -1022.03 76.84 0 0 
-10.80 -1021.42 76.48 0 0 
-9.40 -1021.85 76.29 0 0 
-10.01 -1022.52 76.29 0 0 
-10.01 -1022.64 76.11 0 0 
-10.38 -1021.61 75.93 0 0 
-10.44 -1021.61 76.42 0 0 
-10.68 -1022.16 75.93 0 0 
-10.68 -1021.85 76.35 0 0 
-10.31 -1021.55 76.35 0 0 
-10.68 -1021.67 76.35 0 0 
-10.68 -1021.79 76.29 0 0 
-10.56 -1022.22 76.48 0 0 
-10.68 -1021.79 76.60 0 0 
-10.31 -1021.55 76.17 0 0 
-10.07 -1022.28 76.54 0 0 
-10.56 -1021.97 76.48 0 0 
-10.62 -1021.55 76.35 0 0 
-10.25 -1021.67 76.29 0 0 
-10.19 -1022.40 76.97 0 0 
-10.13 -1021.91 76.54 0 0 
-10.80 -1021.91 76.35 0 0 
-10.13 -1021.73 76.60 0 0 
-10.56 -1021.55 76.35 0 0 
-10.07 -1021.42 76.35 0 0 
-10.25 -1021.42 76.84 0 0 
-10.56 -1021.85 76.29 0 0 
-10.25 -1021.67 76.23 0 0 
-10.25 -1022.03 76.72 0 0 
-9.95 -1021.97 76.17 0 0 
-9.89 -1021.79 76.23 0 0 
-10.38 -1022.09 75.74 0 0 
-10.19 -1021.79 76.42 0 0 
-10.38 -1022.16 76.78 0 0 
-10.80 -1021.55 76.60 0 0 
-10.13 -1021.85 76.60 0 0 
-10.31 -1021.79 76.60 0 0 
-10.07 -1021.55 76.54 0 0 
-9.70 -1021.85 76.66 0 0 
-10.19 -1021.67 76.66 0 0 
-10.50 -1021.48 76.54 0 0 
-10.56 -1021.85 76.84 0 0 
-10.44 -1021.73 76.35 0 0 
-10.44 -1022.28 76.78 0 0 
-10.50 -1021.85 76.35 0 0 
-10.56 -1021.79 77.09 0 0 
-9.89 -1021.85 76.48 0 0 
-10.44 -1021.67 76.35 0 0 
-10.86 -1021.18 76.72 0 0 
-9.95 -1021.36 76.48 0 0 
-10.07 -1022.03 76.29 0 0 
-10.62 -1022.03 76.54 0 0 
-10.19 -1021.73 76.54 0 0 
-10.19 -1021.91 76.48 0 0 
-10.99 -1021.55 77.27 0 0 
-10.25 -1021.85 76.54 0 0 
-10.56 -1021.61 76.72 0 0 
-10.13 -1021.97 76.48 0 0 
-10.25 -1021.61 76.90 0 0 
-9.77 -1021.91 76.97 0 0 
-10.01 -1022.09 76.60 0 0 
-10.86 -1022.34 76.54 0 0 
-10.62 -1021.79 76.97 0 0 
-10.38 -1022.03 76.60 0 0 
-10.07 -1021.61 76.42 0 0 
-10.44 -1021.55 76.84 0 0 
-10.07 -1021.00 76.48 0 0 
-10.31 -1022.28 76.66 0 0 
-10.07 -1022.58 76.35 0 0 
-10.50 -1021.73 76.17 0 0 
-9.95 -1021.91 75.93 0 0 
-10.38 -1021.61 76.35 0 0 
-10.50 -1021.79 76.60 0 0 
-10.50 -1021.18 76.23 0 0 
-10.50 -1021.85 76.60 0 0 
-10.62 -1022.22 76.60 0 0 
-10.07 -1021.30 76.29 0 0 
-9.95 -1021.79 76.60 0 0 
-10.19 -1021.61 76.84 0 0 
-10.13 -1022.34 76.48 0 0 
-10.74 -1022.34 76.66 0 0 
-10.13 -1021.36 76.60 0 0 
-10.62 -1021.06 76.54 0 0 
-10.25 -1021.48 76.66 0 0 
-10.50 -1021.73 76.42 0 0 
-10.25 -1021.73 76.35 0 0 
-10.50 -1021.85 76.42 0 0 
-10.25 -1021.61 76.60 0 0 
-10.31 -1021.67 76.05 0 0 
-10.19 -1021.91 76.23 0 0 
-9.77 -1021.48 76.35 0 0 
-10.19 -1021.91 76.60 0 0 
-10.31 -1021.30 76.78 0 0 
-10.25 -1021.85 76.72 0 0 
-10.07 -1021.79 76.60 0 0 
-10.19 -1022.28 76.78 0 0 
-10.07 -1022.09 76.66 0 0 
-10.74 -1021.55 76.23 0 0 
-10.74 -1021.61 76.78 0 0 
-10.25 -1021.73 76.84 0 0 
-10.56 -1021.85 76.60 0 0 
-10.80 -1021.67 76.90 0 0 
-10.68 -1021.73 76.66 0 0 
-9.89 -1022.09 76.17 0 0 
-10.74 -1021.67 76.66 0 0 
-10.38 -1021.91 76.42 0 0 
-10.31 -1021.85 75.99 0 0 
-10.01 -1022.16 76.29 0 0 
-11.29 -1022.46 76.48 0 0 
-10.44 -1022.09 76.54 0 0 
-10.19 -1021.91 76.23 0 0 
-10.25 -1021.67 76.42 0 0 
-10.62 -1021.06 76.72 0 0 
-10.19 -1021.61 76.72 0 0 
-10.31 -1022.64 76.48 0 0 
-11.05 -1022.16 76.60 0 0 
-10.38 -1021.36 76.66 0 0 
-10.99 -1021.91 76.90 0 0 
-10.62 -1021.55 76.84 0 0 
-10.31 -1021.24 76.48 0 0 
-10.68 -1021.85 77.09 0 0 
-10.62 -1022.46 76.29 0 0 
-9.95 -1022.22 76.84 0 0 
-10.07 -1021.85 76.72 0 0 
-10.56 -1022.03 76.23 0 0 
-10.07 -1021.79 76.29 0 0 
-10.13 -1021.30 76.35 0 0 
-10.56 -1021.85 76.17 0 0 
-10.38 -1021.73 76.05 0 0 
-10.74 -1021.73 76.48 0 0 
-10.19 -1021.91 76.11 0 0 
-10.74 -1021.79 76.72 0 0 
-10.13 -1021.85 76.66 0 0 
-10.31 -1021.30 76.84 0 0 
-10.62 -1021.36 76.78 0 0 
-10.50 -1022.09 76.60 0 0 
-10.19 -1022.16 76.72 0 0 
-10.19 -1021.97 76.72 0 0 
-10.74 -1019.96 76.66 0 0 
-10.74 -1021.42 76.17 0 0 
-10.25 -1022.28 76.23 0 0 
-10.56 -1022.22 76.48 0 0 
-10.38 -1022.71 76.17 0 0 
-10.19 -1021.12 76.42 0 0 
-10.56 -1021.79 76.05 0 0 
-10.13 -1021.48 76.23 0 0 
-10.74 -1021.97 76.78 0 0 
-10.50 -1021.79 77.09 0 0 
-10.38 -1022.09 76.66 0 0 
-10.56 -1022.09 76.90 0 0 
-9.83 -1021.24 76.60 0 0 
-10.38 -1021.42 76.35 0 0 
-10.86 -1021.85 76.54 0 0 
-9.89 -1022.09 76.35 0 0 
-10.25 -1022.46 76.48 0 0 
-10.19 -1022.28 76.54 0 0 
-10.07 -1022.40 76.72 0 0 
-10.13 -1021.36 76.97 0 0 
-9.83 -1021.12 76.23 0 0 
-9.89 -1021.61 76.60 0 0 
-10.50 -1021.85 76.78 0 0 
-10.25 -1021.73 76.05 0 0 
-10.50 -1021.97 76.84 0 0 
-10.07 -1022.40 76.90 0 0 
-10.44 -1021.85 77.03 0 0 
-10.31 -1022.03 76.35 0 0 
-10.62 -1021.48 76.48 0 0 
-10.50 -1021.36 76.60 0 0 
-10.38 -1022.03 76.84 0 0 
-10.38 -1021.18 76.72 0 0 
-9.95 -1021.73 76.48 0 0 
-10.01 -1022.09 76.48 0 0 
-10.50 -1021.85 76.17 0 0 
-10.86 -1021.97 76.97 0 0 
-10.74 -1021.06 76.54 0 0 
-10.68 -1021.36 76.54 0 0 
-9.95 -1021.55 76.78 0 0 
-10.62 -1021.55 76.66 0 0 
-10.31 -1022.03 76.29 0 0 
-10.38 -1021.79 77.09 0 0 
-10.19 -1021.30 76.66 0 0 
-10.62 -1021.12 76.66 0 0 
-10.13 -1021.85 76.97 0 0 
-9.83 -1021.79 76.42 0 0 
-10.44 -1021.24 76.78 0 0 
-10.13 -1021.73 76.78 0 0 
-10.50 -1021.85 76.60 0 0 
-9.95 -1021.42 76.84 0 0 
-10.74 -1022.77 77.09 0 0 
-10.68 -1021.73 77.09 0 0 
-10.74 -1021.30 76.35 0 0 
-10.50 -1021.85 76.78 0 0 
-9.95 -1021.91 76.29 0 0 
-10.62 -1021.67 76.60 0 0 
-9.70 -1021.91 76.66 0 0 
-10.13 -1021.24 76.42 0 0 
-10.56 -1021.55 76.54 0 0 
-9.89 -1020.81 76.42 0 0 
-10.74 -1022.22 76.97 0 0 
-10.68 -1022.64 76.35 0 0 
-10.50 -1021.55 76.72 0 0 
-10.56 -1021.85 76.17 0 0 
-10.01 -1022.03 76.11 0 0 
-10.19 -1021.61 76.60 0 0 
-10.86 -1021.00 76.78 0 0 
-10.07 -1021.61 76.54 0 0 
-10.56 -1021.67 76.23 0 0 
-10.50 -1022.09 76.66 0 0 
-10.50 -1022.46 76.54 0 0 
-10.80 -1020.57 76.66 0 0 
-10.50 -1021.79 76.29 0 0 
-10.31 -1022.03 76.35 0 0 
-10.68 -1021.85 76.90 0 0 
-10.74 -1022.77 76.78 0 0 
-10.56 -1021.73 76.66 0 0 
-10.62 -1020.81 76.48 0 0 
-10.44 -1021.30 76.48 0 0 
-10.31 -1021.79 76.48 0 0 
-10.62 -1021.36 76.42 0 0 
-10.07 -1021.73 76.78 0 0 
-10.31 -1021.97 76.60 0 0 
-10.38 -1021.67 76.66 0 0 
-10.44 -1021.67 76.23 0 0 
-10.56 -1021.18 76.72 0 0 
-10.19 -1021.36 76.78 0 0 
-10.19 -1022.09 76.78 0 0 
-10.25 -1021.91 77.03 0 0 
-10.19 -1022.16 76.48 0 0 
-9.95 -1021.85 76.35 0 0 
-10.31 -1021.36 76.42 0 0 
-10.31 -1021.73 76.72 0 0 
-10.19 -1021.67 76.54 0 0 
-10.19 -1022.77 76.35 0 0 
-10.44 -1021.55 76.60 0 0 
-10.62 -1021.30 76.23 0 0 
-10.56 -1021.42 76.42 0 0 
-10.07 -1021.48 76.54 0 0 
-10.07 -1022.09 76.48 0 0 
-10.38 -1021.06 76.35 0 0 
-10.13 -1022.03 76.60 0 0 
-10.07 -1021.18 76.60 0 0 
-10.19 -1021.79 76.42 0 0 
-10.44 -1021.85 76.42 0 0 
-10.07 -1021.55 76.29 0 0 
-10.13 -1021.73 76.35 0 0 
-10.68 -1021.36 76.23 0 0 
-10.62 -1021.06 76.42 0 0 
-10.50 -1021.42 76.48 0 0 
-10.56 -1021.24 76.23 0 0 
-9.95 -1021.61 76.23 0 0 
-10.07 -1021.48 76.54 0 0 
-10.38 -1021.30 76.66 0 0 
-10.19 -1021.48 76.60 0 0 
-10.50 -1021.61 76.42 0 0 
-10.56 -1021.85 76.29 0 0 
-10.50 -1021.24 76.05 0 0 
-10.80 -1021.18 76.54 0 0 
-9.83 -1021.61 77.03 0 0 
-10.50 -1021.36 75.87 0 0 
-10.13 -1022.09 76.54 0 0 
-10.44 -1021.48 77.39 0 0 
-10.44 -1021.91 76.42 0 0 
-10.56 -1021.61 76.35 0 0 
-10.31 -1021.73 76.48 0 0 
-10.19 -1021.67 76.90 0 0 
-10.01 -1022.22 76.29 0 0 
-10.25 -1021.85 76.54 0 0 
-10.74 -1021.79 76.17 0 0 
-10.31 -1022.03 76.05 0 0 
-10.62 -1022.09 76.72 0 0 
-10.07 -1021.61 76.48 0 0 
-10.50 -1021.48 76.60 0 0 
-10.56 -1021.91 76.97 0 0 
-10.31 -1021.24 76.78 0 0 
-10.56 -1021.73 76.48 0 0 
-10.56 -1022.09 76.11 0 0 
-10.44 -1021.55 76.90 0 0 
-10.68 -1022.09 76.29 0 0 
-10.44 -1022.22 76.48 0 0 
-10.74 -1021.42 76.48 0 0 
-10.50 -1021.36 76.29 0 0 
-10.31 -1021.61 76.23 0 0 
-10.62 -1021.48 76.42 0 0 
-10.01 -1021.55 75.99 0 0 
-10.31 -1021.12 76.35 0 0 
-10.25 -1022.09 76.35 0 0 
-10.31 -1021.85 76.54 0 0 
-9.89 -1021.61 76.05 0 0 
-10.44 -1021.18 76.48 0 0 
-10.44 -1021.55 76.42 0 0 
-10.50 -1021.79 76.29 0 0 
-9.64 -1021.18 76.60 0 0 
-10.31 -1021.91 76.66 0 0 
-9.95 -1021.79 76.11 0 0 
-10.38 -1021.12 76.11 0 0 
-10.25 -1021.79 75.99 0 0 
-10.86 -1021.36 76.72 0 0 
-10.07 -1021.42 76.48 0 0 
-10.07 -1022.03 76.54 0 0 
-10.13 -1021.73 76.84 0 0 
-10.74 -1021.91 76.29 0 0 
-10.19 -1021.79 76.23 0 0 
-10.01 -1021.67 76.23 0 0 
-10.31 -1021.36 75.99 0 0 
-9.95 -1021.91 76.05 0 0 
-10.13 -1022.03 76.29 0 0 
-10.50 -1021.79 76.48 0 0 
-10.99 -1021.97 76.48 0 0 
-10.38 -1021.36 76.72 0 0 
-10.44 -1021.79 76.48 0 0 
-10.07 -1021.79 76.72 0 0 
-10.80 -1021.79 76.48 0 0 
-10.80 -1022.16 76.17 0 0 
-10.56 -1021.67 76.17 0 0 
-10.38 -1021.61 76.54 0 0 
-10.31 -1022.09 75.74 0 0 
-10.68 -1021.79 76.17 0 0 
-9.95 -1022.03 76.35 0 0 
-10.07 -1021.85 76.48 0 0 
-10.50 -1022.34 76.17 0 0 
-10.74 -1021.61 75.87 0 0 
-10.38 -1021.79 76.17 0 0 
-10.56 -1021.61 76.66 0 0 
-10.44 -1022.22 76.72 0 0 
-10.74 -1021.42 76.29 0 0 
-10.25 -1022.22 76.29 0 0 
-10.80 -1021.73 76.17 0 0 
-10.50 -1021.67 75.99 0 0 
-10.50 -1022.28 76.48 0 0 
-10.38 -1021.97 76.60 0 0 
-10.68 -1021.79 76.11 0 0 
-9.58 -1021.48 76.42 0 0 
-10.86 -1022.34 76.23 0 0 
-10.13 -1021.97 76.11 0 0 
-10.56 -1022.16 76.60 0 0 
-10.80 -1021.91 76.17 0 0 
-10.50 -1021.24 76.23 0 0 
-10.31 -1021.91 76.72 0 0 
-10.25 -1022.52 76.54 0 0 
-10.13 -1021.85 76.35 0 0 
-10.50 -1021.24 76.66 0 0 
-10.68 -1021.73 76.54 0 0 
-10.13 -1021.30 76.72 0 0 
-10.50 -1022.09 76.60 0 0 
-10.31 -1022.03 76.60 0 0 
-9.70 -1021.48 76.54 0 0 
-10.31 -1022.03 76.54 0 0 
-10.56 -1022.09 76.90 0 0 
-10.86 -1021.55 76.48 0 0 
-10.01 -1022.03 76.29 0 0 
-10.31 -1021.24 76.90 0 0 
-10.44 -1021.97 77.15 0 0 
-10.50 -1022.64 76.90 0 0 
-10.80 -1022.28 77.27 0 0 
-10.56 -1022.09 75.99 0 0 
-10.38 -1022.09 77.33 0 0 
-10.31 -1021.91 77.09 0 0 
-10.62 -1022.09 76.66 0 0 
-10.56 -1021.91 76.42 0 0 
-10.50 -1022.03 76.35 0 0 
-10.13 -1022.52 76.72 0 0 
-10.44 -1022.40 76.78 0 0 
-10.62 -1021.61 76.66 0 0 
-10.99 -1021.61 76.48 0 0 
-10.62 -1021.36 76.72 0 0 
-10.99 -1022.16 76.72 0 0 
-10.31 -1021.91 76.78 0 0 
-11.11 -1021.91 77.09 0 0 
-10.68 -1021.85 76.60 0 0 
-10.13 -1021.48 76.78 0 0 
-10.38 -1021.85 76.97 0 0 
-10.50 -1022.03 76.66 0 0 
-10.68 -1022.09 76.72 0 0 
-10.86 -1021.73 76.48 0 0 
-10.44 -1021.36 76.66 0 0 
-10.74 -1021.85 76.72 0 0 
-10.38 -1021.79 76.66 0 0 
-10.56 -1021.91 76.72 0 0 
-10.50 -1022.03 76.66 0 0 
-9.83 -1021.73 76.54 0 0 
-10.86 -1022.28 76.66 0 0 
-9.89 -1021.91 76.54 0 0 
-9.89 -1021.12 76.48 0 0 
-10.68 -1021.79 76.17 0 0 
-10.38 -1021.79 76.72 0 0 
-10.68 -1021.67 76.42 0 0 
-10.25 -1021.85 76.60 0 0 
-10.19 -1021.85 76.72 0 0 
-10.86 -1021.91 76.78 0 0 
-10.74 -1022.28 76.66 0 0 
-10.62 -1022.22 76.84 0 0 
-10.74 -1021.97 76.72 0 0 
-11.11 -1021.42 76.54 0 0 
-10.25 -1021.55 76.60 0 0 
-10.19 -1021.73 76.66 0 0 
-10.31 -1021.36 76.54 0 0 
-10.44 -1021.85 76.72 0 0 
-10.38 -1021.30 76.42 0 0 
-10.44 -1022.40 76.66 0 0 
-10.07 -1021.79 76.72 0 0 
-9.77 -1021.48 76.60 0 0 
-10.44 -1021.67 76.54 0 0 
-10.38 -1021.61 76.05 0 0 
-10.25 -1022.28 76.29 0 0 
-10.19 -1022.03 76.48 0 0 
-10.80 -1021.73 76.23 0 0 
-10.01 -1021.36 76.35 0 0 
-10.50 -1021.97 76.78 0 0 
-10.38 -1021.61 76.78 0 0 
-10.44 -1022.16 75.99 0 0 
-10.56 -1021.85 76.54 0 0 
-10.07 -1022.16 76.48 0 0 
-10.50 -1022.64 76.48 0 0 
-10.38 -1022.03 76.66 0 0 
-10.74 -1021.85 76.42 0 0 
-10.38 -1021.30 76.54 0 0 
-10.50 -1021.24 76.35 0 0 
-9.89 -1021.67 76.72 0 0 
-10.38 -1021.85 76.42 0 0 
-10.19 -1022.34 76.23 0 0 
-10.19 -1021.79 76.42 0 0 
-10.13 -1021.36 76.42 0 0 
-10.01 -1021.55 76.48 0 0 
-10.38 -1022.03 76.84 0 0 
-10.62 -1021.85 76.54 0 0 
-10.56 -1022.03 76.66 0 0 
-9.52 -1021.61 76.35 0 0 
-10.62 -1021.67 76.35 0 0 
-9.95 -1021.73 76.84 0 0 
-10.13 -1021.73 76.54 0 0 
-10.38 -1021.73 76.90 0 0 
-10.44 -1021.79 76.54 0 0 
-9.70 -1021.67 76.48 0 0 
-10.38 -1021.67 76.54 0 0 
-10.07 -1021.61 76.84 0 0 
-10.07 -1021.61 76.23 0 0 
-10.07 -1021.30 76.54 0 0 
-10.38 -1021.36 76.84 0 0 
-10.44 -1021.79 76.17 0 0 
-10.01 -1022.03 76.54 0 0 
-10.38 -1021.24 76.54 0 0 
-10.19 -1021.48 76.60 0 0 
-10.68 -1021.91 76.72 0 0 
-10.56 -1021.73 75.99 0 0 
-10.38 -1021.55 76.48 0 0 
-10.19 -1021.73 76.05 0 0 
-9.89 -1021.85 76.72 0 0 
-10.31 -1021.67 76.42 0 0 
-9.89 -1021.24 76.78 0 0 
-10.19 -1022.09 76.78 0 0 
-10.31 -1022.22 76.35 0 0 
-10.50 -1021.24 75.87 0 0 
-10.56 -1022.03 76.23 0 0 
-10.01 -1022.03 76.48 0 0 
-9.95 -1021.55 76.54 0 0 
-10.31 -1022.03 77.33 0 0 
-10.62 -1021.30 76.66 0 0 
-10.38 -1021.61 76.48 0 0 
-10.31 -1022.16 76.72 0 0 
-10.44 -1021.24 76.05 0 0 
-10.25 -1021.36 76.48 0 0 
-10.13 -1021.97 76.17 0 0 
-10.44 -1021.61 76.60 0 0 
-10.19 -1021.91 76.84 0 0 
-10.19 -1022.03 76.17 0 0 
-10.74 -1022.16 76.11 0 0 
-10.38 -1021.67 76.23 0 0 
-10.38 -1022.03 76.29 0 0 
-9.95 -1021.85 76.29 0 0 
-10.07 -1021.36 76.48 0 0 
-10.31 -1022.28 76.42 0 0 
-10.38 -1021.48 76.48 0 0 
-10.68 -1022.09 76.17 0 0 
-10.80 -1021.48 76.90 0 0 
-10.38 -1021.97 76.48 0 0 
-10.44 -1021.55 76.05 0 0 
-10.01 -1021.73 76.35 0 0 
-9.89 -1021.42 76.54 0 0 
-10.01 -1021.61 76.42 0 0 
-10.56 -1021.48 76.54 0 0 
-10.01 -1022.09 76.84 0 0 
-9.89 -1021.91 76.29 0 0 
-10.01 -1022.40 76.78 0 0 
-10.44 -1021.42 76.29 0 0 
-10.19 -1021.36 76.66 0 0 
-9.89 -1021.91 76.90 0 0 
-10.25 -1021.85 76.48 0 0 
-10.31 -1021.97 76.29 0 0 
-10.13 -1021.55 76.72 0 0 
-10.44 -1021.91 76.54 0 0 
-10.99 -1022.22 76.54 0 0 
-9.83 -1021.73 76.66 0 0 
-11.29 -1021.42 76.11 0 0 
-10.31 -1021.79 76.54 0 0 
-10.38 -1021.79 76.35 0 0 
-10.19 -1022.52 76.90 0 1 
-10.19 -1021.61 78.80 0 1 
-11.23 -763.43 68.66 0 1 
-10.07 -674.38 78.74 0 1 
-9.77 -677.37 77.27 1 1 
-10.38 -680.11 76.66 1 1 
-10.19 -680.85 77.21 1 1 
-10.62 -681.70 76.66 1 1 
-10.86 -682.50 76.78 1 1 
-10.68 -682.80 76.90 1 1 
-10.74 -683.23 76.90 1 1 
-10.62 -683.72 76.66 1 1 
-11.17 -684.20 76.54 1 1 
-11.29 -685.49 76.23 1 1 
-10.62 -687.13 76.48 1 1 
-10.62 -685.30 76.97 1 1 
-9.89 -684.20 77.94 1 1 
-9.83 -680.24 78.12 1 1 
-10.07 -676.03 78.61 1 1 
-10.38 -669.07 76.42 1 1 
-11.23 -669.13 73.12 1 1 
-12.15 -677.80 74.46 1 1 
-10.44 -682.56 79.16 1 1 
-9.03 -671.51 79.77 1 1 
-10.99 -663.21 77.51 1 1 
-11.35 -667.79 73.49 1 1 
-10.74 -680.05 74.46 1 1 
-10.86 -685.30 77.88 1 1 
-10.13 -682.07 79.65 1 1 
-9.16 -672.67 79.41 1 1 
-10.31 -663.33 76.05 1 1 
-11.90 -671.39 72.02 1 1 
-11.23 -681.82 75.56 1 1 
-10.01 -682.13 79.53 1 1 
-9.34 -671.75 79.22 1 1 
-10.74 -665.65 75.81 1 1 
-11.54 -668.09 72.08 1 1 
-11.35 -682.13 76.66 1 1 
-9.83 -679.93 79.41 1 1 
-9.89 -676.39 78.74 1 1 
-10.31 -677.55 77.27 1 1 
-10.50 -677.80 75.81 1 1 
-11.35 -676.82 74.83 1 1 
-10.93 -677.37 73.61 1 1 
-10.38 -683.11 74.89 1 1 
-10.80 -686.77 77.03 1 1 
-9.83 -682.19 79.10 1 1 
-10.19 -672.73 79.10 1 1 
-10.86 -669.19 76.48 1 1 
-12.02 -670.23 73.12 1 1 
-10.99 -680.73 74.10 1 1 
-10.93 -685.91 76.05 1 1 
-10.44 -686.04 77.21 1 1 
-10.07 -684.57 77.51 1 1 
-9.52 -680.97 78.43 1 1 
-9.83 -675.84 77.64 1 1 
-10.99 -671.81 75.74 1 1 
-11.41 -675.60 73.06 1 1 
-10.80 -681.34 74.10 1 1 
-11.23 -686.77 76.29 1 1 
-10.01 -684.33 78.37 1 1 
-10.31 -680.60 78.55 1 1 
-9.77 -677.49 78.37 1 1 
-11.17 -668.88 76.05 1 1 
-11.54 -674.68 73.00 1 1 
-12.02 -681.03 74.28 1 1 
-10.62 -686.04 77.51 1 1 
-9.64 -681.15 79.10 1 1 
-9.46 -674.50 78.80 1 1 
-10.99 -673.22 76.84 1 1 
-11.78 -673.83 75.07 1 1 
-11.47 -677.80 73.73 1 1 
-11.29 -683.78 75.38 1 1 
-11.60 -687.32 77.15 1 1 
-10.50 -687.13 77.51 1 1 
-10.62 -685.00 78.61 1 1 
-9.70 -678.53 79.22 1 1 
-10.01 -675.66 77.58 1 1 
-11.17 -674.19 75.62 1 1 
-12.15 -675.29 73.55 1 1 
-11.11 -682.13 74.46 1 1 
-10.62 -685.67 77.09 1 1 
-10.56 -683.47 78.19 1 1 
-10.56 -684.33 77.82 1 1 
-10.56 -683.72 77.64 1 1 
-10.62 -682.37 77.88 1 1 
-10.38 -679.93 77.51 1 1 
-10.99 -680.36 76.60 1 1 
-11.35 -680.05 75.20 1 1 
-11.78 -680.18 74.83 1 1 
-10.68 -681.70 73.91 1 1 
-10.86 -684.45 75.87 1 1 
-10.19 -686.83 76.90 1 1 
-10.62 -686.28 78.25 1 1 
-10.62 -684.88 77.76 1 1 
-9.89 -684.88 77.88 1 1 
-10.07 -683.17 77.88 1 1 
-10.68 -682.50 77.58 1 1 
-10.86 -682.80 77.21 1 1 
-10.62 -682.98 77.15 1 1 
-10.86 -684.63 77.27 1 1 
-10.62 -684.08 77.51 1 1 
-10.50 -684.57 76.78 1 1 
-11.05 -683.53 76.17 1 1 
-10.93 -682.68 76.11 0 1 
-10.50 -683.72 75.93 0 1 
-10.56 -686.95 76.66 0 1 
-10.86 -687.56 76.72 0 1 
-10.50 -689.58 77.76 0 1 
-9.70 -692.32 76.48 0 1 
-10.50 -691.47 77.09 0 1 
-10.62 -691.59 77.15 0 1 
-10.62 -693.12 77.39 0 1 
-10.31 -691.65 76.84 0 1 
-10.44 -688.72 76.78 0 1 
-10.31 -689.39 76.72 0 1 
-10.50 -687.13 76.72 0 1 
-10.19 -688.17 76.35 0 1 
-10.38 -687.32 76.11 0 1 
-10.31 -683.90 76.54 0 1 
-10.44 -686.83 77.21 0 1 
-10.74 -686.95 76.84 0 1 
-11.17 -681.52 75.13 0 1 
-10.86 -680.18 74.83 0 1 
-11.17 -682.92 75.81 0 1 
-11.05 -686.89 76.17 0 1 
-10.99 -687.07 76.78 0 1 
-10.13 -687.56 76.84 0 1 
-9.95 -687.19 77.88 0 1 
-10.07 -685.85 77.76 0 1 
-10.44 -685.85 77.51 0 1 
-11.05 -687.87 77.27 0 1 
-10.50 -687.93 76.97 0 1 
-10.68 -687.81 77.39 0 1 
-9.77 -685.73 77.09 0 1 
-10.62 -685.12 77.03 0 1 
-10.56 -688.23 76.84 0 1 
-10.38 -686.34 76.72 0 1 
-10.25 -686.52 76.54 0 1 
-10.01 -687.56 76.29 0 1 
-10.38 -686.71 76.97 0 1 
-10.99 -688.35 76.42 0 1 
-11.17 -689.76 76.97 0 1 
-10.99 -685.55 76.84 0 1 
-10.80 -685.97 76.66 0 1 
-10.74 -686.34 76.29 0 1 
-10.68 -686.58 76.48 0 1 
-10.13 -684.81 76.17 0 1 
-11.11 -686.46 76.60 0 1 
-10.56 -684.75 75.13 0 1 
-10.68 -686.04 76.05 0 1 
-10.50 -688.42 75.13 0 1 
-11.23 -685.55 75.32 0 1 
-10.86 -687.62 76.29 0 1 
-10.74 -689.58 76.48 0 1 
-11.05 -689.39 76.35 0 1 
-10.38 -687.62 77.21 0 1 
-10.44 -685.42 78.00 0 1 
-10.13 -686.16 77.88 0 1 
-9.64 -683.78 78.19 0 1 
-10.25 -682.43 77.51 0 1 
-10.74 -681.82 77.64 0 1 
-10.56 -678.59 76.23 0 1 
-11.29 -677.37 74.83 0 1 
-10.56 -680.85 74.34 1 1 
-10.68 -684.20 74.77 1 1 
-11.05 -687.38 76.48 1 1 
-10.07 -686.71 77.39 1 1 
-9.70 -684.39 78.12 1 1 
-9.70 -682.37 78.37 1 1 
-10.25 -681.21 77.64 1 1 
-10.13 -679.50 77.09 1 1 
-10.56 -679.32 76.35 1 1 
-11.47 -679.44 74.83 1 1 
-11.11 -681.34 74.46 1 1 
-10.50 -684.20 74.89 1 1 
-10.44 -686.52 76.54 1 1 
-10.68 -687.50 77.03 1 1 
-10.68 -685.61 77.45 1 1 
-10.01 -682.68 77.94 1 1 
-10.01 -680.11 78.06 1 1 
-10.25 -680.30 77.39 1 1 
-10.31 -680.24 76.17 1 1 
-10.50 -678.53 75.38 1 1 
-11.35 -681.76 75.62 1 1 
-11.35 -684.20 75.50 1 1 
-11.23 -682.68 74.95 1 1 
-10.80 -683.53 75.26 1 1 
-11.05 -687.26 75.99 1 1 
-10.86 -686.58 76.17 1 1 
-11.17 -687.01 76.05 1 1 
-10.50 -686.40 77.15 1 1 
-9.83 -684.88 77.70 1 1 
-10.19 -682.68 77.82 1 1 
-9.70 -680.60 78.06 0 1 
-9.95 -677.31 77.33 0 1 
-10.99 -676.39 76.29 0 1 
-11.29 -677.43 74.71 0 1 
-10.56 -677.49 73.49 0 1 
-10.99 -680.54 74.65 0 1 
-11.23 -684.94 76.60 0 1 
-10.44 -684.33 77.51 0 1 
-10.38 -682.68 78.74 0 1 
-9.77 -677.19 78.31 0 1 
-10.19 -672.36 77.21 1 1 
-11.35 -670.29 75.07 1 1 
-10.74 -677.06 73.36 1 1 
-10.93 -681.27 74.52 1 1 
-11.05 -684.33 76.84 1 1 
-10.01 -682.13 78.43 1 1 
-9.52 -678.34 78.74 1 1 
-9.83 -678.41 77.51 1 1 
-10.44 -677.73 76.60 1 1 
-11.41 -680.79 76.11 1 1 
-10.62 -679.20 75.38 1 1 
-10.80 -681.95 75.56 1 1 
-10.68 -682.01 74.58 1 1 
-11.17 -684.39 75.32 1 1 
-10.93 -686.89 75.74 1 1 
-10.56 -685.85 75.93 1 1 
-10.68 -686.04 76.72 1 1 
-11.17 -687.74 76.42 1 1 
-10.07 -687.56 76.11 1 1 
-10.50 -687.32 76.60 1 1 
-11.23 -687.01 76.90 0 1 
-10.50 -688.17 76.72 0 1 
-10.56 -686.65 76.54 0 1 
-10.38 -686.34 76.78 0 1 
-10.74 -688.11 76.72 0 1 
-10.93 -687.01 75.68 0 1 
-10.01 -685.91 76.54 0 1 
-10.38 -687.74 77.15 0 1 
-10.44 -688.11 76.84 0 1 
-10.38 -688.72 77.76 0 1 
-10.74 -690.49 77.51 0 1 
-9.58 -694.70 78.61 0 1 
-10.19 -694.89 77.88 0 1 
-10.62 -697.45 76.66 0 1 
-11.54 -696.53 75.07 0 1 
-10.99 -692.87 74.22 0 1 
-10.62 -688.78 74.89 0 1 
-10.56 -689.64 78.25 0 1 
-9.83 -698.97 80.63 0 1 
-9.89 -704.71 77.64 0 1 
-12.02 -699.83 74.52 1 1 
-11.47 -692.81 73.55 1 1 
-10.19 -688.60 76.84 1 1 
-9.52 -697.45 80.51 1 1 
-9.77 -708.13 78.12 1 1 
-11.66 -698.30 74.40 1 1 
-11.05 -691.10 73.73 1 1 
-9.77 -689.21 77.39 1 1 
-9.52 -699.46 81.05 1 1 
-10.38 -706.36 76.48 1 1 
-11.35 -697.14 72.63 1 1 
-10.31 -688.42 76.60 1 1 
-10.01 -701.35 82.09 1 1 
-10.01 -706.79 76.29 1 1 
-12.02 -697.27 73.00 1 1 
-10.31 -689.51 76.84 1 1 
-9.46 -708.62 82.40 1 1 
-12.08 -706.97 73.79 1 1 
-11.11 -690.73 73.67 1 1 
-9.70 -700.20 81.54 1 1 
-10.13 -711.55 76.72 1 1 
-11.84 -696.53 72.51 1 1 
-9.83 -692.63 78.74 1 1 
-9.83 -713.26 79.90 1 1 
-12.02 -701.54 72.08 1 1 
-9.70 -690.49 78.12 1 1 
-9.40 -711.73 81.24 1 1 
-12.57 -702.21 71.90 1 1 
-10.31 -689.82 77.88 1 1 
-9.70 -712.28 81.12 1 1 
-12.33 -701.54 72.39 1 1 
-10.07 -691.28 78.12 1 1 
-9.58 -714.11 79.96 1 1 
-11.72 -698.18 71.59 1 1 
-9.46 -695.62 81.42 1 1 
-11.23 -714.60 77.09 1 1 
-11.60 -691.59 72.51 1 1 
-9.40 -706.48 82.82 1 1 
-12.02 -708.68 72.63 1 1 
-9.95 -691.96 77.76 1 1 
-9.89 -714.29 80.57 1 1 
-12.57 -699.22 71.66 1 1 
-9.70 -695.13 80.93 1 1 
-10.31 -713.01 77.82 1 1 
-12.51 -696.04 71.84 1 1 
-9.83 -696.66 82.15 1 1 
-10.99 -712.77 76.78 1 1 
-11.41 -693.12 72.51 1 1 
-8.79 -702.27 82.46 1 1 
-10.62 -711.43 74.95 1 1 
-10.99 -691.16 72.94 1 1 
-8.97 -706.24 82.89 1 1 
-11.47 -709.78 73.85 1 1 
-10.93 -689.70 74.83 1 1 
-9.70 -709.29 82.64 1 1 
-11.54 -705.38 72.69 1 1 
-10.07 -689.27 76.29 1 1 
-9.16 -711.18 81.18 1 1 
-11.96 -701.66 71.72 1 1 
-10.01 -690.25 78.06 1 1 
-9.77 -712.77 80.51 1 1 
-12.45 -698.61 71.90 1 1 
-9.95 -691.59 78.86 1 1 
-9.70 -712.46 79.04 1 1 
-12.27 -697.08 72.14 1 1 
-9.89 -693.30 80.63 1 1 
-10.44 -712.16 77.64 1 1 
-12.02 -694.52 72.14 1 1 
-8.67 -695.68 80.99 1 1 
-9.89 -710.51 77.82 1 1 
-11.84 -694.21 71.84 1 1 
-9.58 -694.15 80.63 1 1 
-9.89 -712.77 77.58 1 1 
-11.47 -693.54 72.08 1 1 
-9.58 -696.78 81.24 1 1 
-10.44 -712.34 75.99 1 1 
-11.90 -691.71 72.75 1 1 
-9.58 -699.52 82.46 1 1 
-11.11 -710.57 75.50 1 1 
-11.41 -690.19 73.36 1 1 
-9.22 -701.23 82.52 1 1 
-10.80 -709.47 75.13 1 1 
-11.41 -689.82 73.00 1 1 
-8.97 -701.05 82.21 1 1 
-11.11 -709.29 75.56 1 1 
-11.05 -689.64 73.12 1 1 
-9.64 -697.39 81.54 1 1 
-11.05 -709.78 77.21 1 1 
-11.35 -691.96 72.14 1 1 
-9.83 -691.89 79.90 1 1 
-10.01 -709.29 79.22 1 1 
-12.27 -697.57 71.90 1 1 
-9.77 -688.42 77.88 1 1 
-9.22 -709.05 80.69 1 1 
-12.02 -701.35 72.51 1 1 
-11.11 -687.32 76.66 1 1 
-9.34 -706.97 81.24 1 1 
-11.78 -703.92 72.63 1 1 
-10.62 -687.07 73.97 1 1 
-8.73 -701.29 82.28 1 1 
-10.68 -707.58 75.13 1 1 
-11.66 -690.31 72.94 1 1 
-9.03 -696.78 80.87 1 1 
-10.74 -711.67 76.66 1 1 
-10.68 -691.22 71.84 1 1 
-9.22 -698.97 81.67 1 1 
-11.47 -709.66 75.07 1 1 
-10.93 -689.39 73.18 1 1 
-9.77 -698.12 81.67 1 1 
-10.80 -709.11 75.13 1 1 
-11.29 -689.33 72.14 1 1 
-8.91 -701.35 82.21 1 1 
-11.05 -707.70 74.04 1 1 
-11.84 -688.96 73.12 1 1 
-10.07 -690.92 80.08 1 1 
-10.31 -700.56 79.77 1 1 
-10.62 -697.63 75.56 1 1 
-11.54 -692.69 73.43 1 1 
-10.93 -686.58 75.13 1 1 
-10.44 -682.80 75.93 1 1 
-10.68 -683.11 76.54 1 1 
-10.56 -682.25 76.66 1 1 
-10.44 -682.92 76.54 1 1 
-10.80 -685.91 78.55 1 1 
-10.50 -694.95 80.32 1 1 
-10.07 -700.07 77.58 1 1 
-11.35 -695.62 75.62 1 1 
-11.41 -688.72 74.65 1 1 
-11.47 -685.79 75.13 1 1 
-10.74 -685.18 76.78 1 1 
-10.44 -689.15 79.04 1 1 
-10.31 -690.43 78.80 1 1 
-10.07 -692.02 77.64 1 1 
-10.38 -692.38 76.60 1 1 
-10.44 -690.49 75.87 1 1 
-10.19 -686.04 75.50 1 1 
-10.56 -684.20 76.66 1 1 
-11.17 -684.57 76.29 1 1 
-10.44 -682.50 76.60 1 1 
-10.62 -682.01 77.21 1 1 
-10.80 -681.03 76.72 1 1 
-10.31 -680.91 77.45 1 1 
-10.25 -679.02 76.90 1 1 
-10.38 -679.20 77.09 1 1 
-10.31 -674.44 76.72 1 1 
-10.62 -674.32 76.48 1 1 
-10.93 -672.73 75.01 1 1 
-11.60 -673.52 74.46 1 1 
-10.86 -675.90 74.77 1 1 
-10.62 -679.50 76.42 1 1 
-10.31 -680.30 77.82 1 1 
-10.62 -678.22 79.04 1 1 
-9.70 -675.54 78.98 1 1 
-9.64 -671.75 78.55 1 1 
-10.50 -667.42 76.60 1 1 
-11.72 -665.16 73.91 1 1 
-11.54 -670.90 73.55 1 1 
-10.93 -677.55 77.39 1 1 
-10.13 -674.38 79.41 1 1 
-9.52 -671.02 79.04 1 1 
-10.38 -668.33 77.82 1 1 
-11.11 -666.02 75.26 1 1 
-11.05 -669.31 73.18 1 1 
-11.84 -676.15 75.26 1 1 
-9.77 -676.21 78.98 1 1 
-9.89 -669.80 80.08 1 1 
-10.01 -664.49 77.58 1 1 
-11.29 -659.48 74.22 1 1 
-11.11 -670.53 73.61 1 1 
-10.80 -677.73 77.82 1 1 
-8.97 -667.36 80.51 1 1 
-10.74 -658.69 77.94 1 1 
-12.21 -656.98 71.66 1 1 
-10.99 -674.62 76.97 1 1 
-9.34 -665.53 81.12 1 1 
-10.13 -652.77 76.97 1 1 
-11.84 -660.95 72.14 1 1 
-11.05 -676.70 77.76 1 1 
-9.28 -666.63 80.81 1 1 
-10.13 -653.14 77.58 1 1 
-11.05 -661.19 71.78 1 1 
-11.17 -674.87 77.82 1 1 
-9.09 -666.08 80.75 1 1 
-10.25 -661.25 78.06 1 1 
-11.54 -660.46 73.30 1 1 
-11.72 -672.85 74.83 1 1 
-10.19 -676.21 79.90 1 1 
-9.28 -657.17 79.77 1 1 
-11.78 -653.08 74.04 1 1 
-11.47 -669.92 74.34 1 1 
-9.40 -675.48 79.53 1 1 
-8.79 -663.02 79.77 1 1 
-10.93 -652.95 74.65 1 1 
-11.66 -668.15 73.24 1 1 
-9.40 -667.11 81.24 1 1 
-10.50 -650.76 77.51 1 1 
-12.08 -658.20 71.59 1 1 
-10.56 -671.45 80.20 1 1 
-9.46 -655.03 80.14 1 1 
-12.08 -651.61 71.59 1 1 
-10.74 -672.91 77.33 1 1 
-8.85 -661.56 81.05 1 1 
-11.35 -648.38 74.10 1 1 
-11.23 -668.09 73.18 1 1 
-9.64 -669.25 81.18 1 1 
-9.89 -650.63 78.06 1 1 
-11.84 -657.53 71.47 1 1 
-9.95 -673.52 79.77 1 1 
-9.22 -656.62 80.32 1 1 
-12.51 -651.43 73.61 1 1 
-11.23 -671.94 75.74 1 1 
-9.22 -665.04 81.36 1 1 
-10.62 -650.21 76.84 1 1 
-11.84 -662.05 72.14 1 1 
-9.89 -671.94 80.44 1 1 
-9.16 -653.63 79.65 1 1 
-11.90 -652.16 71.72 1 1 
-10.93 -672.91 77.45 1 1 
-8.91 -659.91 80.99 1 1 
-11.47 -650.45 74.22 1 1 
-10.93 -668.64 74.04 1 1 
-9.77 -667.66 81.18 1 1 
-10.13 -653.93 78.31 1 1 
-11.90 -656.01 71.72 1 1 
-10.62 -674.13 78.00 1 1 
-9.09 -659.97 80.81 1 1 
-11.05 -650.88 74.65 1 1 
-11.11 -667.18 73.06 1 1 
-10.74 -675.17 78.92 1 1 
-9.46 -665.53 81.05 1 1 
-11.29 -654.36 76.17 1 1 
-11.35 -662.54 71.84 1 1 
-10.13 -674.68 79.47 1 1 
-8.97 -660.34 80.26 1 1 
-11.05 -651.61 74.95 1 1 
-11.84 -668.15 73.30 1 1 
-9.52 -673.77 79.90 1 1 
-9.28 -659.36 80.08 1 1 
-11.05 -654.60 74.16 1 1 
-11.35 -669.19 73.67 1 1 
-10.01 -672.61 79.83 1 1 
-9.46 -657.04 79.96 1 1 
-11.72 -653.56 73.79 1 1 
-11.41 -671.87 74.10 1 1 
-9.89 -676.45 79.22 1 1 
-9.52 -665.41 79.90 1 1 
-10.93 -656.56 76.35 1 1 
-11.11 -662.23 72.14 1 1 
-11.11 -676.33 77.94 1 1 
-9.09 -666.14 80.93 1 1 
-10.56 -653.26 76.97 1 1 
-11.84 -660.28 71.90 1 1 
-11.29 -673.95 78.92 1 1 
-9.28 -664.12 80.26 1 1 
-10.31 -658.87 76.90 1 1 
-11.47 -666.50 73.97 1 1 
-10.93 -673.28 74.34 1 1 
-10.99 -679.99 76.66 1 1 
-10.19 -677.92 79.10 1 1 
-9.52 -670.53 79.59 1 1 
-10.25 -670.53 78.43 1 1 
-10.62 -669.98 76.84 1 1 
-11.23 -669.92 74.83 1 1 
-11.29 -673.65 74.34 1 1 
-11.17 -678.28 75.56 1 1 
-11.05 -679.08 76.48 1 1 
-11.29 -681.15 77.45 1 1 
-10.44 -680.24 77.51 1 1 
-10.56 -680.05 77.03 1 1 
-10.80 -680.73 77.82 1 1 
-9.89 -678.96 78.19 1 1 
-10.19 -673.10 78.67 1 1 
-10.38 -669.98 77.45 1 1 
-10.68 -672.06 76.66 1 1 
-10.56 -672.79 75.38 1 1 
-10.44 -675.05 74.77 1 1 
-11.11 -676.70 75.50 1 1 
-10.74 -680.18 76.90 1 1 
-10.25 -680.18 78.19 1 1 
-9.95 -675.96 79.41 1 1 
-10.25 -673.22 78.86 1 1 
-9.46 -671.75 78.55 1 1 
-10.74 -666.44 76.35 1 1 
-11.41 -669.43 75.26 1 1 
-10.80 -676.09 75.38 1 1 
-10.99 -677.98 75.62 1 1 
-10.25 -679.02 76.42 1 1 
-10.13 -681.21 76.35 1 1 
-10.62 -681.03 77.33 1 1 
-10.38 -680.54 77.03 1 1 
-10.86 -681.34 77.64 1 1 
-11.35 -681.82 77.27 1 1 
-10.07 -680.66 77.33 1 1 
-10.80 -681.40 77.82 1 1 
-11.11 -680.36 77.82 1 1 
-10.86 -679.87 77.64 1 1 
-10.50 -681.88 77.21 1 1 
-10.56 -677.55 78.06 1 1 
-10.01 -675.42 77.82 1 1 
-9.95 -676.76 76.97 1 1 
-10.62 -681.27 77.15 1 1 
-11.29 -682.74 77.27 1 1 
-10.68 -681.15 77.21 1 1 
-10.62 -681.82 76.84 1 1 
-10.25 -681.21 76.90 1 1 
-10.44 -680.18 77.21 1 1 
-10.44 -680.60 77.09 1 1 
-10.50 -680.24 77.21 1 1 
-10.56 -676.27 77.21 1 1 
-10.80 -673.89 76.72 1 1 
-11.29 -673.34 75.74 1 1 
-11.41 -671.33 73.91 1 1 
-11.35 -674.19 74.40 1 1 
-10.62 -677.06 76.48 1 1 
-10.74 -677.31 78.49 1 1 
-10.38 -671.14 79.53 1 1 
-9.89 -667.72 78.06 1 1 
-10.86 -664.86 76.66 1 1 
-11.54 -665.28 74.04 1 1 
-11.72 -672.18 74.10 1 1 
-10.68 -677.25 76.23 1 1 
-10.80 -678.96 77.82 1 1 
-9.77 -676.45 78.55 1 1 
-9.83 -671.45 78.55 1 1 
-10.25 -668.58 78.43 1 1 
-10.80 -665.59 75.99 1 1 
-11.54 -666.56 73.85 1 1 
-11.35 -673.10 74.52 1 1 
-10.38 -676.57 77.45 1 1 
-10.31 -673.28 79.96 1 1 
-10.01 -667.05 79.16 1 1 
-10.62 -667.42 77.39 1 1 
-10.44 -666.81 75.20 1 1 
-11.60 -670.35 74.71 1 1 
-10.68 -675.60 75.44 1 1 
-10.74 -677.98 75.38 1 1 
-10.80 -679.69 76.90 1 1 
-10.62 -680.85 76.60 1 1 
-10.56 -680.54 77.09 1 1 
-10.50 -679.02 77.82 1 1 
-9.95 -678.10 78.43 1 1 
-9.77 -675.60 78.80 1 1 
-9.64 -670.35 78.55 1 1 
-10.74 -666.08 76.97 1 1 
-12.02 -665.16 74.28 1 1 
-11.23 -671.39 73.97 1 1 
-11.29 -676.39 75.99 1 1 
-10.44 -677.67 77.21 1 1 
-10.56 -678.16 78.25 1 1 
-10.25 -675.60 78.74 1 1 
-9.89 -672.55 78.61 1 1 
-10.07 -673.77 77.09 1 1 
-10.38 -674.93 77.27 1 1 
-10.38 -673.71 76.29 1 1 
-11.41 -671.81 75.74 1 1 
-10.19 -668.82 73.91 1 1 
-11.17 -675.54 75.13 1 1 
-10.44 -676.64 77.82 1 1 
-9.34 -673.65 78.86 1 1 
-10.01 -671.02 79.04 1 1 
-10.44 -671.45 78.06 1 1 
-11.05 -669.98 76.66 1 1 
-11.11 -667.79 75.07 1 1 
-11.47 -671.87 74.52 1 1 
-10.62 -675.17 75.20 1 1 
-10.86 -678.22 76.78 1 1 
-10.68 -678.53 77.64 1 1 
-10.25 -677.25 78.25 1 1 
-9.64 -673.89 79.10 1 1 
-9.58 -670.41 78.37 1 1 
-10.31 -666.08 77.15 1 1 
-11.17 -666.75 75.38 1 1 
-11.35 -670.17 74.22 1 1 
-10.62 -674.01 74.89 1 1 
-11.05 -679.08 76.66 1 1 
-10.44 -679.81 77.27 1 1 
-9.83 -677.19 78.49 1 1 
-10.31 -676.76 78.43 1 1 
-10.19 -674.32 78.31 1 1 
-9.95 -669.56 78.00 1 1 
-11.17 -667.42 76.84 1 1 
-10.50 -665.95 74.04 1 1 
-10.86 -671.33 73.91 1 1 
-11.17 -676.70 76.11 1 1 
-10.56 -678.53 78.00 1 1 
-10.07 -674.68 79.10 1 1 
-9.83 -672.49 78.98 1 1 
-9.46 -667.11 78.61 1 1 
-11.17 -666.75 76.90 1 1 
-10.50 -670.35 75.93 1 1 
-11.17 -675.17 75.38 1 1 
-10.86 -675.48 74.83 1 1 
-11.11 -676.64 75.99 1 1 
-10.74 -679.87 76.84 1 1 
-10.19 -678.04 77.88 1 1 
-10.25 -672.61 79.22 1 1 
-9.40 -668.76 78.74 1 1 
-10.25 -668.27 77.33 1 1 
-10.99 -670.78 76.84 1 1 
-11.17 -668.95 74.65 1 1 
-10.93 -671.57 74.22 1 1 
-11.29 -675.78 76.35 1 1 
-10.86 -676.82 77.70 1 1 
-9.46 -674.80 78.43 1 1 
-10.62 -675.17 78.92 1 1 
-9.89 -668.76 78.74 1 1 
-10.31 -663.88 76.84 1 1 
-11.17 -665.83 73.91 1 1 
-11.41 -670.10 74.10 1 1 
-11.29 -675.84 76.42 1 1 
-10.86 -677.92 78.06 1 1 
-10.19 -676.57 78.74 1 1 
-10.44 -676.21 77.76 1 1 
-9.89 -678.41 77.27 1 1 
-10.50 -679.99 77.21 1 1 
-10.56 -678.53 77.33 1 1 
-10.86 -679.14 77.58 1 1 
-9.58 -675.42 77.58 1 1 
-9.46 -675.35 76.48 1 1 
-11.17 -676.76 76.84 1 1 
-10.68 -673.10 76.29 1 1 
-11.54 -673.95 75.81 1 1 
-10.74 -672.55 74.40 1 1 
-11.17 -673.46 74.95 1 1 
-10.68 -677.43 75.93 1 1 
-10.56 -679.26 76.35 1 1 
-11.66 -679.50 77.09 1 1 
-11.11 -680.11 76.90 1 1 
-10.56 -680.91 77.33 1 1 
-10.38 -679.81 77.27 1 1 
-10.25 -679.08 77.51 1 1 
-11.11 -679.75 78.19 1 1 
-10.50 -676.82 78.25 1 1 
-10.31 -674.32 78.12 1 1 
-10.44 -677.86 77.33 1 1 
-9.95 -678.10 77.45 1 1 
-10.19 -678.28 77.03 1 1 
-10.19 -678.22 77.15 1 1 
-10.56 -682.31 76.97 1 1 
-10.80 -679.75 76.78 1 1 
-10.38 -682.50 76.84 0 1 
-10.80 -684.02 76.54 0 1 
-10.93 -683.47 76.42 0 1 
-9.95 -682.80 76.60 0 1 
-10.44 -682.86 76.35 0 1 
-10.68 -682.13 77.03 0 1 
-10.80 -680.97 77.09 0 1 
-10.44 -681.64 76.11 0 1 
-10.62 -682.92 76.17 0 1 
-10.68 -683.04 76.48 0 1 
-10.50 -681.15 77.39 0 1 
-10.68 -680.97 76.90 0 1 
-11.54 -682.62 76.78 0 1 
-10.25 -683.29 76.23 0 1 
-10.44 -682.43 76.05 0 1 
-10.80 -682.98 76.35 0 1 
-10.44 -682.01 76.23 0 1 
-10.99 -681.64 76.84 0 1 
-10.99 -682.01 76.42 0 1 
-10.68 -681.82 76.78 0 1 
-10.31 -683.23 76.66 0 1 
-10.74 -681.95 76.66 0 1 
-10.44 -682.43 77.27 0 1 
-11.05 -682.86 77.09 0 1 
-10.25 -683.72 77.03 0 1 
-10.01 -683.65 77.45 0 1 
-10.38 -683.29 77.39 0 1 
-10.50 -683.84 77.21 0 1 
-10.56 -681.82 76.66 0 1 
-10.93 -680.30 76.11 0 1 
-10.74 -681.82 77.09 0 1 
-10.99 -684.39 77.64 0 1 
-10.38 -688.72 78.31 0 1 
-10.31 -688.90 78.25 0 1 
-10.31 -688.60 77.33 0 1 
-10.19 -685.61 77.15 0 1 
-10.25 -684.51 77.58 0 1 
-10.19 -684.63 77.09 0 1 
-10.56 -687.01 76.97 0 1 
-9.89 -686.28 76.84 0 1 
-10.68 -684.27 77.33 1 1 
-10.07 -679.81 77.45 1 1 
-11.05 -678.83 77.33 1 1 
-10.13 -679.26 77.27 1 1 
-11.35 -676.82 76.97 1 1 
-11.17 -673.46 76.05 1 1 
-10.93 -672.85 75.13 1 1 
-10.68 -674.50 75.01 1 1 
-10.38 -676.82 75.32 1 1 
-10.62 -680.05 76.48 1 1 
-10.86 -680.97 76.90 1 1 
-10.19 -679.20 77.45 1 1 
-9.95 -679.75 78.19 1 1 
-10.31 -678.77 78.49 1 1 
-9.95 -679.50 78.12 1 1 
-10.31 -678.04 77.88 1 1 
-10.56 -678.77 78.00 1 1 
-10.38 -678.83 77.70 1 1 
-10.19 -678.47 77.45 1 1 
-10.68 -675.42 76.72 1 1 
-10.62 -675.96 76.35 0 1 
-11.66 -673.10 75.74 0 1 
-10.19 -678.04 75.87 0 1 
-10.62 -678.22 75.50 0 1 
-10.80 -676.27 75.74 0 1 
-11.54 -680.18 76.35 0 1 
-10.38 -680.54 76.90 0 1 
-10.13 -680.42 77.70 0 1 
-10.07 -677.25 78.37 0 1 
-10.25 -677.61 78.55 0 1 
-9.70 -675.66 78.37 0 1 
-10.19 -675.48 78.31 0 1 
-10.13 -676.15 77.70 0 1 
-10.07 -674.44 77.15 0 1 
-10.99 -679.02 76.90 0 1 
-10.74 -677.55 76.84 0 1 
-10.38 -674.56 76.78 0 1 
-11.11 -673.95 75.74 0 1 
-10.99 -676.39 75.87 0 1 
-11.17 -676.51 75.56 0 1 
-11.17 -675.78 75.68 0 1 
-10.68 -677.67 77.09 0 1 
-10.13 -678.77 78.00 0 1 
-9.64 -674.01 79.22 0 1 
-9.89 -673.28 78.31 0 1 
-9.46 -671.45 77.88 0 1 
-11.29 -668.15 76.84 0 1 
-10.74 -668.88 75.38 0 1 
-11.05 -673.46 75.74 0 1 
-10.62 -674.50 75.38 0 1 
-10.68 -676.09 76.35 1 1 
-10.56 -677.86 77.33 1 1 
-10.13 -678.83 78.00 1 1 
-10.50 -677.31 78.55 1 1 
-10.31 -674.50 78.55 1 1 
-10.31 -675.11 78.43 1 1 
-10.38 -673.28 77.64 1 1 
-11.05 -671.33 77.64 1 1 
-10.99 -669.92 75.81 1 1 
-10.50 -670.17 74.89 1 1 
-10.99 -674.38 74.71 1 1 
-10.99 -676.51 76.05 1 1 
-10.68 -679.63 77.76 1 1 
-10.99 -675.84 78.92 1 1 
-10.25 -675.11 78.74 1 1 
-10.25 -673.28 78.61 1 1 
-9.89 -670.59 77.39 1 1 
-10.56 -673.40 76.97 1 1 
-10.50 -670.41 76.54 1 1 
-10.99 -670.59 75.07 1 1 
-11.17 -671.57 74.65 1 1 
-11.35 -674.93 76.29 1 1 
-11.29 -679.99 76.54 1 1 
-11.41 -678.96 76.90 1 1 
-10.38 -679.63 77.39 1 1 
-10.25 -679.57 77.15 1 1 
-10.50 -677.98 78.25 1 1 
-10.07 -675.78 78.55 1 1 
-10.01 -677.25 77.94 1 1 
-10.31 -675.66 78.12 1 1 
-10.01 -675.48 77.21 1 1 
-10.74 -679.75 77.39 1 1 
-11.41 -682.31 76.35 1 1 
-10.44 -684.02 76.42 1 1 
-11.41 -684.02 75.62 1 1 
-10.99 -682.98 76.17 1 1 
-10.86 -681.46 76.11 1 1 
-10.74 -681.76 75.87 1 1 
-10.99 -680.60 76.54 1 1 
-9.95 -681.76 77.45 1 1 
-10.19 -689.88 80.14 0 1 
-9.89 -692.44 78.80 0 1 
-9.64 -691.22 77.09 0 1 
-10.62 -686.34 76.23 0 1 
-11.72 -689.33 75.32 0 1 
-11.54 -686.40 74.22 0 1 
-10.80 -681.52 75.56 0 1 
-9.52 -687.07 79.28 0 1 
-9.46 -702.33 80.44 0 1 
-11.90 -698.73 73.55 0 1 
-10.86 -685.49 74.22 1 1 
-9.70 -690.73 80.87 1 1 
-9.70 -704.53 78.55 1 1 
-11.78 -695.68 72.94 1 1 
-10.38 -684.39 76.29 1 1 
-9.03 -700.87 82.03 1 1 
-11.17 -702.76 74.46 1 1 
-10.86 -686.34 73.97 1 1 
-9.83 -693.85 81.60 1 1 
-10.13 -707.09 76.54 1 1 
-11.60 -689.94 72.75 1 1 
-9.22 -696.90 82.46 1 1 
-11.35 -707.70 75.44 1 1 
-11.47 -686.04 73.55 1 1 
-8.54 -702.82 82.89 1 1 
-11.47 -703.37 73.49 1 1 
-10.31 -685.61 76.29 1 1 
-9.83 -709.66 80.75 1 1 
-12.39 -694.15 71.90 1 1 
-9.16 -693.24 81.54 1 1 
-11.41 -710.21 75.07 1 1 
-10.56 -687.44 76.42 1 1 
-9.95 -709.72 81.54 1 1 
-11.84 -693.12 71.90 1 1 
-8.91 -701.17 82.95 1 1 
-12.08 -703.92 72.20 1 1 
-8.79 -694.40 80.87 1 1 
-12.70 -710.39 72.57 1 1 
-9.58 -694.27 80.81 1 1 
-11.41 -710.33 73.36 1 1 
-9.34 -692.50 80.26 1 1 
-11.72 -711.85 74.16 1 1 
-9.03 -694.27 80.32 1 1 
-11.66 -710.82 73.43 1 1 
-9.95 -692.50 79.90 1 1 
-11.47 -712.83 75.81 1 1 
-10.38 -688.35 77.15 1 1 
-10.38 -714.72 78.67 1 1 
-10.62 -688.66 73.97 1 1 
-9.03 -713.01 81.42 1 1 
-11.29 -690.92 71.84 1 1 
-9.22 -707.76 82.95 1 1 
-12.27 -697.39 71.17 1 1 
-8.67 -699.10 82.28 1 1 
-12.45 -705.08 73.30 1 1 
-9.77 -687.32 78.98 1 1 
-10.62 -712.52 77.88 1 1 
-11.54 -687.99 73.24 1 1 
-9.09 -707.09 82.34 1 1 
-12.51 -698.67 71.59 1 1 
-9.40 -692.26 81.24 1 1 
-10.86 -710.33 75.32 1 1 
-10.50 -685.61 74.58 1 1 
-8.67 -708.80 81.67 1 1 
-12.02 -695.25 71.72 1 1 
-9.03 -693.18 81.12 1 1 
-11.60 -709.47 74.83 1 1 
-10.44 -685.61 75.44 1 1 
-9.34 -708.62 81.36 1 1 
-12.33 -695.13 71.66 1 1 
-8.67 -695.98 81.91 1 1 
-10.93 -706.85 75.13 1 1 
-10.99 -685.49 73.79 1 1 
-9.28 -702.88 82.46 1 1 
-11.84 -702.15 72.69 1 1 
-10.25 -685.24 76.78 1 1 
-9.22 -707.46 80.38 1 1 
-12.70 -694.70 71.84 1 1 
-9.58 -688.35 79.96 1 1 
-10.50 -708.74 78.55 1 1 
-11.90 -689.09 72.14 1 1 
-9.16 -693.42 80.99 1 1 
-10.86 -707.09 75.93 1 1 
-11.60 -686.34 73.30 1 1 
-8.91 -695.86 82.15 1 1 
-11.17 -705.63 75.56 1 1 
-10.86 -685.79 73.49 1 1 
-9.28 -699.95 82.76 1 1 
-11.60 -704.28 73.97 1 1 
-10.44 -683.84 74.58 1 1 
-9.09 -703.06 82.28 1 1 
-11.96 -702.03 72.69 1 1 
-10.07 -685.91 77.58 1 1 
-9.83 -707.70 80.75 1 1 
-12.33 -694.95 72.02 1 1 
-9.28 -685.67 78.12 1 1 
-9.83 -705.81 80.87 1 1 
-12.08 -695.31 72.51 1 1 
-10.13 -682.43 75.81 1 1 
-8.79 -698.79 81.97 1 1 
-10.86 -700.68 75.50 1 1 
-11.05 -686.65 72.51 1 1 
-9.40 -686.46 79.59 1 1 
-10.38 -704.35 79.71 1 1 
-11.72 -693.85 71.84 1 1 
-9.83 -683.47 76.11 1 1 
-9.64 -704.10 81.48 1 1 
-12.27 -698.73 72.33 1 1 
-10.07 -686.58 79.04 1 1 
-10.13 -709.23 78.86 1 1 
-12.15 -690.43 72.33 1 1 
-9.09 -691.77 81.91 1 1 
-10.68 -706.60 76.11 1 1 
-10.93 -687.81 72.39 1 1 
-8.36 -694.21 82.15 1 1 
-11.41 -706.05 75.44 1 1 
-11.17 -685.30 72.94 1 1 
-9.46 -697.39 82.40 1 1 
-11.72 -704.77 73.79 1 1 
-10.50 -684.69 75.32 1 1 
-9.95 -707.03 81.73 1 1 
-12.08 -696.59 71.53 1 1 
-9.64 -689.64 80.32 1 1 
-10.19 -709.23 77.21 1 1 
-12.21 -687.62 72.69 1 1 
-8.97 -699.34 82.52 1 1 
-11.54 -703.43 73.24 1 1 
-10.68 -684.39 75.50 1 1 
-9.22 -704.65 82.28 1 1 
-11.90 -697.75 71.78 1 1 
-10.13 -687.26 78.25 1 1 
-10.19 -710.33 78.00 1 1 
-11.05 -687.38 72.45 1 1 
-8.91 -702.70 82.76 1 1 
-11.90 -702.51 72.33 1 1 
-9.70 -685.42 77.58 1 1 
-9.89 -709.66 80.02 1 1 
-11.54 -691.96 71.84 1 1 
-9.03 -689.45 81.05 1 1 
-10.68 -707.40 77.21 1 1 
-11.78 -687.87 72.20 1 1 
-8.24 -695.01 81.42 1 1 
-11.41 -705.93 74.95 1 1 
-11.47 -685.61 73.91 1 1 
-8.85 -699.52 82.40 1 1 
-12.02 -704.28 72.14 1 1 
-10.31 -685.85 77.21 1 1 
-10.01 -708.07 80.44 1 1 
-12.57 -693.60 72.20 1 1 
-10.01 -687.56 79.71 1 1 
-9.83 -707.82 78.80 1 1 
-11.90 -691.16 72.08 1 1 
-9.16 -688.66 80.32 1 1 
-9.95 -706.73 77.82 1 1 
-12.33 -690.49 72.27 1 1 
-9.52 -685.91 79.16 1 1 
-9.70 -705.20 79.96 1 1 
-12.51 -695.19 72.27 1 1 
-10.44 -683.84 76.90 1 1 
-9.09 -700.38 81.60 1 1 
-11.41 -700.68 74.28 1 1 
-11.41 -684.20 73.97 1 1 
-9.77 -688.17 80.20 1 1 
-9.64 -701.48 79.35 1 1 
-11.90 -695.62 73.00 1 1 
-11.05 -682.68 75.26 1 1 
-9.52 -692.87 81.91 1 1 
-10.56 -704.53 77.27 1 1 
-12.57 -689.94 73.00 1 1 
-9.83 -684.02 78.19 1 1 
-9.58 -703.06 81.36 1 1 
-11.84 -698.43 73.49 1 1 
-10.44 -683.04 75.26 1 1 
-9.58 -703.67 82.28 1 1 
-11.90 -700.26 73.12 1 1 
-10.25 -682.50 74.83 1 1 
-9.09 -699.65 82.21 1 1 
-11.47 -702.15 74.95 1 1 
-10.86 -684.57 73.18 1 1 
-9.34 -695.98 82.46 1 1 
-11.41 -705.20 74.83 1 1 
-11.47 -686.22 73.00 1 1 
-9.40 -690.67 80.87 1 1 
-10.19 -703.37 77.88 1 1 
-11.72 -692.50 72.14 1 1 
-9.40 -682.01 76.48 1 1 
-9.46 -700.87 81.54 1 1 
-11.54 -699.83 74.34 1 1 
-11.66 -684.57 73.00 1 1 
-9.77 -687.81 80.57 1 1 
-9.40 -704.83 78.74 1 1 
-12.39 -692.81 72.14 1 1 
-10.13 -683.23 76.97 1 1 
-9.03 -700.68 81.48 1 1 
-11.78 -700.32 74.22 1 1 
-11.41 -683.29 74.52 1 1 
-9.28 -690.55 81.54 1 1 
-10.13 -703.43 77.94 1 1 
-12.02 -692.26 72.39 1 1 
-10.50 -681.46 76.72 1 1 
-10.01 -699.40 82.46 1 1 
-10.68 -701.05 74.28 1 1 
-11.78 -684.94 73.43 1 1 
-9.70 -690.43 81.18 1 1 
-9.58 -703.12 78.12 1 1 
-11.54 -691.77 73.24 1 1 
-10.86 -681.34 76.42 1 1 
-9.34 -697.39 81.42 1 1 
-11.47 -700.93 75.56 1 1 
-12.33 -685.85 72.69 1 1 
-9.28 -689.33 80.38 1 1 
-10.01 -702.76 79.28 1 1 
-13.12 -692.63 72.33 1 1 
-9.77 -687.56 80.02 1 1 
-10.01 -709.53 77.82 1 1 
-12.08 -687.13 72.69 1 1 
-9.58 -692.63 82.09 1 1 
-10.62 -706.12 75.99 1 1 
-11.35 -685.49 73.12 1 1 
-8.91 -695.56 82.82 1 1 
-11.78 -705.26 74.34 1 1 
-10.68 -684.39 75.87 1 1 
-9.34 -705.32 81.24 1 1 
-12.70 -695.56 72.02 1 1 
-9.09 -689.21 81.12 1 1 
-11.17 -707.46 77.64 1 1 
-11.78 -686.71 73.61 1 1 
-9.22 -695.50 82.40 1 1 
-12.15 -703.61 75.32 1 1 
-11.35 -683.11 73.49 1 1 
-8.85 -698.91 82.58 1 1 
-11.66 -702.45 72.88 1 1 
-10.31 -683.35 76.84 1 1 
-9.52 -708.44 80.57 1 1 
-12.39 -692.14 71.59 1 1 
-9.28 -685.73 79.47 1 1 
-10.25 -706.91 79.10 1 1 
-12.02 -689.51 71.23 1 1 
-9.16 -689.21 80.93 1 1 
-10.86 -706.97 76.35 1 1 
-10.50 -685.36 73.30 1 1 
-8.54 -703.55 82.21 1 1 
-11.84 -698.85 72.02 1 1 
-9.83 -684.51 78.12 1 1 
-9.64 -704.59 79.90 1 1 
-12.27 -693.60 72.08 1 1 
-9.58 -686.22 78.98 1 1 
-10.07 -706.12 78.74 1 1 
-11.84 -690.98 72.02 1 1 
-9.95 -681.34 77.64 1 1 
-9.03 -705.44 81.30 1 1 
-11.84 -696.53 72.81 1 1 
-10.38 -680.73 74.71 1 1 
-9.52 -692.93 81.73 1 1 
-9.70 -698.79 77.03 1 1 
-11.41 -690.55 72.94 1 1 
-10.44 -680.42 74.77 1 1 
-8.91 -696.78 81.97 1 1 
-11.23 -703.67 74.77 1 1 
-11.35 -685.85 72.57 1 1 
-9.34 -688.29 80.81 1 1 
-9.89 -703.49 77.94 1 1 
-12.15 -692.02 72.33 1 1 
-9.83 -682.25 76.78 1 1 
-9.52 -695.25 81.24 1 1 
-11.72 -699.65 75.68 1 1 
-11.78 -688.84 72.57 1 1 
-10.31 -681.52 76.42 1 1 
-9.16 -691.89 80.57 1 1 
-9.83 -697.51 77.58 1 1 
-11.47 -689.82 74.46 1 1 
-11.54 -684.14 73.73 1 1 
-11.11 -679.08 76.23 1 1 
-10.07 -685.91 79.35 1 1 
-10.80 -691.59 79.22 1 1 
-10.80 -692.44 76.23 1 1 
-11.17 -687.99 74.77 1 1 
-11.72 -685.49 74.04 1 1 
-11.72 -680.05 75.62 1 1 
-10.74 -676.88 76.23 1 1 
-10.50 -678.47 76.66 1 1 
-10.38 -677.86 76.97 1 1 
-10.93 -677.67 76.54 1 1 
-10.38 -677.37 77.21 1 1 
-10.68 -676.76 76.23 1 1 
-10.50 -675.48 76.23 1 1 
-10.56 -676.15 75.74 1 1 
-10.56 -676.94 76.35 1 1 
-10.50 -675.23 76.23 1 1 
