x: 
17356.3 14899.7 4935.38 3049.85 2301.54 1831.38 1516.31 1356.31 1262.77 1095.38 1097.85 1024 920.615 854.154 5.21849e+007 883.692 0 0 0 0 0 0 0 0 0 0 0 0 0 0 0 0 0 0 0 0 0 0 0 0 0 0 0 0 0 0 0 0 0 0 0 
17361.2 14875.1 4957.54 3118.77 2375.38 1814.15 1565.54 1420.31 1238.15 1147.08 1060.92 1058.46 883.692 876.308 900.923 900.923 0 0 0 0 0 0 0 0 0 0 0 0 0 0 0 0 0 0 0 0 0 0 0 0 0 0 0 0 0 0 0 0 0 0 0 
17321.8 14904.6 4883.69 3153.23 2370.46 1833.85 1575.38 1346.46 1243.08 1080.62 1092.92 962.462 960 891.077 893.538 839.385 0 0 0 0 0 0 0 0 0 0 0 0 0 0 0 0 0 0 0 0 0 0 0 0 0 0 0 0 0 0 0 0 0 0 0 
17321.8 14766.8 4982.15 3094.15 2358.15 1796.92 1580.31 1351.38 1220.92 1112.62 1068.31 979.692 955.077 844.308 886.154 856.615 0 0 0 0 0 0 0 0 0 0 0 0 0 0 0 0 0 0 0 0 0 0 0 0 0 0 0 0 0 0 0 0 0 0 0 
17324.3 14825.8 4987.08 3170.46 2294.15 1819.08 1523.69 1282.46 1134.77 1132.31 1073.23 923.077 935.385 896 893.538 891.077 0 0 0 0 0 0 0 0 0 0 0 0 0 0 0 0 0 0 0 0 0 0 0 0 0 0 0 0 0 0 0 0 0 0 0 
17307.1 14823.4 4932.92 3145.85 2377.85 1789.54 1582.77 1358.77 1282.46 1070.77 1075.69 982.154 967.385 883.692 4.20345e+007 876.308 0 0 0 0 0 0 0 0 0 0 0 0 0 0 0 0 0 0 0 0 0 0 0 0 0 0 0 0 0 0 0 0 0 0 0 
17380.9 14848 4908.31 3104 2328.62 1856 1676.31 1353.85 1198.77 1097.85 1036.31 987.077 962.462 1555.69 871.385 832 0 0 0 0 0 0 0 0 0 0 0 0 0 0 0 0 0 0 0 0 0 0 0 0 0 0 0 0 0 0 0 0 0 0 0 
17297.2 14848 4841.85 3089.23 2276.92 1799.38 1597.54 1388.31 1179.08 1112.62 1080.62 994.462 940.308 937.846 947.692 898.462 0 0 0 0 0 0 0 0 0 0 0 0 0 0 0 0 0 0 0 0 0 0 0 0 0 0 0 0 0 0 0 0 0 0 0 
17292.3 14862.8 4900.92 3123.69 2372.92 1804.31 1604.92 1417.85 1270.15 1144.62 1046.15 1004.31 932.923 883.692 873.846 910.769 0 0 0 0 0 0 0 0 0 0 0 0 0 0 0 0 0 0 0 0 0 0 0 0 0 0 0 0 0 0 0 0 0 0 0 
17302.2 14843.1 4960 3163.08 2360.62 1828.92 1570.46 1395.69 1191.38 1100.31 1068.31 1043.69 947.692 908.308 883.692 891.077 0 0 0 0 0 0 0 0 0 0 0 0 0 0 0 0 0 0 0 0 0 0 0 0 0 0 0 0 0 0 0 0 0 0 0 
17326.8 14835.7 4992 3113.85 2291.69 1846.15 1526.15 1376 1243.08 1036.31 1090.46 967.385 979.692 809.846 881.231 920.615 0 0 0 0 0 0 0 0 0 0 0 0 0 0 0 0 0 0 0 0 0 0 0 0 0 0 0 0 0 0 0 0 0 0 0 
17277.5 14830.8 4957.54 3145.85 2368 1787.08 1560.62 1302.15 1233.23 1122.46 972.308 930.462 930.462 900.923 868.923 839.385 0 0 0 0 0 0 0 0 0 0 0 0 0 0 0 0 0 0 0 0 0 0 0 0 0 0 0 0 0 0 0 0 0 0 0 
17292.3 14813.5 4935.38 3165.54 2308.92 1814.15 1548.31 1380.92 1171.69 1161.85 1120 935.385 952.615 910.769 861.538 896 0 0 0 0 0 0 0 0 0 0 0 0 0 0 0 0 0 0 0 0 0 0 0 0 0 0 0 0 0 0 0 0 0 0 0 
17403.1 14865.2 4960 3140.92 2328.62 1796.92 1558.15 1408 1193.85 1095.38 1001.85 969.846 960 930.462 967.385 878.769 0 0 0 0 0 0 0 0 0 0 0 0 0 0 0 0 0 0 0 0 0 0 0 0 0 0 0 0 0 0 0 0 0 0 0 
17321.8 14808.6 4967.38 3106.46 2323.69 1856 1516.31 1363.69 1223.38 1092.92 1169.23 967.385 947.692 962.462 905.846 910.769 0 0 0 0 0 0 0 0 0 0 0 0 0 0 0 0 0 0 0 0 0 0 0 0 0 0 0 0 0 0 0 0 0 0 0 
y:  
312202 267382 88969.8 56556.3 42259.7 33280 28160 24694.2 21819.1 19692.3 18983.4 18038.2 16856.6 16305.2 15793.2 15753.8 0 0 0 0 0 0 0 0 0 0 0 0 0 0 0 0 0 0 0 0 0 0 0 0 0 0 0 0 0 0 0 0 0 0 0 
312241 267303 88930.5 56123.1 42299.1 33161.8 28160 24733.5 21779.7 19692.3 19140.9 17565.5 16935.4 16265.8 15753.8 15832.6 0 0 0 0 0 0 0 0 0 0 0 0 0 0 0 0 0 0 0 0 0 0 0 0 0 0 0 0 0 0 0 0 0 0 0 
312281 267185 88891.1 56359.4 42338.5 33319.4 28002.5 24615.4 21700.9 19613.5 19140.9 17801.8 16856.6 16305.2 15872 15990.2 0 0 0 0 0 0 0 0 0 0 0 0 0 0 0 0 0 0 0 0 0 0 0 0 0 0 0 0 0 0 0 0 0 0 0 
312162 267185 88772.9 56359.4 42377.8 33201.2 28041.8 24694.2 21779.7 19771.1 19101.5 17683.7 16738.5 16187.1 15911.4 15911.4 0 0 0 0 0 0 0 0 0 0 0 0 0 0 0 0 0 0 0 0 0 0 0 0 0 0 0 0 0 0 0 0 0 0 0 
312084 267303 88930.5 56359.4 42299.1 33476.9 28081.2 24772.9 21740.3 19534.8 19101.5 17526.2 16896 16265.8 15911.4 15793.2 0 0 0 0 0 0 0 0 0 0 0 0 0 0 0 0 0 0 0 0 0 0 0 0 0 0 0 0 0 0 0 0 0 0 0 
312241 267225 88891.1 56398.8 42299.1 33161.8 28199.4 24654.8 21858.5 19771.1 19062.2 17801.8 16856.6 16265.8 15556.9 15990.2 0 0 0 0 0 0 0 0 0 0 0 0 0 0 0 0 0 0 0 0 0 0 0 0 0 0 0 0 0 0 0 0 0 0 0 
312320 267264 88851.7 56320 42377.8 33280 28002.5 24812.3 21819.1 19613.5 19101.5 17880.6 16935.4 16108.3 15872 15872 0 0 0 0 0 0 0 0 0 0 0 0 0 0 0 0 0 0 0 0 0 0 0 0 0 0 0 0 0 0 0 0 0 0 0 
312281 267106 88812.3 56398.8 42417.2 33161.8 28002.5 24654.8 21858.5 19652.9 19062.2 17801.8 16738.5 16265.8 15872 15990.2 0 0 0 0 0 0 0 0 0 0 0 0 0 0 0 0 0 0 0 0 0 0 0 0 0 0 0 0 0 0 0 0 0 0 0 
312162 267422 88930.5 56320 42299.1 33280 28160 25088 21819.1 19613.5 18983.4 17723.1 16896 16226.5 15675.1 15911.4 0 0 0 0 0 0 0 0 0 0 0 0 0 0 0 0 0 0 0 0 0 0 0 0 0 0 0 0 0 0 0 0 0 0 0 
312084 267185 88851.7 56359.4 42377.8 33358.8 28041.8 24615.4 21740.3 19692.3 19140.9 17801.8 16777.8 16265.8 15872 15990.2 0 0 0 0 0 0 0 0 0 0 0 0 0 0 0 0 0 0 0 0 0 0 0 0 0 0 0 0 0 0 0 0 0 0 0 
312241 267264 88930.5 56162.5 42417.2 33319.4 28081.2 25009.2 21740.3 19652.9 19062.2 17604.9 16856.6 16265.8 15872 15872 0 0 0 0 0 0 0 0 0 0 0 0 0 0 0 0 0 0 0 0 0 0 0 0 0 0 0 0 0 0 0 0 0 0 0 
312044 267264 88891.1 56241.2 42417.2 33437.5 28160 24615.4 21819.1 19810.5 19022.8 17801.8 16777.8 16226.5 15950.8 15990.2 0 0 0 0 0 0 0 0 0 0 0 0 0 0 0 0 0 0 0 0 0 0 0 0 0 0 0 0 0 0 0 0 0 0 0 
312162 267264 88891.1 56359.4 42338.5 33280 28160 24772.9 21819.1 19731.7 19022.8 17683.7 16896 16305.2 15675.1 15872 0 0 0 0 0 0 0 0 0 0 0 0 0 0 0 0 0 0 0 0 0 0 0 0 0 0 0 0 0 0 0 0 0 0 0 
312123 267382 88930.5 56359.4 42299.1 33280 28120.6 25048.6 21819.1 19692.3 18983.4 17683.7 16896 16305.2 15911.4 15872 0 0 0 0 0 0 0 0 0 0 0 0 0 0 0 0 0 0 0 0 0 0 0 0 0 0 0 0 0 0 0 0 0 0 0 
312202 267422 88891.1 56004.9 42338.5 33358.8 28081.2 24772.9 21700.9 19574.2 19062.2 17801.8 16896 16108.3 15911.4 15990.2 0 0 0 0 0 0 0 0 0 0 0 0 0 0 0 0 0 0 0 0 0 0 0 0 0 0 0 0 0 0 0 0 0 0 0 
z:  
29351.4 25033.8 8320 5316.92 3972.92 3121.23 2564.92 2299.08 2038.15 1949.54 1831.38 1688.62 1595.08 1462.15 6.30519e+007 1452.31 0 0 0 0 0 0 0 0 0 0 0 0 0 0 0 0 0 0 0 0 0 0 0 0 0 0 0 0 0 0 0 0 0 0 0 
29287.4 24945.2 8275.69 5312 3958.15 3150.77 2683.08 2308.92 2003.69 1934.77 1777.23 1673.85 1560.62 1491.69 2510.77 1501.54 0 0 0 0 0 0 0 0 0 0 0 0 0 0 0 0 0 0 0 0 0 0 0 0 0 0 0 0 0 0 0 0 0 0 0 
29267.7 24945.2 8270.77 5312 3899.08 3131.08 2678.15 2313.85 2033.23 1900.31 1698.46 1629.54 1585.23 1467.08 1437.54 1476.92 0 0 0 0 0 0 0 0 0 0 0 0 0 0 0 0 0 0 0 0 0 0 0 0 0 0 0 0 0 0 0 0 0 0 0 
29238.2 24940.3 8275.69 5307.08 3963.08 3136 2668.31 2328.62 1988.92 1856 1752.62 1659.08 1545.85 1491.69 1432.62 1437.54 0 0 0 0 0 0 0 0 0 0 0 0 0 0 0 0 0 0 0 0 0 0 0 0 0 0 0 0 0 0 0 0 0 0 0 
29223.4 24886.2 8256 5336.62 3928.62 3121.23 2697.85 2294.15 2062.77 1880.62 1757.54 1649.23 1600 1457.23 1457.23 1437.54 0 0 0 0 0 0 0 0 0 0 0 0 0 0 0 0 0 0 0 0 0 0 0 0 0 0 0 0 0 0 0 0 0 0 0 
29203.7 24851.7 8251.08 5312 3923.69 3126.15 2628.92 2348.31 2067.69 1865.85 1698.46 1614.77 1506.46 1501.54 1486.77 1476.92 0 0 0 0 0 0 0 0 0 0 0 0 0 0 0 0 0 0 0 0 0 0 0 0 0 0 0 0 0 0 0 0 0 0 0 
29203.7 24915.7 8246.15 5341.54 3928.62 3126.15 2663.38 2422.15 2057.85 1895.38 1811.69 1664 1590.15 1447.38 1467.08 1501.54 0 0 0 0 0 0 0 0 0 0 0 0 0 0 0 0 0 0 0 0 0 0 0 0 0 0 0 0 0 0 0 0 0 0 0 
29228.3 24891.1 8280.62 5272.62 3982.77 3145.85 2688 2318.77 2048 1875.69 1777.23 1604.92 1511.38 1467.08 2471.38 1491.69 0 0 0 0 0 0 0 0 0 0 0 0 0 0 0 0 0 0 0 0 0 0 0 0 0 0 0 0 0 0 0 0 0 0 0 
29218.5 24851.7 8251.08 5341.54 3933.54 3145.85 2653.54 2299.08 1998.77 1915.08 1777.23 1713.23 1585.23 1442.46 1452.31 1427.69 0 0 0 0 0 0 0 0 0 0 0 0 0 0 0 0 0 0 0 0 0 0 0 0 0 0 0 0 0 0 0 0 0 0 0 
29184 24851.7 8236.31 5262.77 3859.69 3086.77 2624 2289.23 2008.62 1910.15 1777.23 1668.92 1550.77 1481.85 6.30519e+007 1476.92 0 0 0 0 0 0 0 0 0 0 0 0 0 0 0 0 0 0 0 0 0 0 0 0 0 0 0 0 0 0 0 0 0 0 0 
29203.7 24871.4 8206.77 5341.54 3908.92 3145.85 2638.77 2249.85 2033.23 1880.62 1757.54 1668.92 1585.23 324116 1398.15 1462.15 0 0 0 0 0 0 0 0 0 0 0 0 0 0 0 0 0 0 0 0 0 0 0 0 0 0 0 0 0 0 0 0 0 0 0 
29144.6 24807.4 8241.23 5272.62 3854.77 3126.15 2678.15 2269.54 2023.38 1880.62 1782.15 1649.23 1555.69 1467.08 1417.85 1457.23 0 0 0 0 0 0 0 0 0 0 0 0 0 0 0 0 0 0 0 0 0 0 0 0 0 0 0 0 0 0 0 0 0 0 0 
29188.9 24886.2 8256 5282.46 3943.38 3111.38 2688 2353.23 2038.15 1841.23 1782.15 1659.08 1624.62 1491.69 1496.62 1476.92 0 0 0 0 0 0 0 0 0 0 0 0 0 0 0 0 0 0 0 0 0 0 0 0 0 0 0 0 0 0 0 0 0 0 0 
29238.2 24846.8 8226.46 5361.23 3972.92 3101.54 2633.85 2328.62 2048 1875.69 1772.31 1693.54 1600 1462.15 1417.85 1422.77 0 0 0 0 0 0 0 0 0 0 0 0 0 0 0 0 0 0 0 0 0 0 0 0 0 0 0 0 0 0 0 0 0 0 0 
29179.1 24846.8 8265.85 5312 3963.08 3204.92 2643.69 2348.31 2038.15 1865.85 1747.69 1693.54 1565.54 1481.85 1496.62 1437.54 0 0 0 0 0 0 0 0 0 0 0 0 0 0 0 0 0 0 0 0 0 0 0 0 0 0 0 0 0 0 0 0 0 0 0 
