x: 
124 40144 372 128 164 124 180 212 248 196 228 248 296 296 340 320 320 380 424 380 416 452 428 508 512 552 572 632 608 672 704 672 692 724 764 788 796 776 844 796 816 788 840 848 752 808 748 780 768 712 640 528 436 312 172 16 64 92 96 104 100 84 120 156 80 88 48 40 60 40 24 32 48 36 56 48 32 76 144 52 220 204 108 188 212 216 180 252 292 268 176 156 256 308 340 388 440 228 100 280 32 548 884 916 428 652 760 488 376 324 256 264 244 288 256 260 272 300 328 356 432 1.69603e+007 424 448 352 372 424 620 0 0 0 0 0 0 0 0 0 0 0 0 0 0 0 0 0 0 0 0 0 0 0 0 0 0 0 0 0 0 0 0 0 0 0 0 0 0 0 0 0 0 0 0 0 0 0 0 0 0 0 0 0 0 0 0 0 0 0 0 0 0 0 0 0 0 0 0 0 0 0 0 0 0 0 0 0 0 0 0 0 0 0 0 0 0 0 0 0 0 0 0 0 0 0 0 0 0 0 0 0 0 0 0 0 0 0 0 0 0 0 0 0 0 0 0 0 0 0 0 0 0 0 0 0 0 0 0 
124 39588 124 60 48 52 32 24 24 28 24 56 44 20 0 12 52 48 56 96 36 36 28 108 96 100 104 104 68 56 80 92 64 60 64 44 8 48 16 16 32 12 20 76 12 16 16 40 24 24 36 20 12 48 16 24 8 16 52 44 12 24 16 44 8 40 40 20 44 24 20 24 36 56 108 208 360 404 232 148 240 216 232 344 368 260 116 16 56 40 20 44 48 12 28 32 72 64 64 52 56 8 36 44 8 40 56 20 4 12 40 28 32 40 24 36 40 48 44 44 44 12 44 48 24 36 8 56 0 0 0 0 0 0 0 0 0 0 0 0 0 0 0 0 0 0 0 0 0 0 0 0 0 0 0 0 0 0 0 0 0 0 0 0 0 0 0 0 0 0 0 0 0 0 0 0 0 0 0 0 0 0 0 0 0 0 0 0 0 0 0 0 0 0 0 0 0 0 0 0 0 0 0 0 0 0 0 0 0 0 0 0 0 0 0 0 0 0 0 0 0 0 0 0 0 0 0 0 0 0 0 0 0 0 0 0 0 0 0 0 0 0 0 0 0 0 0 0 0 0 0 0 0 0 0 0 
120 39492 164 52 56 56 32 16 24 36 32 40 28 32 20 48 32 36 12 60 48 20 4 48 8 16 28 28 4 8 16 32 16 28 8 32 8 12 24 16 16 12 28 20 8 8 36 28 28 24 12 36 28 56 68 24 32 52 28 16 24 28 24 28 12 36 48 36 44 52 32 4 68 160 65824 640 744 636 408 264 212 184 132 140 176 148 76 120 140 116 64 88 72 72 88 92 80 88 108 76 12 68 76 16 44 24 44 64 12 24 12 36 32 12 4 44 40 24 4 20 32 16 24 28 32 8 16 56 0 0 0 0 0 0 0 0 0 0 0 0 0 0 0 0 0 0 0 0 0 0 0 0 0 0 0 0 0 0 0 0 0 0 0 0 0 0 0 0 0 0 0 0 0 0 0 0 0 0 0 0 0 0 0 0 0 0 0 0 0 0 0 0 0 0 0 0 0 0 0 0 0 0 0 0 0 0 0 0 0 0 0 0 0 0 0 0 0 0 0 0 0 0 0 0 0 0 0 0 0 0 0 0 0 0 0 0 0 0 0 0 0 0 0 0 0 0 0 0 0 0 0 0 0 0 0 0 
y:  
1056 467168 1536 480 448 288 96 224 160 384 224 192 128 128 32 32 64 64 96 256 96 128 128 96 32 96 96 224 32 32 64 192 0 64 96 192 32 32 96 32 96 224 32 224 224 64 224 224 160 128 128 192 64 160 128 160 96 224 96 64 128 128 128 704 32 672 64 160 192 96 96 0 0 64 96 128 64 96 32 128 64 96 128 96 64 128 96 288 64 160 160 128 128 64 128 128 128 128 96 192 96 32 288 288 256 256 128 192 32 128 96 64 64 128 64 160 128 128 96 96 96 96 128 32 64 64 96 896 0 0 0 0 0 0 0 0 0 0 0 0 0 0 0 0 0 0 0 0 0 0 0 0 0 0 0 0 0 0 0 0 0 0 0 0 0 0 0 0 0 0 0 0 0 0 0 0 0 0 0 0 0 0 0 0 0 0 0 0 0 0 0 0 0 0 0 0 0 0 0 0 0 0 0 0 0 0 0 0 0 0 0 0 0 0 0 0 0 0 0 0 0 0 0 0 0 0 0 0 0 0 0 0 0 0 0 0 0 0 0 0 0 0 0 0 0 0 0 0 0 0 0 0 0 0 0 0 
992 467520 1600 512 512 288 160 192 160 352 192 160 64 192 32 128 128 96 64 96 96 224 160 96 32 64 64 192 32 128 192 224 32 224 96 64 96 64 32 192 96 64 32 192 128 64 224 64 32 128 128 64 32 96 64 192 64 64 96 64 32 32 64 576 32 448 160 160 0 96 96 160 160 160 128 96 192 320 128 288 128 224 288 224 128 192 32 64 64 96 32 64 64 96 64 32 32 160 32 128 32 64 32 96 32 160 128 64 128 96 96 288 32 64 64 64 32 64 32 64 64 96 32 32 128 0 96 896 0 0 0 0 0 0 0 0 0 0 0 0 0 0 0 0 0 0 0 0 0 0 0 0 0 0 0 0 0 0 0 0 0 0 0 0 0 0 0 0 0 0 0 0 0 0 0 0 0 0 0 0 0 0 0 0 0 0 0 0 0 0 0 0 0 0 0 0 0 0 0 0 0 0 0 0 0 0 0 0 0 0 0 0 0 0 0 0 0 0 0 0 0 0 0 0 0 0 0 0 0 0 0 0 0 0 0 0 0 0 0 0 0 0 0 0 0 0 0 0 0 0 0 0 0 0 0 0 
1024 467520 1600 512 448 320 32 224 224 256 160 128 32 64 32 64 64 64 96 96 128 192 96 352 32 96 96 32 32 96 64 256 32 256 64 64 64 96 64 32 32 160 128 64 32 192 128 32 32 64 64 64 96 32 128 128 32 192 96 128 64 32 128 640 32 544 32 160 32 192 128 64 64 64 192 224 320 288 224 128 96 128 96 128 96 128 160 96 32 64 32 128 64 128 64 64 64 192 32 32 64 32 128 64 32 160 96 128 32 64 128 192 96 32 64 32 0 96 96 96 96 64 96 32 64 64 96 960 0 0 0 0 0 0 0 0 0 0 0 0 0 0 0 0 0 0 0 0 0 0 0 0 0 0 0 0 0 0 0 0 0 0 0 0 0 0 0 0 0 0 0 0 0 0 0 0 0 0 0 0 0 0 0 0 0 0 0 0 0 0 0 0 0 0 0 0 0 0 0 0 0 0 0 0 0 0 0 0 0 0 0 0 0 0 0 0 0 0 0 0 0 0 0 0 0 0 0 0 0 0 0 0 0 0 0 0 0 0 0 0 0 0 0 0 0 0 0 0 0 0 0 0 0 0 0 0 
z:  
132 42156 576 308 176 116 128 132 56 44 16 40 36 52 60 120 76 120 128 92 108 64 96 96 116 88 156 112 124 128 124 128 88 144 136 116 128 120 108 116 68 164 104 92 48 64 36 8 28 64 56 56 40 100 68 40 24 60 72 68 100 80 32 32 32 60 16 12 32 52 60 28 4 24 16 52 52 36 68 108 104 128 152 72 60 84 64 148 124 116 124 124 172 192 164 152 208 156 116 188 52 224 412 372 176 336 404 268 132 84 184 204 152 116 84 68 124 100 84 96 88 168 176 176 184 184 168 132 0 0 0 0 0 0 0 0 0 0 0 0 0 0 0 0 0 0 0 0 0 0 0 0 0 0 0 0 0 0 0 0 0 0 0 0 0 0 0 0 0 0 0 0 0 0 0 0 0 0 0 0 0 0 0 0 0 0 0 0 0 0 0 0 0 0 0 0 0 0 0 0 0 0 0 0 0 0 0 0 0 0 0 0 0 0 0 0 0 0 0 0 0 0 0 0 0 0 0 0 0 0 0 0 0 0 0 0 0 0 0 0 0 0 0 0 0 0 0 0 0 0 0 0 0 0 0 0 
124 40860 52 84 64 28 36 16 40 4 20 4 28 48 36 16 32 52 60 44 48 44 60 84 84 84 72 80 80 64 92 88 92 76 100 76 40 32 12 12 12 36 20 24 16 36 32 20 32 36 8 4 32 20 16 28 20 16 32 12 52 40 28 60 16 52 20 28 36 48 60 68 52 28 68 96 212 244 108 52 80 68 120 120 108 64 48 28 40 104 108 44 16 36 92 104 140 108 124 148 160 92 72 228 224 172 152 156 48 36 44 48 24 76 20 84 40 32 32 68 40 44 8 40 28 60 20 64 0 0 0 0 0 0 0 0 0 0 0 0 0 0 0 0 0 0 0 0 0 0 0 0 0 0 0 0 0 0 0 0 0 0 0 0 0 0 0 0 0 0 0 0 0 0 0 0 0 0 0 0 0 0 0 0 0 0 0 0 0 0 0 0 0 0 0 0 0 0 0 0 0 0 0 0 0 0 0 0 0 0 0 0 0 0 0 0 0 0 0 0 0 0 0 0 0 0 0 0 0 0 0 0 0 0 0 0 0 0 0 0 0 0 0 0 0 0 0 0 0 0 0 0 0 0 0 0 
136 39648 52 96 32 16 28 40 24 8 28 36 8 28 8 16 28 36 40 52 36 24 48 16 36 40 28 48 56 44 24 32 28 12 32 12 24 12 8 8 8 12 8 20 36 32 8 20 20 24 28 24 12 16 40 16 8 32 44 36 28 32 24 72 32 72 28 16 28 24 36 16 68 120 152 408 472 396 212 144 152 128 88 116 140 140 60 64 60 64 56 68 52 68 60 28 24 120 76 60 56 36 108 144 168 220 192 132 124 124 44 60 36 52 20 24 44 16 24 32 36 28 48 20 20 32 12 72 0 0 0 0 0 0 0 0 0 0 0 0 0 0 0 0 0 0 0 0 0 0 0 0 0 0 0 0 0 0 0 0 0 0 0 0 0 0 0 0 0 0 0 0 0 0 0 0 0 0 0 0 0 0 0 0 0 0 0 0 0 0 0 0 0 0 0 0 0 0 0 0 0 0 0 0 0 0 0 0 0 0 0 0 0 0 0 0 0 0 0 0 0 0 0 0 0 0 0 0 0 0 0 0 0 0 0 0 0 0 0 0 0 0 0 0 0 0 0 0 0 0 0 0 0 0 0 0 
