x: 
66 25086 88 22 38 16 48 12 22 16 22 16 30 38 26 10 32 26 24 24 18 42 30 32 52 22 12 8 36 28 20 12 20 18 20 40 62 56 26 42 36 144 176 54 46 16 18 58 26 28 42 50 18 14 28 64 92 22 20 42 28 62 112 36 52 64 28 66 36 38 40 26 12 40 68 62 18 18 62 36 50 30 30 42 34 50 10 54 36 20 22 16 40 16 76 50 56 8 60 110 128 254 140 160 164 90 78 74 72 58 102 70 60 26 16 56 64 140 60 90 254 264 82 116 118 54 48 84 0 0 0 0 0 0 0 0 0 0 0 0 0 0 0 0 0 0 0 0 0 0 0 0 0 0 0 0 0 0 0 0 0 0 0 0 0 0 0 0 0 0 0 0 0 0 0 0 0 0 0 0 0 0 0 0 0 0 0 0 0 0 0 0 0 0 0 0 0 0 0 0 0 0 0 0 0 0 0 0 0 0 0 0 0 0 0 0 0 0 0 0 0 0 0 0 0 0 0 0 0 0 0 0 0 0 0 0 0 0 0 0 0 0 0 0 0 0 0 0 0 0 0 0 0 0 0 0 
66 25096 72 26 24 10 58 22 24 24 40 38 24 16 12 38 38 24 24 4 8 18 10 14 4 32 30 54 22 22 28 24 32 14 42 52 24 48 28 6 18 24 70 86 38 134 136 230 150 52 82 90 70 34 66 40 14 18 34 24 20 34 52 66 18 110 106 2 76 44 28 56 82 106 30 18 50 112 72 14 10 22 14 26 4 54 70 72 34 40 60 28 74 40 34 108 48 42 36 46 164 138 162 102 76 168 154 64 68 102 48 8 64 162 74 22 16 8 22 36 24 38 64 86 54 52 20 114 0 0 0 0 0 0 0 0 0 0 0 0 0 0 0 0 0 0 0 0 0 0 0 0 0 0 0 0 0 0 0 0 0 0 0 0 0 0 0 0 0 0 0 0 0 0 0 0 0 0 0 0 0 0 0 0 0 0 0 0 0 0 0 0 0 0 0 0 0 0 0 0 0 0 0 0 0 0 0 0 0 0 0 0 0 0 0 0 0 0 0 0 0 0 0 0 0 0 0 0 0 0 0 0 0 0 0 0 0 0 0 0 0 0 0 0 0 0 0 0 0 0 0 0 0 0 0 0 
62 25116 68 50 20 18 32 18 18 26 46 10 6 12 24 32 10 8 24 6 26 30 14 14 16 8 18 44 6 32 36 22 36 26 28 14 22 30 38 42 18 20 42 32 88 28 22 58 96 68 220 192 44 18 28 28 28 30 24 18 28 20 44 30 70 92 38 30 22 54 98 108 76 44 26 66 84 82 8 52 52 60 106 96 42 54 30 68 112 48 34 52 56 18 162 214 246 216 54 74 40 88 100 84 26 62 32 10 62 46 30 98 94 60 56 98 56 26 74 110 64 24 38 70 82 60 8 138 0 0 0 0 0 0 0 0 0 0 0 0 0 0 0 0 0 0 0 0 0 0 0 0 0 0 0 0 0 0 0 0 0 0 0 0 0 0 0 0 0 0 0 0 0 0 0 0 0 0 0 0 0 0 0 0 0 0 0 0 0 0 0 0 0 0 0 0 0 0 0 0 0 0 0 0 0 0 0 0 0 0 0 0 0 0 0 0 0 0 0 0 0 0 0 0 0 0 0 0 0 0 0 0 0 0 0 0 0 0 0 0 0 0 0 0 0 0 0 0 0 0 0 0 0 0 0 0 
y:  
1024 468224 1696 480 448 320 192 288 160 352 128 32 32 96 96 160 32 32 96 160 96 32 96 96 64 96 160 160 32 128 64 192 32 192 128 160 32 64 128 128 64 32 32 160 64 128 160 64 64 192 96 64 32 128 96 160 96 64 128 64 32 96 160 640 64 544 160 96 128 32 128 160 0 64 96 192 64 32 64 128 96 128 64 96 96 128 32 96 128 128 32 128 64 64 192 96 64 128 160 32 96 64 32 96 32 96 96 96 64 96 96 160 96 64 96 160 128 64 64 128 128 224 64 192 160 32 160 736 0 0 0 0 0 0 0 0 0 0 0 0 0 0 0 0 0 0 0 0 0 0 0 0 0 0 0 0 0 0 0 0 0 0 0 0 0 0 0 0 0 0 0 0 0 0 0 0 0 0 0 0 0 0 0 0 0 0 0 0 0 0 0 0 0 0 0 0 0 0 0 0 0 0 0 0 0 0 0 0 0 0 0 0 0 0 0 0 0 0 0 0 0 0 0 0 0 0 0 0 0 0 0 0 0 0 0 0 0 0 0 0 0 0 0 0 0 0 0 0 0 0 0 0 0 0 0 0 
1024 468096 1696 352 512 288 192 224 160 544 128 192 96 96 64 160 64 32 96 160 96 192 64 224 64 128 96 160 32 64 32 192 64 128 64 128 160 32 96 320 64 64 224 160 128 64 160 32 64 160 160 192 128 96 256 32 128 160 160 160 96 192 128 608 96 448 32 320 64 64 64 32 96 128 128 192 128 128 96 64 128 224 96 128 128 96 192 160 0 96 96 128 96 32 128 32 32 64 96 64 64 96 192 96 32 224 64 64 64 96 0 256 96 64 32 64 32 128 96 160 96 96 32 224 128 96 128 896 0 0 0 0 0 0 0 0 0 0 0 0 0 0 0 0 0 0 0 0 0 0 0 0 0 0 0 0 0 0 0 0 0 0 0 0 0 0 0 0 0 0 0 0 0 0 0 0 0 0 0 0 0 0 0 0 0 0 0 0 0 0 0 0 0 0 0 0 0 0 0 0 0 0 0 0 0 0 0 0 0 0 0 0 0 0 0 0 0 0 0 0 0 0 0 0 0 0 0 0 0 0 0 0 0 0 0 0 0 0 0 0 0 0 0 0 0 0 0 0 0 0 0 0 0 0 0 0 
1024 468128 1568 288 416 352 128 96 192 352 96 224 32 192 32 64 96 32 128 96 64 256 32 160 64 32 64 32 64 64 128 160 32 288 64 96 32 224 64 160 96 192 128 192 96 64 192 64 160 192 96 96 96 32 128 160 32 192 32 64 96 32 96 672 64 480 32 192 96 160 160 192 192 32 64 128 128 64 128 256 96 160 128 96 160 96 96 160 192 256 224 128 480 768 608 256 96 224 128 32 64 64 32 128 64 64 160 128 64 32 64 96 64 96 96 128 64 128 192 64 96 64 64 128 192 64 96 864 0 0 0 0 0 0 0 0 0 0 0 0 0 0 0 0 0 0 0 0 0 0 0 0 0 0 0 0 0 0 0 0 0 0 0 0 0 0 0 0 0 0 0 0 0 0 0 0 0 0 0 0 0 0 0 0 0 0 0 0 0 0 0 0 0 0 0 0 0 0 0 0 0 0 0 0 0 0 0 0 0 0 0 0 0 0 0 0 0 0 0 0 0 0 0 0 0 0 0 0 0 0 0 0 0 0 0 0 0 0 0 0 0 0 0 0 0 0 0 0 0 0 0 0 0 0 0 0 
z:  
132 45264 124 132 80 84 60 96 120 104 36 48 112 32 32 60 64 64 116 92 84 92 92 20 108 68 72 148 112 84 92 92 128 92 52 124 48 32 48 76 48 20 12 56 44 52 16 20 24 68 72 60 100 28 48 84 60 116 88 52 24 100 60 72 28 88 60 104 32 8 48 132 148 52 68 64 32 16 92 64 56 56 124 128 72 40 8 100 64 84 116 48 108 36 88 52 24 124 32 76 108 140 84 116 108 56 136 68 152 224 152 100 120 104 72 212 240 80 12 176 196 244 228 120 152 108 80 104 0 0 0 0 0 0 0 0 0 0 0 0 0 0 0 0 0 0 0 0 0 0 0 0 0 0 0 0 0 0 0 0 0 0 0 0 0 0 0 0 0 0 0 0 0 0 0 0 0 0 0 0 0 0 0 0 0 0 0 0 0 0 0 0 0 0 0 0 0 0 0 0 0 0 0 0 0 0 0 0 0 0 0 0 0 0 0 0 0 0 0 0 0 0 0 0 0 0 0 0 0 0 0 0 0 0 0 0 0 0 0 0 0 0 0 0 0 0 0 0 0 0 0 0 0 0 0 0 
124 45264 112 52 24 48 76 80 32 8 12 40 16 24 16 24 8 72 36 64 44 52 80 76 36 32 76 72 44 96 72 68 24 16 36 44 44 20 116 88 100 76 132 128 108 60 116 156 128 84 48 68 116 152 128 104 56 84 112 100 120 164 44 84 196 104 44 68 28 108 152 88 92 52 96 148 80 32 44 56 116 8 72 28 108 44 88 28 92 48 32 32 128 192 112 132 52 28 60 128 36 116 56 96 32 52 64 48 16 124 100 40 76 84 152 160 64 104 64 80 112 36 12 60 64 52 68 28 0 0 0 0 0 0 0 0 0 0 0 0 0 0 0 0 0 0 0 0 0 0 0 0 0 0 0 0 0 0 0 0 0 0 0 0 0 0 0 0 0 0 0 0 0 0 0 0 0 0 0 0 0 0 0 0 0 0 0 0 0 0 0 0 0 0 0 0 0 0 0 0 0 0 0 0 0 0 0 0 0 0 0 0 0 0 0 0 0 0 0 0 0 0 0 0 0 0 0 0 0 0 0 0 0 0 0 0 0 0 0 0 0 0 0 0 0 0 0 0 0 0 0 0 0 0 0 0 
140 45264 64 92 32 44 88 120 80 68 76 4 44 16 24 68 48 128 36 52 16 24 8 72 52 44 76 12 4 52 28 60 84 76 60 64 16 56 84 28 28 40 64 28 48 136 96 68 52 36 8 56 56 44 108 100 80 44 24 28 48 28 36 64 48 112 40 16 96 44 76 76 68 40 4 44 48 92 96 76 76 60 84 104 116 100 196 140 88 152 96 192 132 468 480 244 144 132 60 60 32 84 108 68 160 140 88 144 128 52 60 44 128 172 120 84 108 80 28 48 76 24 4 96 92 52 8 232 0 0 0 0 0 0 0 0 0 0 0 0 0 0 0 0 0 0 0 0 0 0 0 0 0 0 0 0 0 0 0 0 0 0 0 0 0 0 0 0 0 0 0 0 0 0 0 0 0 0 0 0 0 0 0 0 0 0 0 0 0 0 0 0 0 0 0 0 0 0 0 0 0 0 0 0 0 0 0 0 0 0 0 0 0 0 0 0 0 0 0 0 0 0 0 0 0 0 0 0 0 0 0 0 0 0 0 0 0 0 0 0 0 0 0 0 0 0 0 0 0 0 0 0 0 0 0 0 
