c 
27.22 -1.46 992.19 
27.59 -1.83 992.31 
28.32 -3.66 991.70 
27.95 -2.69 992.19 
26.37 -2.20 993.04 
27.34 -2.32 992.43 
28.20 -2.81 992.31 
27.71 -2.69 991.82 
26.86 -1.83 992.68 
28.20 -2.81 992.43 
27.47 -3.05 992.19 
26.86 -2.32 992.80 
27.71 -3.42 992.43 
27.47 -2.81 991.82 
27.71 -1.71 992.80 
27.83 -2.93 992.43 
26.98 -2.93 992.31 
27.95 -2.56 992.19 
27.47 -3.17 992.19 
27.22 -3.54 992.43 
27.47 -2.69 992.19 
27.83 -2.56 992.19 
27.34 -2.81 992.43 
26.98 -2.93 992.55 
27.34 -2.93 991.94 
26.73 -3.30 992.43 
27.10 -3.17 991.70 
27.47 -3.05 992.19 
27.34 -3.42 991.82 
27.34 -2.81 991.70 
27.22 -3.42 992.19 
27.83 -3.05 992.55 
27.83 -2.93 991.82 
27.83 -2.93 991.21 
27.59 -3.42 992.55 
26.86 -2.69 992.31 
28.44 -3.05 991.46 
26.73 -3.05 992.07 
26.49 -2.93 993.04 
27.95 -2.56 991.82 
27.47 -3.05 991.58 
27.34 -2.69 992.80 
28.20 -2.44 992.31 
27.47 -3.91 991.58 
27.83 -3.05 993.16 
26.98 -2.56 992.43 
27.47 -2.44 991.82 
27.47 -2.69 991.82 
27.34 -2.81 992.19 
27.83 -3.05 991.94 
27.59 -2.20 991.82 
27.10 -2.93 992.19 
28.20 -2.93 991.70 
27.22 -2.69 992.19 
27.47 -3.54 991.94 
27.10 -2.81 991.82 
27.47 -2.69 991.33 
26.98 -3.05 992.07 
26.98 -2.56 992.31 
27.47 -3.05 991.46 
27.10 -2.56 991.94 
26.86 -3.17 992.19 
27.71 -2.44 991.82 
27.71 -2.44 991.58 
26.86 -3.30 991.82 
27.47 -2.20 991.21 
27.95 -2.93 991.70 
27.34 -2.44 992.07 
27.22 -3.05 991.82 
27.83 -2.56 991.70 
27.10 -2.81 991.82 
27.71 -2.56 992.31 
27.10 -2.81 992.07 
27.34 -2.81 992.43 
27.34 -3.30 991.70 
27.22 -2.81 991.82 
27.71 -2.69 992.19 
27.71 -3.05 991.58 
27.22 -2.44 991.82 
27.47 -2.56 991.82 
26.98 -2.44 991.70 
27.22 -2.69 992.31 
27.10 -2.56 991.94 
27.71 -3.05 991.94 
27.10 -2.69 991.94 
27.71 -2.69 992.07 
26.98 -2.44 992.43 
27.59 -2.69 992.43 
27.22 -3.05 992.43 
27.71 -2.93 992.43 
26.98 -2.56 991.94 
28.08 -2.56 991.82 
27.71 -3.30 992.07 
27.59 -2.20 992.31 
27.59 -2.44 992.43 
27.22 -2.56 992.31 
27.47 -2.44 992.31 
27.47 -2.93 992.31 
27.59 -2.93 992.55 
27.34 -2.93 992.68 
27.34 -3.17 992.31 
27.22 -2.69 992.55 
27.47 -2.93 992.19 
27.22 -2.56 992.43 
27.22 -2.93 992.07 
27.34 -2.32 991.82 
26.73 -2.44 992.43 
26.98 -2.93 992.43 
27.47 -3.05 992.43 
26.98 -2.69 992.31 
27.10 -2.44 992.19 
27.59 -2.69 992.31 
27.71 -3.05 991.82 
27.47 -2.93 992.19 
27.10 -2.93 992.07 
28.08 -2.56 991.82 
27.10 -2.56 992.19 
27.71 -3.17 992.43 
27.22 -2.56 991.82 
26.86 -2.93 991.82 
27.47 -3.05 991.58 
27.47 -2.44 991.21 
27.10 -2.56 991.94 
27.47 -3.05 992.07 
27.34 -2.93 991.46 
27.34 -3.05 991.46 
27.47 -2.08 991.33 
27.95 -3.54 991.46 
27.22 -3.42 991.46 
26.98 -2.81 991.46 
27.10 -2.69 991.33 
27.59 -2.20 990.72 
27.10 -2.93 991.21 
26.86 -3.30 991.21 
27.47 -2.93 991.09 
27.34 -2.69 991.33 
26.98 -2.44 991.21 
27.83 -2.56 991.21 
27.47 -2.69 991.94 
27.10 -3.05 991.82 
27.34 -2.81 991.58 
27.34 -2.81 991.46 
27.22 -2.56 991.58 
27.47 -3.30 991.58 
27.47 -2.56 991.94 
27.71 -2.56 991.46 
27.59 -2.44 992.07 
27.10 -2.93 991.94 
26.98 -2.69 991.94 
27.71 -2.69 991.82 
27.10 -2.56 992.19 
27.47 -2.69 992.31 
27.34 -2.56 991.46 
27.10 -3.17 991.82 
27.83 -2.32 991.94 
27.71 -2.44 992.07 
27.95 -3.17 991.33 
27.47 -2.81 991.70 
27.10 -2.56 991.94 
27.10 -2.93 991.58 
27.47 -2.93 991.46 
28.20 -2.20 991.94 
27.59 -2.93 991.82 
27.34 -2.69 991.70 
27.71 -2.69 991.33 
27.34 -2.44 992.07 
27.47 -2.69 991.70 
27.47 -2.08 991.70 
23.56 1.46 991.21 
22.09 -5.00 992.80 
28.93 -5.13 991.82 
35.52 -4.64 990.23 
33.45 -2.44 990.97 
24.41 -1.22 991.58 
22.46 -0.61 989.50 
27.22 -2.44 989.62 
