c 
26.86 -3.66 992.31 
27.34 -3.05 991.70 
27.34 -3.66 991.82 
27.71 -3.42 992.31 
27.83 -3.42 992.31 
27.22 -2.81 992.31 
27.22 -3.30 992.07 
27.59 -3.66 992.07 
27.95 -3.30 992.31 
26.61 -3.30 992.19 
27.34 -3.66 992.07 
27.95 -3.91 992.31 
27.71 -3.30 992.07 
27.59 -3.17 992.31 
27.47 -3.30 992.19 
26.86 -3.30 992.31 
27.83 -3.30 992.19 
27.22 -3.91 992.19 
27.10 -3.66 992.31 
27.47 -3.42 992.55 
27.22 -2.93 992.31 
27.83 -3.54 992.68 
27.34 -3.78 992.31 
27.71 -3.54 992.55 
27.22 -3.78 992.43 
27.34 -2.93 992.31 
27.71 -3.30 992.43 
26.73 -2.93 992.07 
27.47 -3.17 992.31 
26.98 -3.30 992.43 
27.22 -3.42 991.94 
27.47 -3.30 992.19 
27.10 -3.42 992.31 
27.34 -3.54 991.94 
27.59 -3.42 991.94 
27.22 -2.93 992.31 
27.47 -3.30 992.31 
27.10 -3.05 992.19 
27.47 -2.81 992.43 
27.22 -3.17 992.31 
27.10 -3.42 991.94 
27.71 -3.78 992.43 
26.61 -3.78 992.07 
26.37 -3.17 992.31 
26.61 -3.30 992.55 
27.47 -3.54 991.70 
27.47 -3.54 992.07 
26.98 -3.30 992.31 
26.73 -2.81 992.07 
26.73 -3.30 992.07 
27.10 -3.78 992.07 
30.40 -4.52 982.54 
27.22 -1.34 1004.27 
23.07 -3.54 988.40 
25.76 -4.15 990.36 
28.44 -1.34 990.84 
28.81 -3.54 994.14 
26.98 -2.20 988.28 
