27.10 -3.05 992.68 
26.73 -3.17 992.92 
26.86 -3.17 993.04 
27.34 -3.66 993.04 
27.10 -2.93 993.29 
27.22 -3.42 992.68 
27.47 -2.93 993.04 
27.10 -3.78 993.16 
27.22 -2.81 993.04 
27.10 -3.17 993.04 
27.34 -2.93 992.92 
27.22 -2.93 992.80 
27.22 -2.81 992.55 
27.10 -3.05 992.92 
27.59 -2.56 993.16 
27.34 -3.17 993.16 
27.71 -3.17 992.92 
27.34 -2.44 992.80 
26.86 -3.05 993.04 
26.98 -3.17 992.68 
27.22 -2.93 992.80 
27.10 -3.05 992.92 
27.34 -3.42 992.55 
27.22 -3.42 992.68 
27.22 -2.81 992.92 
26.98 -3.30 992.43 
26.73 -3.30 992.92 
26.98 -3.05 992.80 
27.47 -3.54 993.04 
27.59 -3.05 992.55 
27.47 -3.78 992.92 
26.86 -2.93 992.80 
27.34 -3.05 992.80 
27.59 -2.93 992.43 
27.22 -3.42 993.04 
27.83 -3.30 993.04 
27.22 -3.05 992.43 
26.86 -3.05 992.80 
27.22 -2.56 992.19 
27.22 -3.05 992.55 
27.22 -3.05 993.04 
27.22 -3.30 992.55 
27.22 -3.66 992.31 
27.34 -3.17 992.68 
27.22 -3.42 992.68 
26.86 -3.17 993.16 
27.22 -3.54 992.31 
27.34 -2.93 992.43 
27.22 -3.05 992.80 
26.98 -3.05 992.68 
26.61 -2.93 993.04 
26.98 -3.30 993.04 
27.22 -3.42 993.29 
27.59 -3.42 992.92 
26.73 -3.30 992.80 
27.10 -3.30 993.04 
26.98 -3.42 993.04 
27.47 -3.17 993.16 
27.34 -2.69 992.80 
26.98 -2.93 993.04 
27.22 -3.42 993.16 
27.47 -3.42 993.53 
26.98 -3.17 992.92 
27.34 -3.66 993.29 
27.22 -3.66 992.92 
26.61 -3.17 992.92 
27.22 -3.30 993.04 
27.22 -3.30 993.04 
27.34 -3.42 993.16 
26.49 -3.42 993.29 
27.34 -3.30 993.04 
27.47 -3.17 993.41 
27.10 -3.54 993.29 
27.22 -3.05 992.80 
27.83 -3.42 992.92 
27.59 -3.42 993.53 
27.47 -3.17 993.65 
27.71 -2.93 993.41 
26.86 -3.05 993.04 
27.59 -3.17 993.29 
27.22 -3.17 993.29 
27.47 -3.42 993.41 
27.47 -2.81 992.92 
26.86 -2.93 993.65 
27.34 -3.30 993.16 
26.98 -2.93 993.16 
27.34 -3.30 993.04 
27.71 -3.42 993.16 
27.34 -3.42 992.80 
26.86 -3.30 992.92 
27.22 -3.30 993.16 
27.22 -3.30 992.92 
28.08 -3.42 993.65 
27.10 -3.30 993.29 
27.34 -3.42 993.41 
27.34 -3.66 993.29 
26.98 -3.66 992.92 
26.98 -3.54 992.68 
26.86 -3.54 992.92 
27.34 -3.30 993.16 
27.22 -2.93 993.04 
26.73 -3.54 993.16 
27.10 -3.17 993.16 
27.10 -3.42 993.41 
27.34 -2.93 993.29 
26.61 -3.42 992.92 
26.61 -3.66 993.29 
27.34 -3.66 993.04 
26.86 -3.17 993.16 
27.47 -3.54 993.29 
27.10 -3.91 993.53 
27.22 -3.66 993.04 
26.86 -2.81 992.80 
26.86 -3.42 993.41 
27.22 -3.42 993.04 
27.22 -3.42 993.41 
27.22 -3.05 993.65 
27.10 -3.42 993.04 
27.22 -3.05 993.41 
27.47 -3.30 993.04 
26.98 -3.17 993.41 
26.37 -2.81 993.04 
27.34 -3.66 992.80 
27.22 -3.78 993.16 
27.22 -2.93 993.41 
26.86 -3.66 993.29 
27.47 -3.91 993.29 
27.22 -2.81 993.29 
26.86 -3.78 992.55 
26.86 -3.17 993.04 
27.22 -3.05 993.41 
26.86 -3.17 993.29 
26.73 -3.17 993.04 
26.49 -3.05 992.92 
26.98 -3.54 992.80 
26.98 -3.17 993.16 
26.86 -3.54 993.16 
27.10 -3.42 993.29 
26.86 -3.42 993.41 
26.61 -3.66 992.80 
27.10 -3.54 993.04 
26.73 -3.17 993.16 
27.10 -3.54 993.04 
27.10 -3.30 992.68 
26.98 -3.42 992.92 
26.73 -3.42 993.29 
26.61 -3.42 992.43 
27.47 -3.54 992.92 
27.22 -3.30 992.92 
27.22 -3.30 992.55 
26.37 -3.54 993.29 
27.22 -3.54 992.80 
27.34 -3.54 992.80 
26.98 -3.66 992.68 
27.47 -3.78 992.80 
27.34 -3.66 992.68 
27.10 -4.15 992.92 
27.47 -4.03 992.92 
27.22 -3.42 992.92 
27.34 -3.42 993.04 
27.22 -3.78 992.68 
27.22 -3.91 992.68 
26.73 -3.42 992.31 
27.10 -3.05 993.04 
27.59 -3.66 993.04 
27.10 -3.30 993.04 
27.22 -3.17 992.55 
27.10 -3.78 992.80 
27.47 -3.17 993.04 
27.34 -4.27 992.43 
26.98 -3.42 992.80 
27.10 -3.91 992.68 
26.86 -4.03 992.55 
26.98 -3.66 993.16 
27.59 -3.66 992.92 
27.10 -3.17 992.80 
27.22 -3.30 992.55 
26.98 -3.66 992.31 
27.34 -3.30 992.43 
26.61 -3.66 992.55 
27.34 -3.42 992.55 
27.47 -4.15 992.68 
26.25 -3.42 992.55 
26.98 -3.54 992.55 
27.10 -3.78 991.82 
27.34 -3.78 992.31 
27.22 -3.05 992.07 
27.83 -3.42 992.19 
27.47 -3.66 992.19 
27.47 -3.42 992.19 
27.10 -3.30 992.07 
27.10 -3.54 992.31 
26.98 -3.54 991.46 
27.34 -4.03 991.94 
26.61 -3.54 991.58 
26.98 -3.54 991.82 
27.22 -3.78 991.58 
27.34 -3.66 991.70 
27.10 -3.17 991.82 
26.73 -3.05 991.70 
27.22 -3.66 991.94 
27.34 -3.78 991.82 
27.22 -3.91 992.19 
26.73 -3.54 991.70 
27.95 -5.98 992.43 
25.15 -1.22 990.72 
27.22 -2.44 991.58 
27.10 -4.64 992.80 
27.71 -3.54 992.07 
28.08 -4.15 992.31 
26.49 -4.15 992.07 
27.22 -3.42 992.07 
26.25 -1.83 991.46 
27.47 -4.52 992.43 
26.98 -3.05 992.19 
29.05 -3.30 992.55 
26.49 -3.54 992.31 
26.73 -4.03 992.55 
26.86 -3.78 992.55 
27.22 -4.15 992.55 
27.71 -3.66 992.43 
27.59 -3.54 993.04 
26.61 -3.91 992.19 
26.73 -3.42 992.19 
27.34 -3.05 992.43 
27.10 -3.66 992.07 
22.09 0.37 990.36 
19.53 -5.49 994.87 
28.56 -6.47 992.43 
36.87 -6.35 989.50 
33.81 -3.42 990.36 
25.51 -2.32 992.68 
25.02 -1.10 990.72 
26.73 -2.69 990.60 
29.79 -6.35 992.19 
30.76 -5.00 987.79 
