36.74 -6.59 -1016.36
35.28 -10.99 -1015.26
37.72 -6.47 -1016.36
36.01 -9.89 -1015.14
36.99 -6.23 -1016.24
37.48 -9.52 -1015.62
35.77 -6.47 -1014.89
38.33 -9.28 -1016.36
36.25 -6.59 -1015.38
38.21 -9.52 -1015.75
35.03 -6.71 -1014.65
37.72 -9.28 -1016.85
35.03 -6.47 -1014.89
38.7 -8.67 -1017.09
35.28 -7.93 -1014.53
38.57 -7.57 -1017.82
34.3 -8.67 -1014.16
38.33 -7.32 -1016.97
34.55 -9.03 -1013.92
38.57 -6.96 -1017.21
36.01 -9.28 -1015.87
38.33 -6.71 -1016.6
34.67 -8.67 -1015.01
37.96 -6.47 -1016.36
34.42 -9.64 -1014.04
38.33 -6.47 -1015.75
36.38 -9.03 -1015.62
38.57 -6.47 -1017.09
35.03 -10.25 -1014.53
37.35 -6.35 -1015.62
36.01 -10.01 -1015.14
37.72 -6.23 -1016.72
36.99 -9.77 -1016.85
36.25 -6.35 -1016.36
36.38 -10.01 -1015.87
36.25 -6.71 -1015.62
37.96 -9.89 -1016.85
36.25 -6.96 -1014.77
38.57 -8.79 -1016.72
34.91 -7.69 -1014.4
39.43 -8.3 -1017.09
35.03 -7.81 -1014.89
38.94 -8.18 -1017.46
35.64 -7.57 -1015.38
39.55 -7.81 -1017.33
35.4 -8.18 -1014.53
38.82 -7.32 -1019.17
34.42 -9.52 -1013.67
37.96 -6.71 -1016.24
35.16 -10.13 -1014.53
38.7 -6.35 -1017.21
35.28 -10.13 -1014.53
37.35 -6.47 -1015.01
36.38 -10.5 -1015.38
36.62 -6.47 -1015.5
37.23 -10.01 -1017.09
36.74 -6.47 -1015.99
36.99 -9.89 -1015.75
36.5 -6.1 -1015.26
38.09 -9.64 -1016.36
35.77 -7.45 -1015.14
37.96 -9.64 -1016.85
34.79 -7.32 -1014.28
37.48 -9.4 -1016.11
34.79 -7.57 -1015.99
39.06 -9.4 -1016.48
35.52 -7.08 -1015.14
39.67 -8.18 -1017.58
34.67 -7.08 -1015.38
37.96 -8.79 -1015.26
34.18 -8.18 -1015.75
38.7 -8.67 -1016.36
35.4 -7.93 -1015.01
39.18 -7.93 -1017.58
35.03 -9.03 -1014.4
38.7 -7.32 -1016.48
34.55 -8.79 -1015.87
38.33 -7.32 -1016.11
35.28 -8.67 -1015.38
37.48 -6.71 -1016.48
35.4 -9.64 -1015.01
37.48 -6.1 -1016.36
35.03 -10.13 -1014.16
36.99 -7.08 -1015.87
36.5 -9.28 -1015.26
36.25 -6.71 -1015.38
36.99 -10.5 -1015.5
35.89 -6.35 -1015.26
37.11 -9.4 -1016.48
36.25 -6.59 -1015.87
38.82 -9.03 -1016.6
35.64 -7.32 -1015.5
38.94 -7.57 -1017.7
35.16 -7.93 -1015.87
39.31 -7.57 -1017.46
35.28 -8.67 -1014.28
38.82 -7.81 -1016.85
34.18 -8.79 -1014.77
38.57 -6.71 -1017.7
33.94 -9.16 -1014.28
38.7 -7.69 -1016.72
36.01 -8.79 -1015.14
37.96 -7.57 -1015.5
35.52 -10.01 -1015.87
38.21 -7.08 -1015.62
35.28 -10.38 -1014.53
38.33 -6.47 -1017.21
36.13 -9.77 -1015.87
36.74 -6.84 -1015.5
35.77 -9.77 -1015.5
36.99 -7.2 -1015.62
36.25 -10.74 -1015.5
36.87 -6.1 -1015.99
36.25 -10.25 -1015.87
36.13 -6.59 -1015.5
36.87 -10.38 -1015.38
36.25 -6.35 -1013.92
38.45 -9.77 -1016.85
36.01 -6.47 -1015.14
37.48 -9.89 -1014.4
36.13 -7.2 -1016.36
37.72 -9.52 -1015.87
34.79 -7.57 -1015.14
38.7 -9.03 -1015.38
35.64 -7.57 -1014.4
38.82 -8.91 -1017.58
34.42 -7.93 -1014.65
39.18 -8.3 -1017.82
35.52 -6.96 -1015.14
39.06 -8.54 -1016.11
34.79 -8.42 -1014.28
38.57 -8.18 -1016.48
34.55 -8.42 -1013.92
39.18 -7.57 -1016.36
35.16 -8.54 -1014.4
38.7 -7.93 -1016.36
35.28 -8.3 -1014.16
38.94 -7.57 -1016.48
35.64 -8.3 -1015.26
39.67 -7.57 -1017.82
34.67 -7.57 -1015.62
38.94 -8.3 -1016.85
35.28 -7.81 -1016.11
39.31 -8.54 -1017.58
35.89 -7.32 -1015.5
38.45 -8.91 -1016.6
34.42 -8.06 -1014.4
37.6 -8.67 -1016.36
35.52 -6.96 -1015.62
39.79 -8.3 -1017.33
35.4 -7.32 -1015.01
38.33 -9.28 -1016.72
35.64 -6.71 -1015.75
39.31 -8.91 -1017.21
36.38 -6.47 -1015.75
37.48 -9.77 -1014.89
35.89 -6.96 -1014.89
37.6 -9.52 -1015.87
37.96 -6.71 -1016.48
36.87 -9.77 -1015.5
38.57 -6.35 -1017.21
36.01 -9.89 -1015.14
38.33 -5.49 -1017.46
36.13 -9.64 -1015.14
38.45 -6.71 -1016.48
35.52 -9.64 -1015.26
38.82 -6.71 -1016.24
35.89 -9.4 -1015.5
37.96 -6.96 -1015.75
35.16 -8.91 -1015.87
38.94 -6.59 -1017.21
35.64 -9.4 -1014.77
38.82 -7.08 -1016.24
35.16 -9.52 -1014.89
38.57 -7.08 -1016.48
35.77 -8.42 -1015.14
39.79 -7.2 -1017.94
35.03 -8.3 -1015.62
39.92 -7.57 -1018.07
34.79 -8.06 -1015.14
39.92 -8.06 -1017.7
36.01 -6.84 -1015.99
38.94 -8.67 -1016.36
34.67 -8.3 -1014.28
39.31 -9.4 -1016.24
35.52 -6.47 -1016.36
38.7 -9.03 -1016.36
35.89 -6.71 -1015.75
39.43 -9.28 -1017.09
35.52 -6.71 -1015.5
38.33 -9.89 -1015.87
34.91 -7.45 -1014.65
38.09 -8.91 -1016.85
35.64 -6.71 -1015.62
38.82 -9.4 -1017.09
36.62 -6.47 -1015.5
38.33 -9.77 -1015.87
36.5 -6.71 -1015.26
37.84 -9.4 -1016.36
37.96 -6.1 -1017.46
37.48 -9.52 -1016.6
37.84 -6.35 -1016.6
36.38 -9.89 -1015.14
38.94 -6.23 -1017.82
35.64 -9.89 -1014.53
38.57 -6.96 -1016.6
35.52 -8.91 -1015.5
39.43 -6.35 -1018.07
35.28 -8.06 -1015.14
38.94 -8.54 -1016.11
35.89 -7.57 -1015.14
39.67 -8.42 -1017.94
36.01 -6.59 -1016.85
39.55 -9.16 -1016.85
36.25 -6.1 -1016.24
38.94 -8.67 -1016.97
36.5 -6.71 -1015.38
38.09 -9.77 -1016.6
37.35 -6.47 -1015.5
37.11 -9.64 -1015.75
37.6 -5.98 -1015.87
36.62 -9.16 -1015.99
37.96 -5.86 -1017.33
36.62 -9.16 -1015.5
39.79 -6.23 -1018.07
35.03 -9.4 -1013.92
38.94 -7.2 -1015.99
35.4 -8.54 -1014.65
38.94 -7.45 -1017.21
34.55 -8.67 -1014.4
38.7 -9.16 -1016.36
34.79 -7.93 -1015.14
39.55 -8.18 -1017.09
34.55 -7.81 -1014.4
38.45 -8.79 -1016.72
36.01 -7.08 -1016.24
38.33 -8.91 -1016.72
36.01 -6.71 -1015.99
38.09 -8.54 -1015.38
36.25 -6.71 -1015.14
39.06 -8.91 -1017.21
35.77 -7.45 -1015.01
38.82 -8.42 -1016.97
36.25 -6.84 -1015.87
40.04 -8.18 -1017.58
35.4 -7.45 -1014.65
39.67 -8.42 -1016.97
35.4 -7.57 -1014.4
38.57 -9.03 -1015.99
35.64 -6.96 -1015.99
38.21 -9.16 -1015.99
35.89 -7.81 -1014.53
39.43 -8.42 -1017.7
34.91 -6.96 -1015.38
38.09 -9.64 -1015.75
36.13 -6.96 -1014.89
38.33 -8.67 -1015.5
36.38 -6.59 -1015.87
39.18 -8.91 -1017.21
36.62 -6.23 -1017.09
38.21 -9.89 -1015.38
35.28 -6.96 -1014.53
38.57 -9.4 -1016.72
36.25 -6.84 -1015.87
37.96 -9.64 -1016.48
37.48 -5.98 -1016.36
36.62 -10.62 -1015.01
38.57 -5.98 -1016.97
36.74 -9.89 -1015.5
38.09 -6.23 -1016.97
36.38 -9.4 -1015.87
37.84 -6.35 -1016.24
37.23 -10.13 -1016.11
38.21 -6.47 -1016.36
36.5 -9.77 -1015.99
37.35 -6.59 -1015.99
36.62 -9.4 -1015.87
38.7 -6.1 -1017.58
35.64 -9.77 -1015.5
37.96 -6.71 -1016.11
35.4 -9.64 -1015.26
38.57 -6.59 -1017.09
36.38 -10.01 -1014.89
38.21 -6.71 -1015.87
35.52 -9.64 -1014.89
39.18 -6.59 -1017.46
35.28 -10.01 -1014.65
38.82 -7.2 -1017.33
35.28 -8.3 -1015.99
38.82 -8.3 -1016.6
36.01 -7.81 -1015.75
38.45 -8.67 -1016.48
36.13 -7.32 -1015.62
37.96 -9.28 -1016.24
36.13 -6.35 -1016.6
37.72 -9.52 -1016.36
37.35 -6.1 -1016.24
36.38 -9.89 -1016.36
37.84 -6.23 -1016.6
35.4 -9.4 -1014.65
37.96 -7.32 -1017.21
34.67 -9.64 -1014.65
39.18 -6.84 -1017.33
34.55 -9.03 -1014.53
38.94 -7.81 -1017.33
35.89 -7.45 -1015.99
38.57 -8.79 -1015.99
34.55 -7.69 -1014.16
38.21 -9.28 -1015.99
36.38 -6.59 -1015.87
37.84 -8.91 -1016.85
36.5 -6.23 -1016.24
36.62 -9.52 -1015.38
38.7 -6.71 -1016.36
35.4 -9.77 -1014.89
38.57 -6.71 -1016.72
34.79 -8.91 -1014.16
39.31 -6.96 -1016.85
35.52 -7.93 -1014.89
39.55 -7.93 -1017.21
36.01 -7.93 -1015.99
39.43 -8.91 -1017.46
36.13 -7.08 -1015.75
38.09 -10.13 -1015.14
36.74 -5.98 -1016.24
36.87 -10.01 -1015.01
37.35 -6.23 -1016.11
37.48 -9.28 -1016.24
37.6 -6.71 -1016.11
34.91 -10.13 -1014.4
37.84 -7.32 -1016.48
34.3 -9.16 -1014.16
38.7 -8.3 -1015.75
35.4 -7.45 -1015.5
38.94 -8.18 -1017.09
35.64 -7.32 -1015.5
39.67 -8.91 -1016.85
35.52 -6.47 -1015.5
37.84 -9.28 -1016.97
36.74 -6.47 -1016.24
38.09 -10.25 -1016.48
37.35 -6.71 -1015.62
36.87 -9.89 -1014.65
38.57 -6.23 -1017.46
35.16 -10.01 -1014.53
38.94 -6.59 -1017.21
35.28 -8.91 -1015.14
38.82 -8.06 -1016.24
35.4 -7.81 -1015.87
39.31 -8.42 -1017.58
35.16 -6.96 -1015.75
39.18 -8.79 -1017.09
35.4 -6.47 -1016.24
38.7 -9.4 -1017.09
36.25 -6.35 -1016.11
37.72 -9.16 -1016.24
36.74 -6.47 -1015.99
36.38 -10.74 -1014.89
37.6 -6.47 -1016.6
36.38 -10.5 -1014.77
36.99 -7.08 -1016.24
36.25 -9.4 -1015.75
38.45 -6.47 -1016.48
34.55 -9.03 -1013.92
38.21 -7.69 -1016.85
34.18 -8.91 -1013.92
39.43 -8.42 -1016.6
35.64 -7.2 -1015.87
37.84 -10.01 -1015.75
34.79 -7.32 -1015.38
38.33 -9.28 -1015.5
36.5 -6.23 -1015.5
36.13 -9.16 -1015.38
39.06 -7.2 -1017.21
34.67 -8.42 -1015.01
38.45 -8.54 -1016.6
34.91 -7.69 -1015.26
38.33 -9.16 -1015.99
36.87 -6.59 -1016.6
36.38 -9.64 -1014.65
38.09 -6.71 -1016.48
35.89 -9.03 -1015.38
38.7 -8.18 -1017.09
35.4 -7.08 -1015.38
39.18 -9.03 -1017.33
36.13 -6.35 -1016.48
36.74 -10.01 -1015.62
36.87 -6.84 -1016.6
36.01 -9.89 -1014.53
38.94 -6.47 -1017.33
34.91 -9.28 -1015.01
39.67 -6.47 -1017.58
34.91 -8.79 -1014.53
39.55 -7.2 -1017.09
35.4 -8.91 -1013.92
39.31 -8.79 -1016.11
34.79 -8.3 -1014.65
38.21 -9.52 -1015.99
35.28 -7.2 -1015.87
38.57 -8.79 -1016.72
36.5 -6.84 -1015.75
37.72 -9.64 -1015.62
36.5 -6.84 -1015.26
36.99 -9.52 -1015.87
36.99 -6.84 -1015.99
36.62 -9.77 -1015.75
39.06 -5.98 -1017.09
35.52 -9.16 -1015.14
38.7 -6.71 -1017.09
34.91 -8.54 -1015.01
38.94 -8.54 -1016.72
35.64 -7.57 -1015.62
39.31 -8.79 -1017.09
36.25 -6.96 -1015.5
37.35 -9.52 -1016.36
35.52 -6.47 -1016.11
37.11 -8.91 -1016.6
37.35 -6.71 -1016.11
36.5 -9.77 -1015.38
38.33 -6.84 -1017.21
35.77 -8.91 -1015.38
38.94 -7.81 -1016.24
34.67 -7.81 -1014.89
39.18 -8.79 -1017.58
35.03 -7.57 -1014.89
38.45 -9.77 -1015.99
36.87 -6.59 -1016.48
36.87 -9.28 -1015.75
37.72 -6.35 -1016.6
36.13 -9.03 -1015.75
39.67 -7.08 -1017.7
34.91 -9.03 -1013.79
39.67 -8.3 -1017.46
35.16 -7.93 -1015.01
39.79 -8.54 -1017.46
35.52 -7.32 -1015.14
38.7 -8.54 -1017.58
35.16 -7.45 -1014.77
39.43 -7.93 -1017.33
35.52 -8.3 -1015.26
38.94 -8.3 -1016.11
36.38 -9.28 -1015.62
38.57 -7.08 -1016.85
34.91 -9.64 -1014.28
38.57 -6.84 -1017.21
36.25 -9.64 -1015.75
38.7 -6.71 -1016.6
35.89 -10.38 -1015.01
37.6 -7.08 -1015.62
36.62 -9.64 -1016.24
36.01 -6.71 -1015.87
37.23 -10.38 -1015.14
35.28 -6.47 -1014.4
38.57 -9.52 -1017.21
35.77 -6.71 -1014.89
39.18 -8.91 -1017.33
35.28 -7.81 -1015.26
39.43 -8.18 -1017.33
35.03 -7.69 -1014.04
38.09 -8.54 -1016.24
34.79 -8.79 -1014.4
38.57 -7.81 -1016.72
35.52 -7.93 -1015.26
39.67 -8.67 -1017.09
34.18 -8.06 -1014.4
39.06 -8.54 -1017.33
35.4 -7.45 -1014.53
39.18 -8.67 -1016.97
35.4 -7.08 -1016.11
38.82 -8.42 -1017.58
34.91 -8.18 -1014.89
38.7 -8.91 -1016.97
34.55 -7.81 -1014.4
37.6 -9.77 -1016.6
35.4 -6.59 -1015.87
39.06 -8.79 -1018.07
34.91 -7.57 -1014.4
39.31 -9.16 -1016.36
35.28 -6.47 -1015.87
38.45 -9.28 -1016.11
35.28 -6.96 -1014.4
38.45 -9.89 -1016.24
35.03 -7.81 -1015.01
39.67 -8.54 -1017.09
35.28 -7.08 -1015.5
38.82 -9.16 -1016.85
35.52 -6.59 -1015.26
38.82 -9.77 -1017.33
35.64 -8.06 -1014.89
38.09 -9.89 -1016.11
35.52 -6.96 -1015.26
38.45 -8.67 -1016.97
35.03 -7.08 -1014.04
38.82 -9.03 -1017.21
35.16 -7.32 -1015.38
38.33 -8.67 -1016.48
34.67 -7.2 -1014.89
39.18 -9.28 -1017.21
35.4 -7.2 -1014.77
38.45 -8.79 -1015.99
35.64 -8.3 -1015.26
38.7 -8.79 -1016.11
35.03 -7.69 -1014.77
37.84 -9.77 -1015.87
35.77 -6.59 -1015.14
37.72 -10.25 -1015.5
36.38 -6.23 -1016.24
37.23 -10.01 -1015.62
37.11 -6.84 -1015.75
36.5 -10.5 -1015.14
37.96 -6.47 -1016.72
36.01 -9.16 -1015.99
39.43 -6.71 -1016.85
36.25 -8.67 -1015.5
39.79 -7.2 -1017.82
35.64 -8.18 -1015.01
39.92 -8.18 -1017.09
35.03 -8.18 -1015.75
39.31 -8.79 -1016.48
35.4 -7.32 -1015.38
38.21 -8.67 -1016.24
35.89 -6.96 -1015.26
38.09 -9.28 -1016.11
36.62 -6.84 -1015.87
37.72 -9.03 -1016.97
37.11 -6.23 -1016.24
36.62 -10.01 -1015.14
36.13 -6.84 -1015.62
36.99 -10.01 -1015.62
37.6 -6.47 -1015.87
35.52 -9.89 -1014.77
37.6 -6.47 -1016.11
35.03 -10.01 -1013.92
38.33 -6.96 -1016.11
34.67 -9.4 -1013.79
38.82 -6.96 -1017.09
35.16 -9.4 -1014.28
39.31 -7.81 -1015.62
35.89 -9.16 -1015.38
38.94 -7.81 -1016.97
35.28 -8.54 -1015.38
39.67 -7.57 -1017.21
34.42 -7.93 -1014.77
39.79 -7.45 -1017.7
34.06 -7.93 -1014.28
38.94 -7.81 -1016.6
35.03 -8.67 -1014.28
39.06 -7.57 -1017.46
36.38 -8.06 -1015.75
38.7 -8.18 -1016.85
35.16 -8.42 -1015.26
39.06 -8.91 -1016.97
34.79 -8.06 -1014.89
37.6 -9.16 -1016.36
34.91 -6.71 -1015.38
38.94 -9.52 -1016.48
34.55 -7.93 -1014.28
37.6 -9.52 -1016.11
34.42 -7.69 -1014.65
38.21 -9.28 -1015.87
35.03 -7.93 -1014.4
38.7 -8.79 -1016.6
35.16 -7.57 -1014.53
39.31 -9.03 -1017.33
35.03 -7.81 -1015.01
38.45 -9.03 -1016.72
35.4 -7.08 -1015.14
37.72 -9.89 -1016.11
36.25 -6.59 -1016.11
36.62 -9.64 -1015.14
36.25 -6.71 -1015.75
37.72 -10.25 -1016.85
37.48 -6.59 -1015.87
36.13 -10.25 -1015.62
37.6 -5.86 -1016.72
36.87 -10.25 -1016.6
36.5 -6.47 -1015.75
36.87 -9.89 -1015.99
37.11 -6.23 -1016.11
37.48 -9.64 -1015.99
38.09 -6.47 -1016.85
36.13 -10.01 -1015.01
37.6 -6.84 -1016.11
35.77 -10.38 -1014.65
37.96 -6.35 -1017.58
35.89 -10.01 -1015.01
37.84 -6.59 -1016.36
35.77 -10.01 -1014.89
38.09 -6.71 -1016.11
35.77 -10.25 -1014.28
38.21 -5.86 -1017.58
37.11 -9.77 -1015.99
38.33 -6.35 -1017.82
36.99 -9.89 -1015.62
37.6 -6.96 -1015.87
35.64 -10.13 -1015.01
37.84 -7.08 -1016.48
35.77 -9.52 -1014.89
38.21 -6.84 -1015.99
36.01 -9.16 -1014.89
39.31 -7.45 -1017.46
35.64 -9.4 -1015.14
38.7 -7.2 -1016.85
34.91 -8.79 -1015.38
38.94 -7.45 -1016.72
34.91 -8.91 -1015.62
38.33 -7.45 -1016.48
35.64 -9.28 -1015.14
38.45 -8.06 -1016.72
35.64 -8.06 -1015.87
39.67 -8.06 -1017.21
35.64 -7.57 -1015.38
38.33 -9.4 -1015.75
34.42 -8.42 -1014.16
38.94 -8.42 -1016.24
34.67 -7.93 -1014.4
37.72 -8.42 -1016.36
35.64 -6.59 -1015.99
38.94 -9.03 -1017.09
34.79 -6.96 -1014.77
38.82 -9.52 -1016.11
36.74 -6.23 -1016.24
37.23 -9.77 -1015.14
35.77 -7.08 -1015.14
36.74 -10.01 -1014.65
36.99 -6.71 -1015.75
36.74 -10.01 -1014.53
38.57 -6.84 -1016.6
36.13 -8.91 -1016.11
39.43 -6.96 -1017.7
34.91 -8.91 -1015.87
39.06 -7.93 -1017.46
34.67 -8.3 -1015.14
38.7 -8.67 -1016.48
35.03 -8.06 -1014.89
39.18 -8.79 -1016.24
36.25 -7.32 -1015.87
38.7 -9.16 -1016.36
36.38 -6.84 -1015.01
38.09 -9.64 -1015.75
36.38 -6.84 -1016.11
38.33 -9.64 -1016.24
36.38 -6.59 -1015.99
35.77 -9.77 -1014.4
36.87 -6.59 -1016.48
35.28 -9.52 -1014.77
38.09 -7.08 -1016.6
34.55 -9.64 -1014.53
38.33 -7.81 -1016.36
35.4 -8.42 -1015.14
39.43 -7.45 -1017.7
35.64 -8.42 -1014.77
39.43 -9.03 -1016.72
34.79 -7.81 -1015.14
38.82 -10.13 -1015.99
36.74 -7.2 -1015.75
36.99 -10.62 -1014.53
37.84 -6.96 -1016.97
35.4 -9.52 -1015.14
38.09 -8.3 -1016.36
35.03 -8.79 -1015.01
39.92 -8.67 -1017.09
34.3 -7.57 -1014.89
38.21 -9.03 -1017.09
36.25 -7.08 -1014.65
37.96 -9.89 -1015.87
37.84 -6.84 -1016.36
36.25 -9.89 -1014.89
37.48 -7.08 -1015.99
35.77 -9.4 -1015.14
39.67 -7.57 -1017.82
35.77 -7.69 -1015.5
38.94 -8.91 -1017.21
35.16 -6.71 -1015.26
37.96 -10.5 -1016.24
37.23 -6.71 -1016.11
36.99 -10.74 -1015.26
37.84 -6.71 -1016.48
35.64 -9.52 -1015.5
38.57 -7.93 -1016.36
35.03 -8.18 -1014.65
39.18 -8.79 -1016.24
34.67 -7.2 -1015.38
37.96 -10.13 -1014.89
35.77 -6.96 -1015.87
36.87 -10.5 -1014.77
36.62 -7.08 -1015.75
36.74 -9.28 -1015.5
38.57 -6.96 -1016.6
35.52 -9.03 -1015.87
38.7 -7.69 -1015.99
35.4 -8.3 -1015.26
39.31 -8.42 -1016.36
35.52 -7.69 -1015.38
38.94 -8.91 -1016.97
35.28 -7.57 -1014.77
37.96 -10.01 -1016.36
36.38 -6.84 -1015.62
36.62 -10.25 -1014.53
36.62 -7.08 -1015.62
35.52 -9.77 -1014.89
38.7 -7.32 -1016.6
34.42 -8.91 -1014.53
39.06 -8.3 -1016.36
35.64 -7.57 -1015.75
38.09 -10.01 -1016.48
37.11 -6.96 -1015.99
36.99 -9.77 -1015.5
38.45 -6.71 -1017.21
34.42 -9.03 -1014.65
40.04 -8.06 -1017.58
35.16 -7.2 -1014.53
38.21 -10.01 -1014.89
35.52 -6.84 -1015.38
36.87 -9.89 -1014.77
38.7 -7.32 -1016.85
35.03 -9.52 -1014.77
38.7 -8.91 -1016.85
35.28 -7.32 -1015.01
37.72 -9.64 -1015.5
37.6 -5.98 -1016.48
36.74 -8.79 -1015.87
38.57 -7.69 -1016.97
34.91 -8.3 -1014.77
37.96 -9.77 -1015.62
35.64 -7.08 -1015.75
37.48 -9.64 -1015.87
36.38 -6.71 -1016.36
35.77 -9.52 -1014.77
37.84 -7.93 -1016.6
34.18 -9.03 -1014.28
39.67 -7.57 -1017.7
35.28 -7.81 -1015.26
36.99 -9.64 -1014.53
36.13 -7.08 -1015.62
35.28 -9.4 -1014.53
38.57 -6.96 -1017.33
34.79 -8.91 -1015.38
38.45 -8.67 -1016.97
35.28 -7.08 -1014.77
38.33 -8.91 -1016.24
37.6 -6.96 -1016.48
35.89 -9.64 -1015.01
38.45 -7.81 -1016.85
34.79 -7.32 -1016.24
39.18 -9.89 -1016.48
36.74 -7.08 -1015.87
37.6 -9.77 -1015.38
37.6 -6.47 -1016.36
34.79 -10.01 -1014.4
38.94 -7.81 -1016.85
34.18 -8.3 -1014.77
37.72 -9.77 -1015.5
36.62 -6.84 -1016.48
36.74 -10.74 -1014.77
37.84 -7.69 -1016.24
34.91 -8.79 -1014.65
38.45 -9.28 -1015.01
35.16 -7.2 -1015.01
37.23 -9.89 -1015.26
37.11 -7.32 -1016.11
34.91 -9.16 -1014.53
39.06 -8.06 -1017.33
35.4 -7.32 -1016.24
38.09 -9.64 -1015.87
36.87 -6.84 -1015.75
37.35 -9.52 -1015.38
38.33 -7.57 -1015.75
35.52 -8.18 -1015.62
38.94 -8.54 -1016.85
35.52 -6.59 -1015.87
38.09 -9.52 -1016.85
38.21 -6.59 -1016.97
35.4 -8.67 -1015.75
38.94 -8.54 -1017.21
35.03 -7.69 -1015.26
37.6 -10.25 -1015.14
37.6 -6.23 -1016.72
35.64 -9.28 -1015.38
37.96 -7.32 -1016.85
35.52 -8.67 -1015.14
38.09 -9.28 -1015.62
35.89 -6.47 -1016.24
37.35 -9.64 -1015.26
38.21 -6.71 -1016.48
36.01 -9.03 -1015.14
38.57 -8.06 -1017.09
34.67 -8.06 -1014.53
39.18 -9.03 -1017.09
35.28 -6.84 -1015.5
35.89 -10.01 -1014.77
37.96 -7.57 -1016.6
35.4 -8.67 -1015.38
39.43 -8.67 -1016.11
36.01 -7.08 -1015.75
37.48 -9.89 -1015.5
36.13 -6.84 -1015.99
35.77 -9.4 -1014.77
39.31 -7.32 -1017.82
34.55 -8.91 -1014.65
38.45 -9.4 -1016.72
35.4 -7.81 -1014.53
38.7 -9.64 -1016.72
37.23 -6.84 -1015.87
35.64 -9.28 -1015.38
38.94 -7.08 -1017.21
34.3 -7.93 -1014.53
39.55 -8.67 -1017.58
35.64 -7.32 -1015.99
36.99 -9.89 -1014.89
38.45 -7.32 -1015.87
35.16 -9.03 -1015.26
38.57 -8.3 -1015.75
34.91 -7.45 -1014.53
38.7 -9.77 -1016.85
37.72 -6.71 -1017.21
36.62 -9.4 -1015.26
38.33 -7.45 -1016.36
35.28 -8.67 -1014.4
39.18 -8.79 -1016.72
36.25 -7.2 -1015.26
38.21 -9.89 -1015.26
37.35 -6.84 -1016.24
36.01 -10.01 -1015.14
39.79 -7.45 -1016.6
35.03 -7.69 -1015.01
38.57 -9.16 -1015.75
35.64 -6.47 -1015.38
36.38 -9.4 -1015.14
39.06 -6.59 -1017.58
35.4 -8.91 -1015.75
38.45 -8.54 -1016.36
35.4 -6.84 -1015.87
37.84 -9.64 -1015.38
36.99 -7.08 -1015.38
35.89 -9.89 -1014.4
38.33 -7.69 -1016.24
35.64 -8.42 -1015.5
38.09 -9.03 -1016.11
35.52 -8.06 -1015.5
36.38 -9.64 -1015.26
38.7 -6.71 -1017.46
34.42 -8.54 -1014.4
39.43 -9.28 -1016.24
35.16 -7.08 -1015.26
37.84 -10.25 -1014.77
37.84 -7.08 -1016.72
35.52 -8.54 -1015.14
38.57 -8.3 -1016.72
35.77 -7.69 -1015.5
37.11 -9.77 -1014.89
37.23 -6.96 -1015.62
35.52 -8.54 -1015.38
38.57 -7.57 -1017.21
35.64 -8.06 -1015.87
38.21 -10.38 -1015.26
36.74 -7.45 -1015.87
36.74 -9.16 -1015.99
39.55 -7.45 -1017.33
35.4 -8.06 -1015.14
39.06 -8.67 -1017.33
36.87 -7.32 -1015.87
37.35 -10.38 -1014.65
37.84 -6.47 -1017.09
35.89 -9.03 -1015.75
39.31 -7.93 -1016.97
35.03 -7.81 -1015.14
38.57 -9.4 -1017.33
36.13 -6.71 -1015.38
36.99 -8.91 -1015.75
38.45 -7.45 -1016.72
34.42 -7.69 -1014.89
38.33 -8.91 -1016.36
35.77 -7.2 -1016.11
37.6 -10.38 -1015.62
37.72 -7.45 -1017.09
35.16 -9.4 -1014.65
39.92 -7.69 -1017.82
36.13 -6.96 -1015.99
37.11 -9.28 -1016.36
37.72 -6.59 -1016.6
36.38 -9.16 -1015.62
38.94 -7.69 -1017.09
35.28 -8.42 -1014.89
38.7 -9.52 -1016.11
36.87 -6.71 -1016.72
36.5 -9.03 -1015.87
37.72 -7.2 -1016.36
35.28 -8.18 -1014.89
38.57 -9.28 -1015.62
34.79 -7.08 -1015.26
37.84 -10.01 -1015.38
36.74 -6.59 -1015.99
35.89 -9.89 -1014.89
38.21 -7.32 -1016.85
34.79 -8.79 -1015.14
39.55 -9.16 -1016.97
34.67 -7.81 -1014.53
37.48 -10.5 -1014.89
37.11 -7.2 -1015.87
36.62 -9.16 -1015.75
38.21 -8.54 -1016.36
35.16 -8.06 -1015.87
38.57 -9.16 -1016.97
35.89 -7.08 -1015.5
36.74 -9.64 -1015.62
37.35 -6.84 -1016.36
35.4 -10.13 -1015.14
38.21 -8.79 -1016.6
34.55 -8.06 -1015.26
37.96 -9.52 -1015.99
36.62 -6.59 -1015.75
35.77 -10.25 -1014.4
38.94 -6.71 -1017.09
34.55 -9.28 -1014.28
38.82 -7.93 -1016.85
34.55 -7.2 -1015.01
38.09 -9.64 -1015.26
36.87 -6.47 -1016.11
37.23 -9.64 -1016.36
38.82 -7.08 -1016.97
34.42 -9.16 -1015.14
39.43 -8.06 -1017.7
34.91 -7.57 -1015.38
37.96 -10.13 -1016.24
35.28 -7.08 -1015.75
37.35 -9.77 -1016.6
37.6 -7.81 -1016.24
35.52 -8.91 -1015.38
39.31 -8.3 -1016.48
35.52 -7.08 -1015.75
38.09 -9.16 -1016.36
35.03 -7.69 -1015.26
36.74 -9.4 -1015.87
38.57 -7.57 -1016.24
34.18 -9.03 -1014.77
38.7 -8.79 -1016.72
35.28 -6.96 -1015.62
38.57 -9.77 -1016.48
37.96 -6.1 -1017.33
36.13 -10.13 -1015.62
38.33 -7.45 -1017.82
35.28 -9.28 -1015.5
38.7 -9.03 -1016.36
35.52 -7.2 -1015.87
38.82 -9.03 -1017.09
36.25 -6.71 -1015.99
37.11 -10.13 -1015.75
37.48 -6.96 -1016.11
34.3 -9.16 -1015.01
39.06 -8.42 -1017.09
35.28 -7.69 -1015.62
38.7 -10.01 -1015.87
37.23 -6.71 -1016.36
36.13 -10.13 -1015.26
38.33 -8.06 -1016.85
35.52 -8.06 -1015.14
38.7 -9.28 -1015.99
35.77 -6.96 -1015.38
36.62 -9.77 -1015.87
37.84 -7.69 -1016.24
34.91 -8.06 -1015.75
39.43 -9.64 -1016.48
36.25 -6.96 -1016.36
37.84 -9.28 -1016.24
39.18 -6.35 -1017.09
35.16 -9.77 -1015.14
38.33 -8.18 -1016.24
34.79 -8.18 -1015.62
38.94 -9.64 -1016.97
37.11 -6.35 -1016.72
36.5 -9.89 -1015.14
38.7 -7.08 -1017.46
35.16 -8.42 -1015.26
39.31 -8.91 -1016.97
35.89 -6.84 -1016.48
37.23 -9.64 -1015.99
37.84 -6.84 -1016.48
35.28 -9.16 -1014.77
38.45 -8.79 -1015.99
34.55 -7.45 -1014.77
38.45 -9.4 -1015.75
37.11 -6.23 -1016.24
36.25 -10.38 -1014.28
37.48 -6.96 -1016.36
36.13 -9.28 -1015.75
39.43 -8.42 -1016.72
34.79 -8.06 -1015.62
38.57 -9.4 -1016.36
36.13 -6.59 -1015.87
38.33 -9.77 -1016.11
36.99 -7.08 -1015.75
36.13 -9.4 -1015.87
37.84 -6.96 -1016.11
34.06 -8.67 -1015.01
38.57 -8.06 -1016.97
35.4 -7.93 -1015.26
39.06 -9.28 -1016.72
36.13 -7.32 -1015.75
37.23 -10.13 -1015.75
38.21 -6.1 -1017.09
34.79 -10.38 -1014.4
38.09 -7.93 -1015.87
34.79 -8.18 -1014.89
40.16 -8.67 -1017.33
35.89 -7.45 -1016.11
37.35 -9.64 -1015.14
36.01 -6.59 -1015.75
35.64 -10.01 -1014.16
37.96 -7.08 -1016.97
35.28 -9.03 -1014.89
40.16 -8.18 -1016.85
35.77 -6.84 -1015.99
37.6 -9.77 -1016.48
36.74 -6.96 -1015.75
35.77 -9.89 -1014.89
39.06 -7.69 -1017.46
35.16 -8.79 -1015.14
39.18 -8.3 -1017.46
35.03 -7.08 -1014.77
37.23 -10.01 -1015.75
37.11 -6.96 -1016.24
36.38 -9.28 -1015.75
39.55 -6.35 -1017.82
35.4 -8.79 -1015.62
38.57 -8.3 -1016.48
34.42 -8.3 -1014.04
38.82 -8.79 -1016.48
35.16 -7.32 -1014.65
38.57 -9.89 -1016.97
36.13 -7.2 -1016.36
36.62 -10.01 -1015.75
37.96 -7.69 -1016.36
35.4 -8.42 -1014.65
39.18 -8.67 -1016.24
34.91 -7.08 -1015.26
37.48 -9.52 -1015.99
37.35 -6.47 -1017.33
35.4 -9.52 -1014.77
39.06 -7.45 -1017.46
35.28 -8.79 -1015.38
38.21 -9.52 -1015.75
34.79 -7.32 -1015.26
37.96 -9.4 -1015.99
37.23 -6.23 -1017.82
35.16 -9.89 -1014.53
37.96 -7.57 -1016.72
35.16 -8.67 -1015.38
38.82 -9.16 -1016.97
35.64 -7.45 -1014.89
38.09 -9.77 -1015.75
36.62 -6.47 -1015.75
35.77 -10.38 -1015.26
37.96 -8.06 -1016.48
34.42 -8.79 -1014.4
38.7 -9.03 -1016.48
35.4 -7.2 -1016.48
37.23 -10.01 -1015.5
37.84 -6.96 -1016.72
35.64 -8.91 -1015.75
38.57 -8.67 -1015.99
34.67 -7.93 -1014.65
38.45 -9.89 -1016.6
36.25 -7.08 -1015.87
36.5 -9.52 -1015.5
38.94 -7.2 -1017.94
35.52 -8.3 -1016.24
38.7 -9.64 -1015.14
35.16 -7.57 -1015.5
37.48 -9.89 -1015.26
37.84 -6.71 -1016.85
36.01 -9.77 -1014.89
38.57 -8.42 -1016.72
34.67 -8.42 -1015.26
37.96 -9.64 -1015.5
35.77 -6.59 -1015.5
36.5 -10.5 -1015.26
38.45 -6.84 -1017.46
34.67 -9.16 -1014.77
39.18 -8.3 -1016.48
35.64 -7.32 -1015.75
37.48 -9.16 -1015.62
37.11 -7.2 -1015.5
36.62 -9.64 -1015.14
38.21 -7.32 -1017.09
35.03 -8.18 -1015.01
38.33 -8.54 -1016.72
36.25 -7.08 -1016.72
37.72 -9.89 -1015.5
37.84 -6.47 -1017.33
36.87 -9.77 -1015.62
38.57 -7.45 -1016.48
34.67 -8.67 -1014.89
38.57 -8.3 -1017.09
35.4 -7.45 -1015.14
37.23 -10.38 -1015.14
36.62 -6.84 -1015.75
35.28 -9.77 -1014.53
38.82 -7.2 -1016.97
35.16 -7.69 -1015.38
38.33 -8.67 -1016.36
34.91 -7.57 -1014.65
37.11 -10.62 -1014.89
37.6 -6.96 -1015.75
35.64 -9.03 -1014.89
37.96 -7.45 -1017.09
34.67 -7.93 -1015.62
38.33 -8.67 -1016.48
34.18 -7.32 -1015.38
36.87 -10.38 -1014.89
36.99 -7.32 -1016.11
35.03 -9.64 -1013.67
39.67 -7.69 -1017.21
35.16 -8.3 -1015.99
38.21 -9.03 -1016.11
36.01 -6.59 -1015.99
37.72 -10.25 -1015.75
38.21 -6.59 -1017.21
34.91 -9.4 -1014.77
39.18 -8.42 -1015.99
34.18 -8.54 -1014.4
39.79 -8.67 -1016.36
35.28 -7.69 -1015.75
38.33 -9.89 -1015.5
36.25 -7.32 -1015.38
37.23 -10.13 -1015.87
37.84 -6.59 -1015.5
35.89 -9.16 -1014.28
39.67 -7.32 -1017.58
34.18 -9.16 -1014.89
38.45 -8.18 -1015.99
34.18 -7.93 -1014.4
38.45 -9.77 -1015.99
35.4 -7.45 -1014.77
37.23 -10.38 -1015.62
37.84 -6.71 -1017.09
35.77 -9.52 -1014.77
38.33 -7.57 -1016.36
35.28 -9.03 -1014.89
38.45 -8.3 -1015.75
34.91 -7.57 -1015.62
38.45 -9.03 -1016.97
35.52 -6.71 -1015.26
37.84 -9.64 -1016.24
37.6 -6.71 -1017.33
35.03 -9.77 -1014.77
38.57 -8.3 -1016.24
34.79 -8.06 -1014.65
37.84 -10.01 -1015.14
36.38 -6.84 -1016.24
35.89 -10.13 -1014.65
37.96 -7.32 -1016.85
35.28 -8.18 -1016.24
38.94 -8.79 -1016.24
35.89 -6.71 -1016.48
38.45 -9.77 -1016.6
36.13 -7.57 -1015.5
36.38 -9.4 -1015.75
36.87 -7.32 -1016.36
35.4 -9.28 -1015.38
39.67 -7.45 -1017.94
35.4 -8.06 -1015.5
39.31 -8.3 -1017.21
36.25 -6.96 -1016.6
38.45 -9.89 -1016.6
36.5 -6.96 -1015.62
36.62 -9.4 -1015.99
38.94 -6.47 -1018.19
34.42 -10.01 -1014.65
39.31 -7.45 -1017.33
35.16 -8.79 -1014.89
38.94 -8.3 -1016.97
34.55 -7.69 -1015.14
37.72 -9.77 -1015.99
37.11 -6.84 -1016.24
35.64 -9.03 -1015.87
39.67 -7.2 -1017.46
35.03 -8.06 -1015.5
38.45 -8.91 -1015.62
36.38 -6.59 -1016.36
36.99 -9.77 -1015.01
36.74 -7.2 -1015.01
36.62 -9.28 -1015.75
38.82 -7.57 -1016.48
34.91 -9.16 -1014.04
38.45 -8.79 -1017.09
35.28 -7.32 -1015.5
37.72 -9.64 -1015.99
36.87 -6.59 -1016.48
35.52 -10.01 -1015.38
39.18 -7.57 -1017.09
35.03 -8.06 -1015.26
39.18 -8.42 -1016.48
35.16 -7.57 -1015.14
38.45 -9.52 -1016.48
36.74 -6.96 -1016.11
36.5 -9.77 -1015.26
37.96 -7.2 -1016.6
35.4 -9.28 -1015.38
39.31 -7.93 -1016.48
35.16 -7.81 -1015.26
39.55 -8.42 -1017.7
35.03 -6.47 -1015.5
37.96 -9.64 -1016.24
36.74 -6.59 -1016.97
37.48 -10.01 -1015.75
38.57 -6.47 -1017.09
35.89 -9.03 -1016.11
37.96 -8.18 -1016.48
35.64 -8.18 -1015.01
38.57 -7.81 -1016.48
34.55 -7.93 -1015.01
39.79 -7.93 -1017.82
35.64 -8.54 -1015.01
38.45 -7.81 -1016.85
36.01 -10.38 -1014.53
38.21 -7.2 -1016.48
36.25 -10.01 -1015.01
36.38 -6.1 -1016.24
37.96 -9.4 -1016.36
35.28 -7.45 -1014.77
39.06 -8.3 -1017.58
34.79 -8.3 -1015.01
39.67 -7.57 -1017.7
35.89 -9.64 -1016.11
38.21 -5.74 -1016.85
36.01 -10.74 -1015.5
36.38 -6.84 -1015.99
38.57 -8.91 -1017.09
36.13 -7.81 -1015.62
38.09 -7.32 -1015.62
36.13 -10.13 -1016.36
36.5 -6.71 -1015.5
38.09 -9.77 -1017.58
36.25 -7.08 -1015.99
38.09 -8.91 -1016.72
34.67 -9.16 -1014.4
38.21 -6.71 -1016.97
36.25 -9.52 -1015.99
36.74 -7.2 -1015.62
38.57 -9.52 -1017.33
34.91 -8.3 -1014.89
37.35 -7.93 -1016.72
35.03 -10.5 -1014.4
36.38 -6.35 -1015.38
37.11 -10.25 -1015.87
36.13 -7.81 -1015.5
38.21 -8.3 -1016.72
34.67 -9.52 -1013.67
38.33 -6.96 -1016.24
36.01 -10.13 -1015.38
37.84 -6.23 -1017.09
37.23 -10.13 -1015.87
37.11 -5.98 -1016.36
39.06 -8.91 -1017.09
36.5 -7.2 -1016.24
39.06 -8.42 -1017.46
34.91 -7.93 -1015.38
38.33 -8.42 -1016.36
34.91 -9.89 -1014.16
38.7 -6.59 -1016.72
35.77 -10.74 -1015.01
36.87 -6.35 -1016.24
36.99 -10.01 -1016.6
35.77 -6.84 -1015.01
38.33 -9.28 -1015.75
35.4 -8.67 -1015.5
38.21 -7.2 -1016.85
34.91 -10.13 -1015.01
38.09 -6.35 -1016.97
37.84 -10.13 -1016.36
36.25 -6.47 -1016.11
38.21 -9.64 -1016.85
35.64 -8.06 -1014.89
38.57 -7.93 -1016.6
35.77 -8.67 -1015.14
39.18 -7.32 -1016.85
35.89 -9.16 -1015.38
38.7 -7.08 -1016.6
35.03 -10.38 -1014.28
38.45 -6.23 -1016.36
36.38 -10.13 -1014.77
36.25 -6.1 -1016.11
37.35 -10.25 -1015.26
36.13 -6.47 -1014.28
38.21 -9.52 -1016.48
35.77 -6.35 -1015.99
38.7 -9.03 -1016.6
35.4 -6.47 -1015.14
39.18 -9.03 -1016.72
35.52 -7.45 -1015.26
37.84 -9.77 -1016.48
35.28 -7.32 -1015.87
36.99 -9.52 -1016.24
-113.04 69.46 -1022.34
46.26 -4.27 -1014.16
176.64 -95.21 -1010.38
54.2 -9.89 -1016.24
68.48 -15.99 -1014.04
-11.23 -8.42 -1018.43
33.2 -4.39 -1014.77
32.71 -14.65 -1015.38
38.82 1.22 -1014.28
37.48 -6.71 -1016.6
36.62 -9.16 -1014.89
35.28 -5.74 -1016.48
38.94 -9.52 -1016.97
35.03 -6.96 -1014.4
36.62 -9.16 -1016.36
35.16 -7.32 -1013.31
36.62 -8.06 -1017.7
35.4 -7.57 -1014.28
37.35 -7.93 -1016.72
36.38 -8.06 -1015.38
37.48 -5.98 -1017.82
36.38 -9.16 -1014.89
36.5 -6.35 -1016.24
35.28 -9.03 -1014.4
36.38 -7.08 -1015.87
34.91 -9.4 -1013.67
37.96 -7.08 -1016.24
35.64 -8.91 -1014.77
37.6 -6.47 -1017.09
36.01 -8.79 -1015.26
37.11 -7.45 -1016.11
34.67 -9.89 -1014.53
38.33 -7.69 -1016.72
35.89 -8.67 -1015.62
37.48 -7.08 -1016.85
35.28 -8.54 -1014.4
37.96 -6.96 -1018.07
34.91 -8.67 -1014.77
37.23 -7.2 -1016.85
35.4 -8.79 -1014.53
37.23 -7.93 -1015.5
35.52 -8.42 -1015.75
38.09 -6.35 -1017.46
34.06 -9.89 -1014.77
38.21 -5.98 -1017.09
35.89 -10.01 -1015.14
37.84 -5.74 -1016.6
36.5 -9.28 -1015.62
37.6 -5.86 -1017.46
36.38 -9.4 -1016.11
37.6 -5.98 -1017.58
36.01 -9.4 -1015.5
37.48 -5.98 -1017.46
36.38 -9.77 -1015.75
37.6 -5.74 -1016.36
34.91 -10.25 -1014.77
36.62 -6.35 -1015.62
36.01 -9.77 -1015.5
37.11 -6.47 -1016.24
34.79 -9.52 -1014.53
38.09 -6.23 -1018.07
35.03 -9.4 -1014.4
36.99 -6.96 -1016.6
35.03 -9.28 -1015.38
36.99 -7.2 -1016.36
35.28 -9.52 -1014.53
37.72 -6.23 -1017.33
35.03 -9.89 -1014.65
36.87 -6.59 -1016.24
36.74 -9.4 -1015.38
37.96 -6.1 -1017.7
35.89 -8.91 -1015.75
37.23 -7.08 -1016.72
34.91 -9.89 -1015.14
36.99 -7.08 -1016.36
35.4 -9.64 -1014.04
36.62 -7.2 -1015.99
35.77 -9.52 -1014.65
36.99 -6.71 -1015.38
35.52 -9.64 -1015.14
37.23 -6.71 -1015.75
35.16 -9.4 -1014.53
37.72 -6.47 -1017.09
35.4 -9.16 -1014.16
37.23 -6.59 -1017.58
34.91 -8.54 -1014.53
36.62 -8.67 -1015.5
34.79 -8.06 -1014.4
37.23 -9.03 -1015.62
36.13 -7.93 -1015.5
37.6 -9.03 -1016.48
36.38 -6.84 -1015.14
38.45 -9.52 -1017.46
36.01 -6.1 -1016.48
37.72 -9.28 -1017.94
35.77 -6.23 -1014.04
36.74 -9.89 -1015.99
36.01 -5.86 -1016.24
35.64 -10.13 -1015.26
36.87 -5.37 -1016.85
36.25 -10.13 -1016.36
36.5 -6.1 -1015.75
36.38 -9.77 -1015.75
37.84 -5.98 -1016.6
34.67 -9.89 -1014.28
37.72 -6.84 -1016.72
35.52 -8.67 -1015.38
37.35 -7.08 -1017.46
36.13 -7.93 -1015.87
37.35 -8.91 -1015.87
35.28 -7.69 -1015.01
37.84 -8.91 -1017.46
36.25 -5.74 -1016.11
36.38 -10.74 -1015.99
37.23 -5.49 -1016.85
36.13 -10.01 -1014.16
37.11 -6.71 -1016.72
36.13 -9.52 -1015.87
37.6 -6.84 -1017.09
36.5 -8.54 -1015.14
37.35 -7.57 -1017.09
34.79 -7.45 -1014.77
37.72 -9.16 -1017.33
35.4 -7.2 -1014.77
35.64 -9.89 -1015.99
35.77 -6.71 -1015.5
35.64 -10.01 -1015.5
36.01 -6.35 -1015.26
36.25 -9.4 -1015.5
37.11 -6.35 -1016.36
35.16 -8.79 -1016.72
36.99 -7.32 -1015.75
35.28 -8.67 -1014.65
36.62 -7.81 -1016.11
35.77 -8.06 -1015.5
37.96 -9.64 -1016.36
36.74 -7.08 -1015.5
36.99 -9.28 -1016.48
35.89 -6.71 -1014.65
36.87 -10.86 -1015.38
37.6 -5.49 -1016.72
36.5 -9.89 -1015.75
37.11 -6.96 -1015.62
35.77 -9.52 -1014.89
37.6 -7.32 -1016.24
35.64 -8.79 -1015.14
36.87 -7.45 -1016.24
36.25 -7.32 -1015.87
37.35 -8.79 -1016.85
36.01 -6.35 -1014.53
36.25 -10.38 -1015.62
36.99 -5.49 -1015.99
36.74 -9.64 -1016.48
37.84 -5.98 -1017.09
36.25 -8.18 -1015.38
37.23 -7.93 -1016.97
33.94 -5.98 -1014.4
36.5 -9.4 -1017.21
36.25 -5.37 -1015.01
36.13 -8.06 -1016.85
38.21 -7.69 -1017.46
36.87 -6.47 -1015.62
35.89 -9.4 -1016.6
35.64 -5.0 -1014.65
37.23 -10.86 -1017.21
36.13 -5.0 -1015.26
35.77 -8.42 -1017.09
37.23 -7.69 -1016.24
38.21 -8.18 -1016.24
35.89 -7.08 -1016.24
36.13 -8.06 -1015.01
36.38 -8.18 -1017.21
36.01 -6.84 -1014.53
37.48 -9.4 -1017.33
36.25 -5.98 -1014.77
36.25 -10.86 -1015.5
36.38 -5.98 -1015.99
36.13 -8.54 -1015.75
36.74 -8.18 -1017.58
37.23 -6.71 -1017.21
36.01 -6.84 -1015.75
36.62 -7.32 -1016.72
36.01 -7.2 -1016.11
36.13 -8.67 -1015.26
35.77 -8.18 -1015.99
36.62 -7.57 -1016.24
36.5 -7.81 -1016.6
36.74 -7.08 -1016.24
37.23 -7.45 -1016.97
36.62 -7.32 -1016.6
36.74 -7.2 -1016.85
36.38 -7.57 -1015.62
36.01 -8.18 -1015.99
36.25 -8.06 -1015.26
36.25 -8.06 -1015.87
36.38 -7.57 -1015.87
36.87 -6.71 -1016.6
36.87 -7.32 -1016.6
36.25 -7.81 -1016.11
35.89 -8.18 -1015.26
36.5 -7.57 -1016.24
36.01 -7.32 -1015.38
36.74 -8.42 -1015.62
37.84 -8.67 -1016.72
37.6 -7.81 -1016.85
36.38 -8.42 -1015.26
34.67 -6.23 -1015.26
36.99 -10.01 -1016.85
35.52 -8.3 -1016.24
36.5 -6.1 -1017.09
34.3 -3.91 -1014.04
36.74 -7.08 -1016.97
37.96 -12.82 -1019.65
35.89 -5.37 -1013.55
36.74 -6.59 -1013.43
36.99 -9.16 -1016.24
37.23 -10.01 -1017.58
37.72 -9.77 -1018.43
36.01 -8.42 -1016.72
36.62 -6.84 -1016.72
36.13 -5.74 -1015.38
36.38 -5.98 -1015.14
36.87 -6.71 -1014.77
36.13 -7.69 -1015.01
36.25 -7.81 -1015.62
35.89 -8.42 -1016.48
35.4 -8.79 -1016.11
36.38 -9.03 -1016.85
36.25 -9.03 -1016.48
37.6 -8.91 -1017.58
36.87 -8.3 -1017.09
35.89 -7.93 -1016.85
35.16 -7.93 -1015.87
36.38 -7.32 -1016.11
35.4 -8.06 -1015.75
35.16 -8.3 -1015.99
37.96 -8.06 -1016.11
36.01 -8.18 -1015.87
37.11 -7.32 -1015.87
35.64 -7.93 -1015.01
36.25 -7.93 -1015.38
36.5 -7.93 -1015.01
36.13 -8.18 -1015.62
36.5 -7.69 -1015.5
36.87 -7.45 -1016.6
37.11 -7.2 -1017.09
36.62 -7.45 -1017.09
36.13 -7.69 -1015.75
35.89 -7.45 -1015.5
35.16 -6.96 -1016.48
37.35 -5.98 -1014.89
35.77 -8.67 -1014.28
37.35 -3.78 -1016.24
36.5 -9.03 -1014.04
36.99 -9.64 -1017.33
36.74 -8.79 -1016.48
37.35 -7.81 -1016.72
36.87 -7.2 -1016.6
36.25 -7.57 -1015.75
36.74 -7.08 -1016.97
36.13 -7.69 -1015.38
36.5 -7.57 -1015.62
36.5 -8.18 -1016.36
36.38 -8.54 -1015.87
35.89 -7.93 -1016.24
36.38 -7.93 -1015.62
36.38 -8.42 -1015.75
36.13 -7.81 -1015.62
36.99 -7.45 -1015.99
36.38 -7.32 -1016.11
36.13 -7.69 -1015.38
35.77 -6.59 -1014.28
36.25 -5.25 -1016.48
37.96 -8.18 -1017.33
37.23 -10.25 -1016.97
36.01 -5.37 -1015.26
35.89 -9.16 -1016.11
35.77 -9.16 -1015.26
35.77 -5.49 -1015.5
37.23 -10.13 -1017.21
35.4 -5.49 -1014.89
36.74 -8.54 -1017.21
35.52 -8.79 -1014.4
35.89 -5.74 -1015.87
36.87 -10.01 -1017.09
36.13 -5.13 -1014.65
36.87 -9.89 -1016.24
35.89 -7.57 -1015.38
37.72 -6.1 -1017.7
36.13 -9.89 -1016.24
36.74 -4.88 -1015.87
36.99 -8.3 -1017.09
36.99 -9.77 -1017.09
36.99 -8.18 -1016.48
35.52 -6.96 -1015.14
35.89 -6.84 -1014.28
36.13 -6.47 -1015.01
36.62 -7.45 -1015.87
35.52 -8.79 -1015.99
36.87 -10.13 -1017.46
37.72 -9.16 -1017.7
37.35 -7.32 -1017.33
37.11 -6.59 -1015.87
35.4 -6.23 -1015.01
35.89 -5.98 -1014.53
36.99 -7.45 -1016.85
37.6 -9.52 -1015.87
37.6 -9.89 -1017.21
37.23 -8.67 -1017.21
36.87 -7.69 -1016.85
35.28 -6.23 -1014.77
36.38 -5.74 -1014.77
35.28 -6.84 -1014.65
35.77 -7.81 -1015.01
37.23 -8.79 -1016.97
37.72 -9.52 -1018.43
36.99 -8.67 -1016.72
36.01 -7.93 -1015.5
36.01 -6.35 -1014.89
