0.8981355932203243 -2.2284745762711906 3.607245762712637
2.608135593220325 -0.8784745762711901 -2.252754237287377
-2.1618644067796744 1.0715254237288097 -2.252754237287377
-2.641864406779675 0.5815254237288094 -1.0327542372873495
1.2581355932203273 2.1715254237288093 1.777245762712596
5.778135593220327 -0.8784745762711901 -4.812754237287436
2.608135593220325 -3.8084745762711907 -5.552754237287445
-1.551864406779675 -2.468474576271191 6.657245762712591
-3.9918644067796727 0.09152542372880967 -3.1127542372873904
-0.5718644067796745 3.8815254237288093 -1.402754237287354
-0.811864406779673 3.6315254237288093 0.9172457627125823
-2.521864406779674 1.1915254237288093 0.30724576271256865
0.7681355932203253 -4.298474576271191 -3.232754237287395
1.1381355932203263 -2.468474576271191 -2.252754237287377
1.2581355932203273 1.3115254237288094 5.3172457627125596
1.5081355932203273 -2.2284745762711906 -4.082754237287418
1.3781355932203248 -2.2284745762711906 -5.912754237287345
4.7981355932203265 5.47152542372881 5.437245762712564
-2.641864406779675 2.5415254237288094 2.017245762712605
-7.891864406779675 -2.95847457627119 -4.082754237287418
1.1381355932203263 -2.70847457627119 -2.6227542372873813
4.9181355932203275 -3.3184745762711905 3.847245762712646
-0.811864406779673 -0.9984745762711902 -1.152754237287354
-4.721864406779673 1.6815254237288095 -2.3727542372873813
4.7981355932203265 3.3915254237288095 -2.6227542372873813
-1.301864406779675 0.46152542372880934 3.1172457627126278
-8.991864406779673 2.2915254237288094 -2.0127542372873677
-4.111864406779674 -5.27847457627119 -0.912754237287345
7.728135593220323 -2.3484745762711907 2.3872457627126096
8.218135593220325 1.0715254237288097 -5.79275423728734
-0.811864406779673 0.9515254237288095 -4.692754237287431
-1.4218644067796724 3.2715254237288094 0.5572457627125686
-0.45186440677967354 1.6815254237288095 0.7972457627125777
-5.4518644067796735 -2.95847457627119 -3.232754237287395
4.3081355932203245 -3.928474576271191 -4.332754237287418
1.7481355932203257 1.0715254237288097 2.8772457627126187
-0.20186440677967354 1.3115254237288094 -1.0327542372873495
2.1181355932203267 -1.9784745762711906 -6.2827542372873495
-4.841864406779674 1.5615254237288094 -0.7927542372873404
-4.471864406779673 0.9515254237288095 4.337245762712655
3.698135593220325 -1.7384745762711904 -10.312754237287436
4.5581355932203245 -0.6384745762711908 -3.232754237287395
1.8681355932203267 0.8315254237288094 2.8772457627126187
-1.9118644067796744 -0.8784745762711901 -2.3727542372873813
-1.6718644067796724 -0.3884745762711903 -3.1127542372873904
1.3781355932203248 -0.26847457627119065 -1.2727542372873586
0.5281355932203269 -0.6384745762711908 -1.2727542372873586
0.03813559322032489 0.3415254237288097 -1.2727542372873586
-1.551864406779675 -0.3884745762711903 -2.1327542372873722
0.1581355932203259 -0.5184745762711906 -0.42275423728744954
1.3781355932203248 -0.6384745762711908 -1.402754237287354
0.5281355932203269 -0.8784745762711901 -0.5427542372873404
0.2881355932203249 -0.3884745762711903 -1.0327542372873495
0.03813559322032489 -0.028474576271190433 -0.912754237287345
0.1581355932203259 -0.26847457627119065 -0.7927542372873404
0.2881355932203249 -0.5184745762711906 -1.152754237287354
-0.08186440677967255 -0.6384745762711908 -1.5227542372873586
0.03813559322032489 -0.7584745762711909 -1.152754237287354
-0.45186440677967354 -0.7584745762711909 -0.7927542372873404
0.03813559322032489 -0.7584745762711909 -1.7627542372873677
-0.20186440677967354 -0.3884745762711903 -0.662754237287345
0.6481355932203243 -0.7584745762711909 -1.0327542372873495
0.2881355932203249 -0.5184745762711906 -0.7927542372873404
-0.20186440677967354 -0.028474576271190433 -0.5427542372873404
0.03813559322032489 0.09152542372880967 -0.912754237287345
-0.32186440677967454 -0.3884745762711903 -1.0327542372873495
-0.08186440677967255 -0.5184745762711906 -0.912754237287345
0.2881355932203249 -0.6384745762711908 -1.0327542372873495
-0.5718644067796745 0.09152542372880967 -0.912754237287345
0.6481355932203243 -0.7584745762711909 -0.662754237287345
-0.08186440677967255 -0.6384745762711908 -1.152754237287354
0.03813559322032489 -0.26847457627119065 -1.0327542372873495
0.1581355932203259 -0.3884745762711903 -0.302754237287445
0.1581355932203259 -0.26847457627119065 -0.5427542372873404
0.03813559322032489 -0.3884745762711903 -0.662754237287345
-0.08186440677967255 -0.14847457627119054 -0.662754237287345
-0.20186440677967354 0.09152542372880967 -0.912754237287345
0.03813559322032489 -0.6384745762711908 -1.0327542372873495
-3.1318644067796733 -1.12847457627119 -6.652754237287354
6.508135593220324 -0.3884745762711903 9.21724576271265
1.6281355932203248 -0.5184745762711906 -3.1127542372873904
-4.231864406779675 -1.4884745762711904 -7.382754237287372
-2.1618644067796744 0.8315254237288094 2.747245762712623
1.3781355932203248 2.051525423728809 1.4072457627125914
2.1181355932203267 -1.12847457627119 -1.7627542372873677
1.6281355932203248 -1.4884745762711904 -4.452754237287422
-0.08186440677967255 -0.3884745762711903 2.017245762712605
-0.45186440677967354 -0.5184745762711906 0.06724576271255955
-0.931864406779674 -0.028474576271190433 -3.232754237287395
0.5281355932203269 0.3415254237288097 -2.1327542372873722
-0.6918644067796755 1.0715254237288097 -1.2727542372873586
-0.32186440677967454 0.7015254237288095 0.6772457627125732
1.7481355932203257 -1.8584745762711905 -2.6227542372873813
1.0181355932203253 -0.028474576271190433 1.4072457627125914
0.7681355932203253 -1.2484745762711902 -0.052754237287444994
-1.6718644067796724 -2.0984745762711907 -5.79275423728734
0.4081355932203259 -0.3884745762711903 1.4072457627125914
-0.20186440677967354 1.5615254237288094 -0.42275423728744954
-2.521864406779674 -0.3884745762711903 -2.8627542372873904
-0.08186440677967255 1.4415254237288095 -3.962754237287413
1.5081355932203273 1.8015254237288094 3.847245762712646
2.1181355932203267 -1.4884745762711904 -1.6427542372873631
0.6481355932203243 -2.70847457627119 -5.302754237287445
-0.931864406779674 -0.14847457627119054 0.6772457627125732
-0.5718644067796745 1.4415254237288095 1.0372457627125868
-1.7918644067796734 -0.26847457627119065 -4.942754237287431
1.3781355932203248 -0.7584745762711909 -4.332754237287418
1.8681355932203267 0.8315254237288094 3.1172457627126278
0.6481355932203243 -1.6084745762711905 0.5572457627125686
0.1581355932203259 -1.9784745762711906 -6.652754237287354
0.6481355932203243 -0.7584745762711909 0.6772457627125732
0.4081355932203259 2.4115254237288095 1.527245762712596
-1.301864406779675 0.3415254237288097 -2.6227542372873813
-0.5718644067796745 0.22152542372880957 -7.132754237287372
1.2581355932203273 0.7015254237288095 3.357245762712637
1.5081355932203273 -0.9984745762711902 2.507245762712614
0.7681355932203253 -2.2284745762711906 -5.1827542372874404
0.8981355932203243 -2.2284745762711906 -1.2727542372873586
0.8981355932203243 0.7015254237288095 3.4872457627126323
-1.6718644067796724 0.46152542372880934 0.06724576271255955
-0.811864406779673 0.3415254237288097 -8.232754237287395
1.1381355932203263 0.46152542372880934 1.777245762712596
1.0181355932203253 0.22152542372880957 2.1372457627126096
0.7681355932203253 -2.70847457627119 -2.742754237287386
0.8981355932203243 -2.468474576271191 -4.452754237287422
-0.08186440677967255 0.46152542372880934 3.607245762712637
0.2881355932203249 -0.26847457627119065 -0.052754237287444994
-1.9118644067796744 1.1915254237288093 -7.502754237287377
1.0181355932203253 0.09152542372880967 1.2872457627125868
0.7681355932203253 0.7015254237288095 0.9172457627125823
-0.6918644067796755 -0.8784745762711901 -1.5227542372873586
1.0181355932203253 -2.0984745762711907 -3.722754237287404
2.2381355932203277 0.5815254237288094 3.1172457627126278
0.5281355932203269 -0.8784745762711901 1.4072457627125914
-1.6718644067796724 -0.14847457627119054 -6.772754237287359
0.03813559322032489 0.9515254237288095 -0.662754237287345
0.4081355932203259 0.8315254237288094 0.9172457627125823
-0.20186440677967354 -0.8784745762711901 -1.8927542372873631
0.6481355932203243 -1.3684745762711903 -3.3527542372873995
1.5081355932203273 0.22152542372880957 1.4072457627125914
-0.32186440677967454 -0.8784745762711901 0.5572457627125686
-0.08186440677967255 -0.3884745762711903 -4.942754237287431
1.1381355932203263 1.5615254237288094 0.9172457627125823
0.03813559322032489 0.9515254237288095 0.4272457627125732
-0.6918644067796755 -0.3884745762711903 -2.742754237287386
0.2881355932203249 -2.0984745762711907 -4.202754237287422
0.4081355932203259 0.22152542372880957 1.8972457627126005
0.2881355932203249 -0.5184745762711906 1.6472457627126005
-0.5718644067796745 -0.3884745762711903 -5.912754237287345
1.2581355932203273 0.8315254237288094 2.1372457627126096
1.8681355932203267 -0.028474576271190433 -0.052754237287444994
-0.32186440677967454 -1.8584745762711905 -2.252754237287377
0.5281355932203269 -1.9784745762711906 -1.0327542372873495
-0.5718644067796745 0.7015254237288095 0.5572457627125686
-0.931864406779674 0.22152542372880957 0.6772457627125732
-0.811864406779673 -0.3884745762711903 -5.912754237287345
0.8981355932203243 1.4415254237288095 2.267245762712605
0.8981355932203243 0.46152542372880934 1.1672457627125823
-0.6918644067796755 -1.7384745762711904 -1.402754237287354
1.3781355932203248 -1.9784745762711906 -2.502754237287377
1.0181355932203253 -1.7384745762711904 2.017245762712605
0.1581355932203259 -0.26847457627119065 1.777245762712596
-1.551864406779675 -0.26847457627119065 -6.162754237287345
-0.45186440677967354 1.4415254237288095 1.4072457627125914
0.4081355932203259 0.9515254237288095 0.5572457627125686
-1.4218644067796724 -0.7584745762711909 -0.912754237287345
1.9881355932203277 -1.9784745762711906 -1.6427542372873631
1.2581355932203273 -1.4884745762711904 2.3872457627126096
0.2881355932203249 -0.9984745762711902 1.8972457627126005
-1.061864406779673 -0.7584745762711909 -3.1127542372873904
0.2881355932203249 2.051525423728809 0.5572457627125686
2.2381355932203277 0.9515254237288095 2.017245762712605
-1.061864406779673 -1.12847457627119 -0.662754237287345
0.1581355932203259 -1.8584745762711905 -3.722754237287404
1.3781355932203248 -2.588474576271191 3.2372457627126323
-1.181864406779674 2.051525423728809 -0.052754237287444994
-0.20186440677967354 -0.6384745762711908 -2.502754237287377
-0.6918644067796755 0.22152542372880957 0.4272457627125732
1.8681355932203267 1.1915254237288093 1.1672457627125823
0.5281355932203269 -0.028474576271190433 1.777245762712596
1.7481355932203257 -3.1984745762711904 -2.8627542372873904
-1.181864406779674 1.1915254237288093 0.6772457627125732
-1.061864406779673 -0.26847457627119065 1.6472457627126005
-1.4218644067796724 1.6815254237288095 -1.2727542372873586
2.2381355932203277 -0.6384745762711908 -1.0327542372873495
2.608135593220325 -0.5184745762711906 1.8972457627126005
-1.551864406779675 -0.028474576271190433 2.1372457627126096
0.8981355932203243 -0.9984745762711902 -4.332754237287418
1.7481355932203257 -1.3684745762711903 3.1172457627126278
1.3781355932203248 -0.8784745762711901 -0.18275423728744045
-2.1618644067796744 0.3415254237288097 -2.252754237287377
-1.301864406779675 1.1915254237288093 1.0372457627125868
0.8981355932203243 0.8315254237288094 0.9172457627125823
-0.32186440677967454 -0.14847457627119054 1.0372457627125868
2.478135593220326 -0.7584745762711909 -2.8627542372873904
1.0181355932203253 -1.3684745762711903 3.1172457627126278
0.2881355932203249 -0.8784745762711901 1.0372457627125868
-1.551864406779675 -1.8584745762711905 -2.1327542372873722
-0.45186440677967354 0.9515254237288095 1.4072457627125914
0.6481355932203243 1.1915254237288093 0.7972457627125777
-0.20186440677967354 -0.028474576271190433 0.9172457627125823
0.6481355932203243 -0.6384745762711908 -3.232754237287395
0.5281355932203269 -0.14847457627119054 1.0372457627125868
0.1581355932203259 -0.26847457627119065 2.747245762712623
-1.181864406779674 0.22152542372880957 -1.402754237287354
1.2581355932203273 0.3415254237288097 -1.402754237287354
1.8681355932203267 0.9515254237288095 1.1672457627125823
0.7681355932203253 -1.4884745762711904 1.4072457627125914
0.6481355932203243 -1.7384745762711904 -2.982754237287395
0.6481355932203243 -0.7584745762711909 2.267245762712605
-0.811864406779673 -0.3884745762711903 1.1672457627125823
-2.0318644067796754 0.9515254237288095 -1.8927542372873631
0.1581355932203259 0.8315254237288094 -1.5227542372873586
1.0181355932203253 1.3115254237288094 1.6472457627126005
-0.45186440677967354 -0.8784745762711901 0.6772457627125732
0.7681355932203253 -1.4884745762711904 -3.8427542372874086
1.3781355932203248 -0.028474576271190433 4.45724576271266
0.5281355932203269 -1.12847457627119 0.4272457627125732
-2.401864406779673 1.0715254237288097 -1.8927542372873631
1.7481355932203257 -0.5184745762711906 1.6472457627126005
1.9881355932203277 0.7015254237288095 0.7972457627125777
0.5281355932203269 -1.7384745762711904 -0.42275423728744954
-3.0118644067796723 -0.8784745762711901 -1.8927542372873631
2.358135593220325 1.4415254237288095 2.997245762712623
1.1381355932203263 -0.5184745762711906 -1.6427542372873631
-1.9118644067796744 -0.5184745762711906 1.1672457627125823
1.3781355932203248 0.09152542372880967 -0.052754237287444994
1.6281355932203248 -0.3884745762711903 0.30724576271256865
-0.32186440677967454 -0.26847457627119065 -0.052754237287444994
-0.5718644067796745 -0.26847457627119065 -0.18275423728744045
0.4081355932203259 -0.028474576271190433 -0.5427542372873404
-1.551864406779675 -0.028474576271190433 -0.5427542372873404
