1.46 -1015.01 83.74 1018.46 
8.42 -1015.87 79.71 1019.03 
6.71 -1017.58 70.56 1020.04 
4.88 -1015.99 90.58 1020.03 
8.18 -1017.21 65.55 1019.35 
3.05 -1018.19 80.32 1021.36 
12.57 -1017.82 88.26 1021.72 
9.77 -1015.62 93.26 1019.94 
4.64 -1013.92 70.43 1016.37 
2.81 -1016.97 81.79 1020.26 
8.06 -1016.72 99.98 1021.66 
11.60 -1015.62 72.14 1018.25 
2.08 -1015.99 77.64 1018.96 
8.54 -1018.68 86.30 1022.36 
8.79 -1015.50 75.68 1018.36 
10.25 -1015.99 87.40 1019.80 
5.00 -1018.07 85.69 1021.68 
10.62 -1014.40 80.69 1017.66 
-2.20 -1017.09 72.14 1019.65 
6.59 -1015.87 91.67 1020.02 
10.99 -1016.97 70.19 1019.45 
2.81 -1016.97 68.85 1019.30 
5.98 -1016.97 73.61 1019.65 
7.57 -1016.48 75.07 1019.28 
11.23 -1017.82 85.82 1021.50 
7.32 -1017.70 83.74 1021.17 
6.47 -1014.65 77.64 1017.63 
6.71 -1017.94 77.15 1020.89 
2.32 -1011.84 78.49 1014.88 
10.13 -1018.31 71.78 1020.89 
4.27 -1007.81 88.01 1011.66 
6.71 -1017.46 73.73 1020.15 
8.42 -1021.24 61.28 1023.11 
7.93 -1018.68 79.83 1021.83 
15.01 -1009.40 88.50 1013.38 
11.96 -1016.72 65.92 1018.93 
14.40 -1027.71 76.29 1030.64 
11.96 -1007.20 70.07 1009.71 
9.77 -1020.39 65.31 1022.52 
11.35 -1017.21 74.22 1019.98 
21.97 -1019.29 68.12 1021.80 
13.55 -1016.60 74.83 1019.44 
16.60 -1017.70 66.28 1019.99 
16.85 -1017.46 72.51 1020.18 
16.11 -1017.82 69.21 1020.30 
15.99 -1017.21 72.27 1019.90 
15.01 -1017.58 72.51 1020.27 
13.18 -1014.53 79.10 1017.69 
15.01 -1016.97 74.22 1019.78 
14.77 -1017.70 70.80 1020.27 
13.92 -1017.21 74.22 1020.01 
15.01 -1015.87 76.66 1018.87 
15.87 -1016.36 72.27 1019.05 
12.94 -1017.58 75.56 1020.46 
13.06 -1017.82 73.97 1020.59 
13.06 -1015.01 74.95 1017.86 
10.99 -1017.33 84.84 1020.92 
17.21 -1016.11 82.76 1019.62 
15.87 -1015.38 81.79 1018.79 
12.45 -1017.21 76.78 1020.18 
13.79 -1016.11 80.81 1019.41 
17.58 -1015.99 81.05 1019.37 
12.94 -1016.11 82.89 1019.57 
12.57 -1016.60 79.71 1019.80 
16.11 -1017.21 81.91 1020.63 
14.40 -1016.48 81.91 1019.88 
10.50 -1016.85 85.45 1020.48 
14.28 -1014.77 85.57 1018.47 
18.92 -1017.58 76.29 1020.61 
10.38 -1015.01 88.26 1018.90 
13.06 -1015.26 85.82 1018.96 
16.60 -1015.38 84.72 1019.04 
11.60 -1016.72 83.86 1020.24 
12.08 -1015.99 78.61 1019.10 
11.35 -1016.48 84.47 1020.05 
15.50 -1014.28 91.19 1018.49 
17.58 -1017.21 77.39 1020.30 
10.38 -1017.33 80.93 1020.60 
15.14 -1014.77 90.94 1018.95 
21.85 -1014.16 82.03 1017.71 
7.93 -1018.19 80.20 1021.37 
11.11 -1016.48 84.23 1020.02 
17.33 -1015.75 83.01 1019.28 
12.94 -1016.60 80.44 1019.86 
11.60 -1015.99 82.03 1019.36 
13.43 -1016.60 85.21 1020.25 
15.14 -1015.87 81.18 1019.22 
11.11 -1016.85 84.72 1020.43 
8.18 -1015.01 83.86 1018.51 
15.75 -1016.60 83.13 1020.12 
14.65 -1015.50 83.01 1019.00 
6.84 -1016.24 79.22 1019.34 
10.86 -1017.58 80.44 1020.81 
19.04 -1015.01 87.89 1018.99 
14.77 -1016.48 83.50 1020.01 
6.47 -1016.24 84.23 1019.74 
14.77 -1015.87 82.89 1019.35 
16.85 -1015.99 81.79 1019.42 
14.53 -1016.85 82.03 1020.25 
13.31 -1015.99 80.44 1019.26 
15.26 -1015.26 85.94 1019.00 
14.16 -1016.36 80.57 1019.64 
13.06 -1017.33 82.64 1020.77 
13.55 -1015.01 84.23 1018.59 
13.43 -1016.11 84.35 1019.70 
14.04 -1015.26 86.18 1019.01 
15.26 -1017.21 77.15 1020.25 
10.86 -1015.50 88.13 1019.38 
13.06 -1016.36 80.20 1019.60 
15.14 -1016.60 80.81 1019.92 
13.06 -1015.87 83.74 1019.40 
14.89 -1015.14 87.40 1019.00 
17.33 -1015.38 84.35 1019.03 
12.21 -1015.01 91.80 1019.23 
12.21 -1016.97 82.40 1020.37 
15.26 -1015.26 85.08 1018.93 
15.87 -1016.11 84.35 1019.73 
14.53 -1015.01 86.30 1018.78 
14.53 -1016.60 86.43 1020.37 
15.26 -1014.89 90.70 1019.05 
13.43 -1016.11 83.86 1019.66 
15.14 -1016.36 84.96 1020.01 
13.18 -1015.38 88.13 1019.28 
15.26 -1015.62 86.79 1019.44 
13.67 -1016.72 84.59 1020.33 
14.28 -1015.01 90.21 1019.12 
15.75 -1013.67 90.45 1017.82 
9.28 -1019.29 73.97 1022.01 
17.70 -1016.72 78.98 1019.94 
15.63 -1016.85 84.23 1020.45 
15.38 -1016.24 79.47 1019.45 
14.40 -1016.72 82.03 1020.13 
17.09 -1014.77 80.32 1018.09 
16.36 -1016.36 81.05 1019.72 
16.60 -1015.99 85.45 1019.71 
15.38 -1016.97 80.81 1020.29 
15.63 -1016.36 82.64 1019.83 
16.36 -1015.14 83.98 1018.74 
15.14 -1017.33 81.54 1020.71 
15.87 -1016.36 83.13 1019.87 
16.11 -1016.36 88.01 1020.29 
13.92 -1015.75 83.62 1019.28 
17.09 -1015.87 85.08 1019.57 
16.48 -1016.36 82.15 1019.81 
15.38 -1015.99 82.28 1019.43 
16.36 -1015.50 78.86 1018.69 
17.09 -1017.33 77.27 1020.41 
15.38 -1016.85 81.42 1020.22 
16.11 -1016.72 80.32 1020.02 
19.65 -1016.24 79.83 1019.56 
13.67 -1015.50 82.28 1018.92 
16.97 -1016.48 76.42 1019.49 
14.40 -1016.36 83.62 1019.89 
17.09 -1015.26 83.50 1018.83 
16.11 -1016.48 79.59 1019.72 
13.43 -1016.97 82.64 1020.41 
16.11 -1016.60 77.88 1019.71 
13.43 -1016.36 84.72 1019.97 
15.01 -1016.60 83.86 1020.17 
15.75 -1016.36 83.86 1019.93 
16.48 -1016.36 79.47 1019.59 
11.84 -1016.11 82.76 1019.55 
15.75 -1016.24 75.20 1019.14 
14.40 -1016.60 84.35 1020.20 
13.18 -1015.26 86.67 1019.04 
15.26 -1017.33 78.98 1020.51 
13.55 -1016.60 85.33 1020.27 
14.65 -1016.36 81.67 1019.74 
13.06 -1016.97 83.62 1020.48 
12.94 -1016.48 84.35 1020.06 
15.26 -1016.36 81.79 1019.76 
9.89 -1015.62 85.94 1019.30 
12.94 -1015.62 86.55 1019.39 
14.40 -1015.87 82.89 1019.35 
15.50 -1016.24 85.69 1019.96 
11.47 -1016.48 86.30 1020.20 
13.43 -1015.99 85.69 1019.69 
13.92 -1015.50 85.21 1019.17 
12.21 -1016.11 86.55 1019.87 
14.65 -1016.36 86.06 1020.10 
12.94 -1016.11 84.47 1019.70 
12.82 -1016.60 86.43 1020.35 
13.43 -1015.50 84.72 1019.12 
11.11 -1016.24 83.98 1019.76 
15.01 -1016.60 83.74 1020.16 
12.70 -1015.75 84.84 1019.36 
12.94 -1015.38 84.47 1018.97 
13.92 -1017.09 82.89 1020.56 
14.04 -1015.99 86.06 1019.73 
8.42 -1015.99 87.89 1019.82 
15.01 -1016.36 86.67 1020.16 
12.57 -1015.26 86.18 1018.99 
11.23 -1015.38 86.30 1019.10 
15.26 -1016.48 85.82 1020.21 
10.62 -1015.75 86.06 1019.44 
11.35 -1015.75 82.89 1019.19 
12.94 -1016.85 83.25 1020.33 
12.82 -1015.99 86.79 1019.77 
12.57 -1016.24 84.96 1019.86 
11.11 -1015.38 87.65 1019.22 
14.16 -1015.50 83.98 1019.07 
10.38 -1016.48 83.01 1019.92 
14.40 -1016.60 84.23 1020.19 
14.40 -1016.48 83.50 1020.00 
8.06 -1015.38 87.04 1019.14 
11.96 -1016.60 83.62 1020.10 
11.60 -1016.36 88.99 1020.31 
13.43 -1015.26 87.28 1019.09 
11.47 -1015.75 87.77 1019.60 
11.11 -1015.38 86.91 1019.15 
10.38 -1015.87 86.91 1019.63 
11.47 -1016.24 86.55 1019.98 
12.70 -1014.77 88.87 1018.73 
11.84 -1015.99 86.30 1019.72 
8.54 -1016.36 88.38 1020.23 
10.74 -1017.09 87.16 1020.87 
15.75 -1015.75 83.98 1019.33 
9.03 -1015.87 87.04 1019.63 
11.23 -1016.85 84.59 1020.42 
11.23 -1016.11 87.16 1019.91 
12.33 -1016.11 83.74 1019.63 
9.40 -1015.99 87.65 1019.81 
13.18 -1015.87 85.57 1019.55 
9.89 -1015.87 86.43 1019.59 
11.72 -1016.48 84.11 1020.02 
10.50 -1016.24 86.79 1019.99 
12.94 -1015.87 83.86 1019.41 
8.67 -1016.11 87.52 1019.91 
12.45 -1015.75 84.96 1019.37 
9.77 -1016.60 87.89 1020.44 
11.60 -1015.38 86.18 1019.10 
8.67 -1015.99 86.18 1019.68 
10.99 -1015.87 85.57 1019.53 
11.23 -1016.97 87.40 1020.78 
12.57 -1015.87 89.60 1019.89 
7.93 -1015.87 84.84 1019.44 
10.38 -1016.48 86.06 1020.17 
10.99 -1016.11 85.45 1019.76 
9.89 -1014.65 87.16 1018.43 
9.64 -1016.85 84.11 1020.36 
10.99 -1015.87 87.65 1019.70 
10.25 -1015.14 86.43 1018.86 
9.64 -1016.11 86.18 1019.81 
10.38 -1015.01 87.89 1018.87 
9.40 -1016.85 86.67 1020.58 
11.60 -1015.50 87.28 1019.31 
9.64 -1016.85 85.33 1020.47 
10.13 -1015.75 85.82 1019.42 
11.47 -1016.48 87.04 1020.26 
10.38 -1015.26 85.45 1018.90 
10.50 -1016.36 85.45 1020.00 
10.38 -1015.62 86.67 1019.37 
13.67 -1015.50 84.84 1019.13 
8.79 -1016.72 86.79 1020.46 
14.28 -1015.87 84.84 1019.51 
10.01 -1015.38 85.69 1019.04 
12.08 -1015.87 84.84 1019.48 
11.72 -1015.99 86.91 1019.77 
10.38 -1014.40 87.89 1018.26 
10.25 -1016.60 84.35 1020.15 
12.82 -1016.24 86.55 1019.99 
11.47 -1016.11 82.89 1019.55 
9.89 -1015.87 86.18 1019.57 
12.21 -1016.48 84.84 1020.09 
10.38 -1016.85 85.45 1020.48 
10.99 -1015.38 84.84 1018.98 
10.86 -1016.24 86.67 1019.98 
12.21 -1016.85 80.93 1020.13 
9.52 -1015.99 89.23 1019.95 
10.13 -1016.24 86.30 1019.94 
10.74 -1016.24 84.11 1019.77 
9.89 -1015.99 85.08 1019.60 
11.35 -1015.75 86.43 1019.48 
10.25 -1015.99 83.25 1019.45 
9.52 -1016.11 84.35 1019.65 
12.94 -1015.50 86.55 1019.27 
11.47 -1016.24 83.74 1019.74 
11.84 -1015.50 86.79 1019.27 
12.21 -1016.60 83.74 1020.12 
9.28 -1016.11 86.79 1019.86 
12.57 -1016.60 82.76 1020.04 
9.89 -1016.36 84.59 1019.92 
12.33 -1016.48 84.59 1020.07 
9.16 -1016.11 86.43 1019.82 
10.38 -1015.38 86.18 1019.08 
10.25 -1016.85 83.13 1020.29 
13.06 -1016.11 81.54 1019.46 
8.18 -1015.62 89.48 1019.59 
10.25 -1015.75 82.76 1019.16 
10.86 -1016.72 83.74 1020.22 
10.62 -1016.24 83.13 1019.69 
10.25 -1015.99 88.13 1019.86 
10.25 -1016.60 83.86 1020.11 
11.35 -1015.99 84.84 1019.59 
10.99 -1016.48 83.37 1019.95 
10.25 -1016.72 85.45 1020.36 
12.45 -1015.50 85.82 1019.20 
7.69 -1015.99 84.96 1019.57 
12.57 -1015.75 86.06 1019.46 
11.60 -1015.99 84.96 1019.60 
8.54 -1015.75 83.98 1019.25 
12.08 -1016.72 83.62 1020.23 
10.50 -1016.11 87.16 1019.90 
10.62 -1016.36 83.62 1019.85 
9.89 -1015.87 86.79 1019.62 
12.82 -1015.99 83.74 1019.52 
8.79 -1015.99 84.84 1019.57 
11.35 -1016.85 83.13 1020.30 
10.01 -1015.62 88.50 1019.52 
11.35 -1016.11 86.55 1019.86 
8.91 -1015.50 88.99 1019.43 
12.21 -1015.75 87.77 1019.61 
6.10 -1014.28 89.84 1018.27 
12.70 -1015.75 85.94 1019.46 
13.67 -1016.36 86.06 1020.09 
7.81 -1015.14 92.90 1019.41 
14.77 -1016.11 86.67 1019.91 
11.60 -1015.26 89.23 1019.24 
10.13 -1014.77 91.31 1018.92 
12.21 -1015.38 85.69 1019.06 
12.70 -1015.87 88.62 1019.81 
7.69 -1014.40 93.87 1018.77 
12.94 -1016.24 85.69 1019.92 
11.35 -1015.75 87.65 1019.58 
10.01 -1014.04 97.41 1018.76 
13.55 -1016.85 86.18 1020.58 
8.91 -1015.01 90.45 1019.08 
10.25 -1015.14 92.65 1019.41 
13.79 -1016.11 87.16 1019.94 
9.16 -1014.89 90.82 1018.99 
9.77 -1015.87 87.28 1019.66 
11.11 -1015.50 93.87 1019.89 
12.94 -1015.75 89.36 1019.75 
10.38 -1015.99 89.60 1019.99 
10.99 -1015.62 90.45 1019.70 
9.89 -1016.11 89.11 1020.06 
11.96 -1015.26 90.58 1019.36 
9.16 -1015.38 87.52 1019.19 
11.72 -1015.50 91.67 1019.70 
11.96 -1015.62 90.45 1019.72 
8.42 -1015.14 91.19 1019.26 
12.94 -1015.26 92.65 1019.56 
7.45 -1015.14 91.06 1019.24 
12.94 -1016.72 85.21 1020.37 
15.26 -1016.36 86.30 1020.13 
11.47 -1015.26 88.50 1019.17 
14.65 -1015.50 88.99 1019.50 
12.82 -1016.11 85.94 1019.82 
10.38 -1015.62 90.09 1019.67 
13.18 -1016.36 86.06 1020.08 
9.64 -1015.38 88.38 1019.27 
11.72 -1016.72 85.94 1020.42 
9.77 -1015.26 89.97 1019.28 
11.11 -1015.14 90.58 1019.23 
11.11 -1016.60 84.23 1020.15 
11.11 -1015.62 90.70 1019.73 
11.35 -1015.99 89.23 1019.97 
10.50 -1015.62 88.01 1019.49 
12.08 -1015.38 87.52 1019.22 
10.86 -1015.99 86.79 1019.75 
10.62 -1016.24 87.52 1020.05 
11.60 -1016.60 85.82 1020.28 
10.25 -1014.65 89.36 1018.63 
12.33 -1015.99 90.33 1020.07 
10.25 -1016.36 87.65 1020.18 
7.93 -1016.11 87.89 1019.94 
15.63 -1015.26 88.99 1019.27 
9.89 -1015.87 87.65 1019.69 
9.77 -1015.38 89.11 1019.33 
13.06 -1016.11 89.60 1020.14 
8.42 -1015.99 88.26 1019.85 
11.47 -1015.14 88.99 1019.09 
10.86 -1016.24 88.38 1020.13 
11.35 -1015.38 88.26 1019.27 
9.16 -1015.75 88.75 1019.66 
9.77 -1016.24 88.13 1020.10 
10.62 -1015.75 87.65 1019.58 
8.91 -1015.75 90.09 1019.77 
11.47 -1016.11 89.72 1020.13 
10.50 -1015.62 88.38 1019.52 
9.03 -1015.01 87.89 1018.85 
11.84 -1015.62 89.48 1019.63 
12.94 -1015.99 87.16 1019.80 
7.32 -1015.87 89.84 1019.86 
13.79 -1016.11 87.77 1019.99 
8.06 -1015.87 90.09 1019.89 
14.16 -1015.75 85.08 1019.40 
8.67 -1015.87 91.80 1020.05 
10.74 -1015.50 87.89 1019.36 
10.74 -1015.38 88.38 1019.28 
10.86 -1015.75 88.62 1019.66 
9.28 -1016.36 89.11 1020.30 
11.23 -1015.14 89.60 1019.15 
11.23 -1015.99 86.06 1019.69 
8.42 -1015.99 86.79 1019.73 
13.55 -1015.99 87.65 1019.85 
10.86 -1015.38 85.57 1019.04 
9.03 -1016.24 86.18 1019.92 
13.92 -1015.01 85.82 1018.73 
6.71 -1016.36 88.38 1020.21 
10.50 -1015.75 84.96 1019.35 
11.72 -1015.87 89.48 1019.87 
8.91 -1015.62 84.96 1019.21 
10.86 -1015.38 88.38 1019.28 
11.60 -1016.72 89.60 1020.73 
7.32 -1016.24 89.36 1020.18 
11.11 -1016.11 88.13 1019.99 
8.91 -1015.75 88.13 1019.60 
8.91 -1013.92 93.75 1018.28 
10.01 -1015.75 86.55 1019.48 
7.81 -1015.50 91.19 1019.62 
12.08 -1015.62 86.43 1019.37 
5.62 -1015.62 92.41 1019.84 
10.38 -1015.38 93.87 1019.76 
10.50 -1016.60 86.79 1020.35 
6.59 -1014.04 97.17 1018.70 
6.71 -1015.38 87.77 1019.19 
9.64 -1016.36 87.65 1020.18 
8.79 -1015.87 94.73 1020.31 
7.81 -1015.26 93.38 1019.57 
11.11 -1015.26 87.89 1019.12 
6.35 -1015.14 93.38 1019.44 
7.69 -1015.75 90.58 1019.81 
9.40 -1015.99 90.45 1020.05 
7.45 -1015.75 95.70 1020.27 
8.18 -1015.62 90.45 1019.68 
9.52 -1016.11 90.21 1020.15 
8.67 -1015.26 92.90 1019.54 
9.16 -1015.26 90.70 1019.34 
7.81 -1015.62 91.55 1019.77 
8.54 -1015.14 93.75 1019.49 
8.06 -1014.89 89.84 1018.89 
7.45 -1015.87 89.84 1019.86 
9.52 -1015.01 91.67 1019.19 
6.59 -1015.75 91.92 1019.92 
11.47 -1016.48 86.55 1020.22 
5.98 -1015.01 94.48 1019.42 
10.13 -1016.11 89.23 1020.07 
8.42 -1015.50 91.92 1019.69 
8.18 -1014.89 95.34 1019.39 
7.81 -1015.75 88.13 1019.59 
8.42 -1015.14 89.84 1019.14 
7.69 -1015.38 90.82 1019.46 
7.81 -1015.26 91.67 1019.42 
6.47 -1015.14 90.94 1019.22 
9.64 -1014.53 91.80 1018.72 
8.91 -1015.26 90.70 1019.34 
8.18 -1015.26 91.55 1019.41 
5.98 -1015.01 90.33 1019.04 
7.93 -1016.24 89.48 1020.20 
8.54 -1015.26 94.73 1019.70 
9.03 -1015.62 87.52 1019.43 
5.98 -1015.01 90.94 1019.10 
11.23 -1015.75 90.09 1019.80 
8.06 -1015.62 92.04 1019.82 
8.30 -1015.50 89.36 1019.46 
9.52 -1015.26 92.53 1019.51 
7.81 -1015.01 89.48 1018.98 
10.01 -1015.50 90.58 1019.58 
8.67 -1015.87 91.55 1020.02 
8.18 -1015.50 89.48 1019.47 
8.06 -1014.89 91.55 1019.05 
8.54 -1015.01 91.43 1019.16 
8.42 -1014.65 90.45 1018.71 
8.79 -1015.62 88.26 1019.49 
7.69 -1015.01 90.82 1019.10 
9.28 -1015.87 87.89 1019.71 
6.71 -1015.26 91.92 1019.43 
9.28 -1015.26 89.48 1019.24 
7.57 -1015.99 91.55 1020.14 
9.77 -1015.62 87.28 1019.42 
5.25 -1015.87 89.11 1019.78 
8.67 -1014.53 92.53 1018.77 
7.93 -1015.75 89.97 1019.75 
8.54 -1015.26 89.97 1019.27 
9.64 -1015.87 88.62 1019.77 
7.93 -1015.75 90.45 1019.80 
7.45 -1015.75 88.50 1019.62 
10.50 -1015.87 86.91 1019.63 
6.59 -1015.50 93.75 1019.84 
6.84 -1014.65 89.84 1018.64 
11.35 -1014.89 87.40 1018.71 
6.35 -1016.24 89.84 1020.22 
10.13 -1015.14 91.19 1019.27 
6.71 -1015.50 89.72 1019.48 
9.28 -1015.75 90.70 1019.83 
8.91 -1015.87 88.01 1019.71 
9.03 -1015.14 90.33 1019.19 
8.18 -1015.14 88.50 1019.02 
8.91 -1015.01 90.45 1019.08 
8.42 -1015.01 89.60 1019.00 
7.08 -1015.50 91.31 1019.62 
10.38 -1015.62 88.13 1019.49 
7.93 -1015.14 88.26 1019.00 
7.81 -1015.38 91.80 1019.55 
9.40 -1015.26 89.60 1019.25 
7.57 -1015.38 91.80 1019.55 
3.91 -1016.11 88.13 1019.94 
11.60 -1016.24 91.19 1020.38 
11.96 -1015.38 91.55 1019.57 
6.84 -1014.89 89.48 1018.85 
7.57 -1016.36 87.28 1020.13 
11.84 -1014.89 88.99 1018.86 
5.49 -1015.87 89.60 1019.83 
9.40 -1016.11 87.28 1019.90 
9.03 -1014.77 92.04 1018.98 
8.30 -1015.50 88.26 1019.36 
10.38 -1015.38 91.80 1019.57 
8.67 -1015.26 89.60 1019.24 
8.06 -1015.99 90.58 1020.05 
9.77 -1015.75 88.38 1019.63 
8.54 -1016.11 87.77 1019.93 
8.54 -1015.38 91.43 1019.52 
10.62 -1015.99 87.77 1019.83 
6.35 -1015.26 92.77 1019.51 
10.01 -1015.62 89.11 1019.58 
7.20 -1015.26 93.14 1019.55 
8.91 -1015.62 88.99 1019.56 
5.98 -1015.99 90.33 1020.02 
9.64 -1015.01 93.75 1019.38 
7.69 -1015.26 89.11 1019.19 
8.91 -1014.65 93.51 1018.99 
7.45 -1015.75 87.89 1019.57 
8.06 -1014.89 94.85 1019.35 
10.62 -1015.14 88.62 1019.05 
5.62 -1015.62 90.94 1019.70 
11.11 -1015.38 91.80 1019.58 
7.93 -1016.11 89.23 1020.05 
9.16 -1014.65 91.92 1018.84 
8.67 -1015.87 89.11 1019.81 
8.79 -1015.50 92.04 1019.70 
8.91 -1015.50 89.97 1019.52 
6.84 -1015.26 93.63 1019.59 
9.52 -1015.38 88.87 1019.31 
8.79 -1015.14 90.09 1019.16 
9.40 -1014.77 89.97 1018.79 
8.91 -1015.01 91.31 1019.15 
8.42 -1015.26 91.06 1019.37 
5.98 -1015.99 88.75 1019.88 
11.47 -1015.14 90.09 1019.19 
7.08 -1015.01 93.99 1019.38 
6.35 -1016.24 88.01 1020.06 
8.79 -1015.87 91.55 1020.02 
8.30 -1015.26 89.48 1019.23 
8.18 -1014.65 90.94 1018.75 
9.52 -1015.62 90.94 1019.73 
6.96 -1016.11 89.11 1020.04 
10.25 -1015.01 89.97 1019.05 
7.08 -1015.99 91.19 1020.10 
8.91 -1015.38 88.99 1019.31 
7.69 -1015.62 90.21 1019.65 
6.47 -1015.01 92.41 1019.23 
8.30 -1016.48 88.13 1020.33 
10.13 -1014.89 91.55 1019.06 
8.30 -1016.11 88.13 1019.96 
8.54 -1015.01 89.48 1018.99 
6.59 -1014.89 90.33 1018.93 
10.25 -1015.99 87.28 1019.78 
12.08 -1013.92 95.46 1018.47 
6.59 -1015.62 88.13 1019.46 
8.79 -1016.24 88.62 1020.13 
9.52 -1015.87 89.23 1019.83 
7.20 -1015.38 90.45 1019.43 
7.32 -1015.50 91.43 1019.64 
8.67 -1015.26 90.45 1019.32 
7.32 -1016.11 88.01 1019.94 
7.45 -1015.50 91.43 1019.64 
10.13 -1015.62 90.09 1019.66 
6.23 -1015.14 88.62 1019.02 
8.06 -1015.01 86.79 1018.75 
6.23 -1014.89 91.43 1019.02 
8.42 -1015.26 89.72 1019.25 
7.08 -1015.14 88.75 1019.03 
8.06 -1015.14 88.38 1019.01 
8.06 -1015.87 87.89 1019.70 
7.69 -1015.99 88.75 1019.89 
7.32 -1015.87 88.50 1019.74 
9.16 -1015.38 90.21 1019.42 
9.03 -1015.14 89.48 1019.11 
6.84 -1015.38 89.97 1019.38 
7.45 -1015.75 89.11 1019.68 
7.81 -1014.77 90.21 1018.80 
9.16 -1015.01 90.45 1019.08 
8.67 -1015.26 89.60 1019.24 
7.69 -1015.62 89.36 1019.58 
7.08 -1015.38 89.11 1019.31 
8.91 -1014.89 91.19 1019.02 
6.59 -1015.50 89.23 1019.44 
8.42 -1015.99 88.01 1019.83 
8.06 -1015.14 91.92 1019.32 
6.96 -1016.11 87.04 1019.86 
7.93 -1016.24 88.01 1020.07 
8.54 -1015.99 87.89 1019.82 
7.32 -1014.77 89.36 1018.72 
7.93 -1015.26 89.60 1019.24 
8.91 -1014.89 90.45 1018.95 
8.54 -1016.36 87.28 1020.13 
5.98 -1015.75 90.70 1019.81 
9.40 -1016.11 86.30 1019.82 
5.98 -1015.26 90.94 1019.34 
9.52 -1015.62 90.70 1019.71 
7.32 -1016.36 88.38 1020.22 
8.18 -1014.77 92.04 1018.97 
7.57 -1015.75 88.99 1019.67 
7.32 -1015.62 91.19 1019.74 
8.54 -1015.87 89.11 1019.81 
5.98 -1014.53 91.06 1018.62 
8.54 -1015.87 90.94 1019.97 
7.20 -1015.75 89.72 1019.73 
8.06 -1015.38 91.19 1019.50 
7.93 -1015.62 91.43 1019.76 
6.96 -1015.01 91.55 1019.16 
8.06 -1014.89 91.92 1019.08 
7.57 -1015.87 88.26 1019.72 
7.08 -1014.65 93.14 1018.94 
8.67 -1015.26 90.94 1019.36 
6.23 -1015.01 90.70 1019.08 
8.06 -1015.75 89.84 1019.74 
7.08 -1015.50 91.31 1019.62 
7.32 -1015.26 91.06 1019.36 
7.69 -1015.50 91.92 1019.68 
7.57 -1015.99 90.58 1020.05 
6.47 -1015.62 91.06 1019.72 
9.16 -1014.77 89.84 1018.78 
6.59 -1015.62 89.72 1019.60 
8.91 -1015.50 90.33 1019.55 
6.47 -1015.14 90.33 1019.17 
10.62 -1015.62 89.97 1019.66 
5.49 -1015.01 92.90 1019.27 
6.96 -1015.38 89.72 1019.36 
8.06 -1015.62 91.31 1019.75 
6.35 -1014.65 90.94 1018.74 
5.25 -1015.01 93.02 1019.28 
10.25 -1015.62 88.62 1019.54 
5.74 -1014.53 92.04 1018.71 
7.08 -1015.62 90.33 1019.66 
8.06 -1015.62 89.84 1019.62 
4.76 -1015.38 89.84 1019.36 
10.74 -1015.99 85.33 1019.62 
3.54 -1014.89 91.43 1019.01 
11.11 -1014.77 93.38 1019.12 
8.91 -1015.01 88.75 1018.93 
4.52 -1015.75 91.31 1019.85 
10.50 -1015.14 92.90 1019.43 
6.47 -1014.53 91.19 1018.64 
9.16 -1016.11 90.33 1020.16 
6.84 -1015.38 92.41 1019.60 
6.35 -1015.01 93.02 1019.29 
8.67 -1015.87 90.21 1019.90 
6.35 -1015.01 91.92 1019.19 
8.18 -1015.38 90.94 1019.48 
5.00 -1015.01 93.87 1019.36 
7.81 -1015.38 89.11 1019.31 
5.13 -1014.89 92.90 1019.15 
6.71 -1015.38 91.67 1019.53 
6.35 -1015.01 91.55 1019.16 
6.35 -1014.04 92.53 1018.27 
6.35 -1015.26 91.80 1019.42 
7.69 -1015.62 91.67 1019.78 
3.91 -1014.89 93.87 1019.23 
7.45 -1015.26 90.82 1019.34 
6.35 -1015.14 90.45 1019.18 
4.52 -1015.01 95.09 1019.47 
8.06 -1015.01 92.41 1019.24 
8.06 -1015.87 90.33 1019.91 
4.88 -1014.65 94.97 1019.10 
8.42 -1015.75 91.67 1019.91 
4.27 -1015.87 92.04 1020.04 
4.39 -1014.89 91.67 1019.03 
5.98 -1014.28 91.31 1018.40 
7.69 -1014.65 91.06 1018.76 
6.23 -1015.50 91.55 1019.64 
7.57 -1015.62 92.65 1019.87 
4.39 -1015.26 93.02 1019.52 
7.32 -1014.53 95.46 1019.03 
5.49 -1014.89 89.60 1018.85 
6.10 -1016.48 90.21 1020.49 
7.08 -1014.65 92.53 1018.88 
4.76 -1015.14 95.83 1019.66 
7.69 -1014.65 91.19 1018.77 
7.20 -1015.26 92.04 1019.45 
4.52 -1014.53 97.78 1019.24 
5.98 -1015.50 90.58 1019.55 
5.62 -1014.89 96.92 1019.53 
5.98 -1015.01 94.48 1019.42 
5.00 -1014.77 94.36 1019.16 
7.08 -1014.40 94.36 1018.81 
4.03 -1014.28 97.17 1018.93 
7.32 -1015.01 93.63 1019.35 
4.64 -1014.53 97.41 1019.20 
7.08 -1015.14 94.36 1019.54 
5.74 -1016.36 93.99 1020.71 
4.15 -1013.67 102.17 1018.82 
7.57 -1014.65 95.95 1019.20 
5.86 -1015.14 95.09 1019.60 
5.00 -1015.14 97.17 1019.79 
7.81 -1015.01 95.34 1019.51 
4.39 -1015.14 98.14 1019.88 
8.91 -1015.01 94.12 1019.41 
4.88 -1014.16 100.10 1019.10 
7.81 -1015.26 95.46 1019.77 
5.00 -1014.40 97.66 1019.11 
7.57 -1014.65 94.73 1019.09 
7.32 -1014.40 99.85 1019.33 
6.10 -1014.40 97.05 1019.05 
6.96 -1014.65 97.17 1019.31 
7.45 -1015.75 94.97 1020.20 
7.32 -1014.16 98.63 1018.97 
5.86 -1014.89 96.68 1019.50 
10.25 -1014.77 93.26 1019.10 
4.39 -1014.89 98.27 1019.65 
9.40 -1014.77 95.21 1019.27 
7.20 -1014.65 97.29 1019.33 
6.23 -1014.53 94.97 1018.98 
7.93 -1015.26 97.17 1019.93 
8.91 -1014.77 96.19 1019.36 
3.66 -1015.14 95.46 1019.62 
10.38 -1015.01 95.46 1019.55 
5.74 -1014.53 97.66 1019.23 
8.30 -1014.77 94.85 1019.23 
6.96 -1015.14 96.07 1019.70 
8.54 -1014.89 93.75 1019.25 
7.81 -1014.65 96.56 1019.26 
7.69 -1015.01 95.95 1019.57 
4.27 -1015.26 92.77 1019.50 
8.06 -1014.77 96.44 1019.37 
7.69 -1014.53 96.07 1019.09 
5.74 -1014.89 93.51 1019.21 
7.45 -1014.77 96.56 1019.38 
5.98 -1015.38 94.60 1019.80 
8.06 -1013.79 95.46 1018.31 
7.08 -1015.14 93.02 1019.41 
7.45 -1015.26 94.73 1019.70 
6.96 -1014.89 95.58 1019.41 
7.57 -1015.14 92.16 1019.34 
6.35 -1015.01 96.19 1019.58 
7.20 -1015.38 92.41 1019.60 
6.96 -1014.77 95.70 1019.30 
6.96 -1014.89 95.34 1019.38 
5.74 -1015.75 96.44 1020.33 
8.18 -1014.77 94.73 1019.21 
6.47 -1014.16 93.63 1018.49 
6.71 -1015.87 89.97 1019.87 
7.45 -1014.40 97.29 1019.09 
4.88 -1015.01 97.29 1019.68 
9.64 -1015.38 93.38 1019.71 
4.15 -1014.65 97.29 1019.31 
7.69 -1014.53 93.99 1018.90 
4.88 -1014.89 93.87 1019.24 
6.96 -1014.04 96.68 1018.66 
7.81 -1014.65 95.34 1019.15 
4.03 -1014.89 94.73 1019.31 
8.06 -1015.38 93.02 1019.66 
7.20 -1015.75 92.65 1019.99 
6.71 -1015.26 93.63 1019.59 
7.32 -1015.62 93.99 1019.99 
4.76 -1014.40 95.70 1018.92 
7.81 -1014.89 92.77 1019.15 
6.35 -1014.53 96.80 1019.15 
5.25 -1014.28 95.21 1018.76 
8.18 -1015.38 93.75 1019.73 
6.10 -1015.14 93.75 1019.47 
6.23 -1014.16 97.05 1018.81 
7.08 -1015.62 92.41 1019.84 
5.37 -1015.38 93.14 1019.66 
8.67 -1014.16 94.97 1018.63 
4.76 -1015.62 94.12 1019.99 
6.96 -1015.38 93.63 1019.71 
6.59 -1015.14 96.19 1019.71 
7.57 -1014.04 95.09 1018.52 
5.62 -1015.26 93.02 1019.53 
6.84 -1014.16 97.90 1018.90 
6.23 -1015.26 91.92 1019.43 
5.13 -1014.77 95.95 1019.31 
7.81 -1015.26 94.48 1019.68 
3.91 -1014.40 96.31 1018.97 
8.06 -1014.89 95.46 1019.40 
4.03 -1015.87 95.21 1020.33 
9.77 -1015.14 92.77 1019.41 
5.25 -1013.67 97.78 1018.39 
5.86 -1015.14 93.63 1019.46 
8.54 -1015.26 93.26 1019.57 
4.03 -1014.04 97.53 1018.73 
7.45 -1015.14 93.14 1019.43 
5.86 -1014.77 96.44 1019.36 
5.49 -1014.65 97.41 1019.33 
5.74 -1015.14 95.58 1019.64 
7.93 -1015.50 96.07 1020.07 
6.10 -1014.40 97.78 1019.12 
3.91 -1015.38 94.36 1019.76 
6.84 -1014.28 96.92 1018.93 
4.52 -1015.14 94.48 1019.53 
6.35 -1014.04 100.22 1019.00 
6.47 -1014.53 95.70 1019.05 
4.27 -1014.77 95.58 1019.27 
6.96 -1014.04 96.80 1018.67 
6.59 -1014.53 95.09 1018.99 
6.47 -1014.40 98.02 1019.15 
5.86 -1014.04 97.41 1018.72 
7.32 -1014.53 97.90 1019.27 
5.62 -1015.26 96.07 1019.81 
6.84 -1014.28 98.27 1019.05 
7.08 -1015.01 95.83 1019.55 
4.03 -1014.65 97.17 1019.30 
7.93 -1014.89 94.97 1019.36 
5.86 -1014.16 98.39 1018.94 
6.23 -1014.65 96.19 1019.22 
7.57 -1014.16 97.29 1018.84 
