-13.31 -1015.99 89.23 1019.99 
-13.18 -1015.62 89.72 1019.67 
-13.18 -1015.62 90.21 1019.71 
-13.67 -1015.26 90.09 1019.34 
-13.92 -1016.11 88.26 1020.03 
-13.67 -1015.50 88.38 1019.43 
-13.55 -1015.01 89.84 1019.07 
-13.79 -1015.14 88.75 1019.10 
-13.92 -1015.62 87.77 1019.51 
-12.57 -1015.01 88.99 1018.99 
-14.77 -1016.72 87.89 1020.62 
-13.67 -1014.77 89.60 1018.81 
-13.18 -1015.87 87.04 1019.68 
-15.14 -1015.75 88.87 1019.74 
-12.33 -1015.99 87.89 1019.86 
-13.55 -1015.50 87.28 1019.34 
-14.28 -1015.14 89.23 1019.15 
-13.79 -1016.36 88.50 1020.30 
-13.43 -1015.50 89.23 1019.50 
-12.94 -1016.48 87.40 1020.31 
-14.65 -1014.77 88.62 1018.74 
-13.55 -1016.11 86.06 1019.84 
-10.74 -1016.11 90.82 1020.22 
-16.97 -1015.50 88.75 1019.51 
-12.94 -1016.72 87.28 1020.55 
-13.43 -1015.26 88.62 1019.21 
-12.70 -1015.62 88.01 1019.51 
-14.89 -1016.24 87.28 1020.09 
-12.94 -1016.48 85.57 1020.16 
-12.94 -1015.62 86.79 1019.41 
-12.82 -1016.11 86.67 1019.88 
-14.28 -1015.62 87.65 1019.50 
-13.06 -1016.11 86.55 1019.88 
-13.18 -1015.75 87.40 1019.59 
-14.16 -1015.99 87.65 1019.86 
-13.79 -1015.50 87.40 1019.35 
-12.70 -1016.48 86.67 1020.25 
-13.55 -1016.24 86.43 1019.99 
-14.40 -1015.26 87.89 1019.16 
-13.43 -1016.72 85.45 1020.40 
-14.04 -1015.75 88.01 1019.65 
-14.04 -1016.24 87.40 1020.08 
-14.65 -1014.28 89.97 1018.37 
-14.65 -1016.60 86.55 1020.38 
-13.06 -1015.87 87.28 1019.70 
-13.67 -1015.38 86.67 1019.16 
-13.18 -1015.62 88.75 1019.58 
-14.16 -1015.38 88.13 1019.30 
-13.92 -1016.48 86.91 1020.28 
-13.31 -1014.89 88.38 1018.82 
-14.16 -1015.62 87.04 1019.45 
-13.79 -1015.38 87.65 1019.25 
-12.94 -1015.87 87.89 1019.75 
-14.89 -1015.50 87.52 1019.38 
-13.92 -1016.60 88.87 1020.57 
-14.53 -1015.62 88.99 1019.62 
-14.28 -1016.60 87.04 1020.42 
-14.53 -1015.01 89.60 1019.07 
-14.77 -1016.85 86.30 1020.61 
-13.43 -1016.36 88.62 1020.30 
-13.79 -1015.99 88.01 1019.89 
-13.55 -1016.60 87.77 1020.47 
-14.89 -1015.26 88.50 1019.22 
-13.55 -1015.14 88.01 1019.04 
-14.65 -1016.11 89.23 1020.13 
-13.79 -1015.99 88.38 1019.92 
-15.26 -1016.36 88.26 1020.30 
-10.99 -1014.53 90.33 1018.60 
-13.55 -1015.75 88.75 1019.71 
-13.67 -1015.50 88.50 1019.44 
-13.79 -1015.75 89.36 1019.76 
-13.43 -1015.87 89.36 1019.88 
-14.04 -1015.38 90.70 1019.52 
-13.92 -1016.48 88.13 1020.39 
-13.67 -1015.75 89.60 1019.78 
-13.79 -1015.14 90.09 1019.22 
-14.04 -1016.36 89.36 1020.37 
-13.55 -1016.36 88.50 1020.29 
-14.04 -1015.87 90.33 1019.97 
-14.53 -1015.50 89.11 1019.51 
-14.16 -1016.48 88.50 1020.42 
-14.04 -1016.11 89.36 1020.13 
-14.04 -1015.38 90.33 1019.49 
-14.16 -1016.48 89.36 1020.50 
-14.04 -1015.38 90.09 1019.47 
-13.67 -1017.46 88.13 1021.36 
-13.67 -1014.65 90.58 1018.77 
-14.53 -1015.99 91.67 1020.22 
-15.75 -1015.50 90.94 1019.69 
-13.67 -1015.50 90.33 1019.60 
-14.53 -1015.26 90.21 1019.36 
-15.38 -1015.38 92.04 1019.66 
-13.92 -1016.72 89.84 1020.78 
-15.26 -1015.14 90.45 1019.27 
-15.14 -1018.19 84.84 1021.83 
-15.63 -1016.60 95.95 1021.24 
-13.31 -1009.03 105.22 1014.59 
-11.84 -1016.60 85.94 1020.30 
-18.19 -1017.70 89.60 1021.80 
-13.79 -1014.53 94.97 1019.06 
-13.67 -1015.87 93.75 1020.28 
-13.55 -1015.26 90.09 1019.34 
-16.36 -1015.14 93.75 1019.59 
-12.70 -1015.01 91.43 1019.20 
-16.48 -1016.11 91.92 1020.40 
-14.28 -1015.99 90.58 1020.12 
-13.43 -1016.36 88.99 1020.33 
-15.75 -1014.65 93.63 1019.08 
-13.31 -1016.24 90.21 1020.32 
-15.99 -1015.50 90.82 1019.68 
-13.67 -1016.60 90.33 1020.70 
-15.14 -1016.11 91.55 1020.34 
-16.48 -1014.40 94.24 1018.91 
-13.31 -1016.85 89.23 1020.84 
-14.40 -1015.99 91.31 1020.19 
-15.14 -1015.01 93.87 1019.46 
-14.65 -1016.72 91.06 1020.90 
-15.14 -1015.14 93.14 1019.51 
-14.77 -1015.87 89.97 1019.95 
-16.48 -1015.01 93.38 1019.43 
-13.43 -1016.60 88.26 1020.51 
-15.50 -1015.99 93.99 1020.45 
-15.87 -1014.53 91.55 1018.77 
-15.99 -1015.50 92.90 1019.87 
-15.14 -1013.92 92.53 1018.24 
-15.01 -1017.94 88.50 1021.89 
-15.75 -1014.04 93.38 1018.45 
-14.65 -1017.46 89.36 1021.48 
-15.50 -1013.43 98.39 1018.31 
-14.04 -1015.75 89.11 1019.75 
-14.89 -1015.75 92.16 1020.03 
-14.28 -1014.65 91.06 1018.83 
-14.53 -1015.99 92.65 1020.31 
-16.48 -1014.65 96.31 1019.34 
-15.01 -1015.99 90.70 1020.14 
-14.77 -1014.53 93.99 1018.98 
-16.24 -1016.60 91.80 1020.87 
-14.53 -1014.65 93.63 1019.06 
-15.14 -1016.11 92.29 1020.41 
-15.75 -1015.14 93.99 1019.60 
-14.89 -1014.89 93.75 1019.32 
-17.33 -1016.60 93.99 1021.08 
-15.01 -1015.01 93.38 1019.41 
-16.36 -1014.89 93.26 1019.30 
-14.53 -1015.62 92.04 1019.89 
-15.26 -1015.75 92.53 1020.07 
-16.24 -1014.77 92.41 1019.10 
-14.28 -1015.38 91.55 1019.60 
-15.75 -1015.26 92.41 1019.58 
-15.50 -1016.11 93.51 1020.52 
-15.38 -1015.62 91.80 1019.88 
-15.63 -1015.99 91.67 1020.24 
-15.63 -1016.48 93.38 1020.88 
-15.50 -1015.87 92.53 1020.19 
-14.28 -1015.75 91.67 1019.98 
-15.87 -1015.87 92.41 1020.19 
-16.11 -1015.62 92.53 1019.96 
-15.01 -1015.26 93.02 1019.62 
-15.63 -1015.87 92.77 1020.22 
-15.63 -1014.77 93.26 1019.17 
-14.77 -1015.87 91.67 1020.10 
-16.24 -1015.26 93.26 1019.66 
-14.89 -1015.14 92.53 1019.45 
-15.87 -1015.62 92.65 1019.97 
-15.50 -1014.53 93.63 1018.96 
-15.26 -1016.36 91.55 1020.59 
-15.26 -1015.26 93.02 1019.63 
-15.63 -1015.99 90.82 1020.16 
-15.75 -1014.77 94.85 1019.32 
-15.63 -1015.26 94.24 1019.74 
-15.26 -1015.50 92.90 1019.86 
-15.87 -1014.89 93.99 1019.36 
-15.38 -1015.62 93.38 1020.03 
-15.38 -1015.99 92.41 1020.30 
-15.99 -1014.77 93.38 1019.18 
-17.09 -1016.48 91.92 1020.77 
-14.65 -1014.77 94.73 1019.29 
-15.01 -1016.11 91.67 1020.35 
-17.46 -1016.48 92.53 1020.83 
-14.65 -1015.26 95.70 1019.86 
-15.50 -1016.11 91.80 1020.37 
-16.72 -1015.50 93.14 1019.90 
-14.89 -1015.01 94.73 1019.53 
-16.36 -1015.62 92.41 1019.95 
-15.75 -1014.65 94.73 1019.18 
-15.50 -1016.11 92.04 1020.39 
-16.60 -1015.01 93.87 1019.48 
-15.75 -1015.99 93.02 1020.36 
-16.60 -1015.50 93.99 1019.98 
-15.26 -1015.38 93.38 1019.78 
-16.72 -1015.38 93.75 1019.84 
-16.11 -1015.38 93.14 1019.77 
-15.87 -1014.77 94.85 1019.32 
-16.11 -1015.50 95.34 1020.10 
-17.09 -1015.50 93.51 1019.94 
-16.85 -1015.14 93.75 1019.60 
-15.50 -1015.75 93.38 1020.15 
-15.87 -1015.75 93.14 1020.13 
-15.87 -1015.87 93.26 1020.26 
-15.75 -1014.89 94.12 1019.37 
-15.38 -1016.11 92.53 1020.43 
-16.85 -1015.50 94.48 1020.03 
-16.72 -1015.26 95.34 1019.86 
-15.26 -1015.87 92.90 1020.22 
-17.09 -1015.38 94.12 1019.88 
-15.63 -1015.01 95.58 1019.62 
-14.04 -1015.62 93.87 1020.05 
-16.97 -1014.40 95.46 1019.03 
-16.60 -1016.36 94.36 1020.86 
-16.24 -1014.89 94.73 1019.43 
-16.24 -1015.14 94.12 1019.62 
-17.82 -1015.01 94.85 1019.59 
-16.97 -1015.50 94.85 1020.06 
-15.99 -1015.87 93.51 1020.29 
-16.60 -1015.14 93.99 1019.61 
-17.21 -1015.38 95.58 1020.01 
-16.72 -1015.26 95.21 1019.85 
-16.97 -1015.26 95.21 1019.85 
-16.72 -1015.62 94.12 1020.11 
-16.48 -1014.65 96.92 1019.40 
-16.97 -1015.75 95.58 1020.38 
-16.36 -1015.38 95.21 1019.97 
-17.94 -1015.99 95.09 1020.59 
-15.99 -1015.62 94.73 1020.16 
-14.89 -1016.48 93.51 1020.88 
-16.60 -1016.11 93.99 1020.59 
-16.72 -1015.14 95.70 1019.78 
-15.87 -1015.87 94.97 1020.42 
-16.72 -1015.26 94.97 1019.83 
-16.24 -1015.75 94.36 1020.25 
-16.48 -1014.77 95.58 1019.40 
-15.87 -1015.01 95.70 1019.64 
-15.99 -1015.99 94.48 1020.50 
-16.36 -1014.65 95.95 1019.31 
-15.99 -1015.14 94.97 1019.69 
-15.50 -1016.11 93.26 1020.50 
-16.72 -1016.48 92.53 1020.82 
-16.48 -1014.40 95.09 1018.98 
-16.36 -1015.87 92.65 1020.22 
-17.58 -1014.77 93.87 1019.25 
-17.58 -1015.99 95.95 1020.66 
-16.72 -1017.09 91.06 1021.30 
-16.48 -1014.65 97.17 1019.42 
-15.14 -1016.48 93.38 1020.87 
-15.38 -1016.72 89.36 1020.76 
-17.09 -1014.65 97.05 1019.42 
-16.97 -1015.87 93.51 1020.30 
-18.55 -1013.55 97.53 1018.40 
-16.24 -1016.36 92.16 1020.66 
-17.82 -1015.75 92.29 1020.09 
-16.97 -1016.11 92.29 1020.44 
-17.21 -1016.11 92.16 1020.43 
-17.70 -1015.62 93.99 1020.12 
-17.70 -1015.62 93.63 1020.09 
-16.97 -1016.48 92.77 1020.85 
-17.94 -1016.11 92.29 1020.45 
-16.85 -1016.24 94.12 1020.72 
-16.85 -1015.99 91.67 1020.26 
-18.43 -1014.40 95.34 1019.04 
-17.46 -1015.62 92.77 1020.00 
-16.97 -1016.24 93.75 1020.69 
-18.43 -1014.77 94.48 1019.33 
-16.11 -1016.85 91.43 1021.08 
-18.43 -1014.53 96.07 1019.23 
-18.68 -1015.26 93.87 1019.76 
-17.33 -1015.75 91.92 1020.04 
-17.58 -1015.50 93.14 1019.92 
-17.70 -1015.62 93.51 1020.07 
-17.21 -1014.77 93.51 1019.21 
-17.09 -1016.36 91.92 1020.65 
-18.43 -1015.38 93.99 1019.89 
-18.43 -1014.65 93.63 1019.13 
-17.09 -1016.36 90.58 1020.53 
-16.85 -1016.24 92.29 1020.56 
-18.07 -1015.26 94.73 1019.83 
-18.19 -1015.75 92.53 1020.11 
-17.21 -1015.75 93.14 1020.15 
-18.07 -1015.75 93.02 1020.16 
-17.82 -1016.24 92.65 1020.61 
-18.68 -1016.11 92.77 1020.51 
-16.60 -1015.38 93.87 1019.85 
-16.60 -1015.62 94.73 1020.17 
-17.58 -1015.26 94.12 1019.76 
-18.68 -1015.50 95.09 1020.12 
-18.07 -1016.24 92.29 1020.58 
-19.41 -1015.01 94.85 1019.62 
-16.60 -1016.85 92.77 1021.20 
-18.31 -1014.77 96.44 1019.51 
-19.29 -1016.24 93.38 1020.70 
-18.68 -1014.89 93.38 1019.35 
-16.36 -1015.50 93.63 1019.94 
-17.82 -1015.01 93.63 1019.48 
-18.68 -1015.50 93.63 1019.98 
-16.48 -1015.14 93.99 1019.61 
-19.04 -1015.26 93.02 1019.69 
-17.70 -1015.01 95.34 1019.64 
-16.48 -1015.50 92.29 1019.82 
-18.31 -1014.65 94.48 1019.20 
-17.21 -1016.48 92.77 1020.85 
-18.68 -1015.01 93.38 1019.47 
-17.46 -1015.38 94.60 1019.93 
-16.85 -1015.62 92.77 1019.99 
-18.80 -1014.77 94.24 1019.31 
-17.09 -1015.62 92.65 1019.99 
-18.43 -1015.87 94.60 1020.43 
-17.82 -1015.14 92.16 1019.47 
-19.17 -1015.01 95.58 1019.69 
-17.33 -1016.11 92.29 1020.44 
-17.94 -1016.24 93.02 1020.64 
-17.58 -1014.77 92.90 1019.17 
-18.19 -1016.36 94.60 1020.91 
-16.72 -1013.92 94.24 1018.42 
-16.97 -1016.72 94.24 1021.22 
-18.19 -1014.16 96.68 1018.92 
-16.97 -1017.33 91.06 1021.54 
-18.43 -1014.04 96.31 1018.77 
-16.36 -1015.62 91.55 1019.87 
-18.31 -1013.31 97.29 1018.13 
-14.65 -1017.33 86.55 1021.11 
-16.24 -1016.85 91.31 1021.07 
-17.94 -1013.18 99.24 1018.19 
-14.89 -1016.85 89.60 1020.89 
-18.68 -1014.65 95.34 1019.29 
-15.50 -1016.11 92.16 1020.40 
-16.97 -1016.60 93.75 1021.06 
-17.82 -1015.14 93.87 1019.62 
-15.99 -1017.33 92.65 1021.67 
-16.60 -1014.65 95.58 1019.28 
-15.87 -1015.26 93.14 1019.65 
-17.58 -1015.50 94.12 1020.01 
-16.97 -1014.65 95.09 1019.24 
-15.99 -1015.38 93.51 1019.80 
-17.09 -1015.26 94.48 1019.79 
-15.99 -1015.87 94.48 1020.38 
-15.87 -1015.26 93.75 1019.70 
-17.58 -1015.26 94.24 1019.77 
-16.97 -1014.89 94.85 1019.46 
-16.24 -1015.38 94.48 1019.90 
-17.21 -1015.38 94.48 1019.91 
-16.72 -1014.53 95.09 1019.11 
-15.99 -1016.72 93.63 1021.15 
-16.36 -1014.89 93.02 1019.28 
-17.33 -1015.99 94.36 1020.51 
-17.21 -1015.26 94.12 1019.76 
-17.94 -1014.28 97.41 1019.11 
-15.01 -1015.87 93.26 1020.25 
-16.72 -1015.87 95.95 1020.53 
-16.97 -1015.75 96.07 1020.42 
-14.16 -1015.75 94.85 1020.26 
-17.46 -1014.77 97.41 1019.58 
-16.11 -1015.38 95.09 1019.95 
-15.50 -1015.14 95.70 1019.76 
-17.70 -1015.75 94.85 1020.32 
-16.97 -1015.99 95.46 1020.61 
-15.50 -1015.26 95.09 1019.82 
-16.24 -1014.28 95.83 1018.93 
-17.21 -1014.65 96.31 1019.35 
-15.14 -1015.38 94.73 1019.90 
-16.60 -1014.89 95.95 1019.55 
-16.85 -1015.01 96.07 1019.69 
-15.63 -1014.65 96.80 1019.38 
-17.33 -1014.77 96.56 1019.50 
-16.72 -1014.77 95.83 1019.42 
-16.48 -1014.89 96.80 1019.63 
-15.38 -1016.36 95.21 1020.92 
-16.36 -1015.01 96.31 1019.71 
-16.85 -1015.01 96.56 1019.74 
-15.38 -1014.77 96.44 1019.46 
-16.48 -1015.50 96.92 1020.25 
-16.72 -1015.50 95.95 1020.16 
-18.19 -1014.53 96.92 1019.31 
-15.50 -1015.62 97.05 1020.37 
-16.11 -1015.14 96.56 1019.85 
-18.43 -1014.40 97.53 1019.25 
-16.72 -1014.89 98.02 1019.75 
-16.60 -1015.14 95.83 1019.78 
-16.11 -1014.53 98.02 1019.38 
-16.36 -1015.38 96.92 1020.13 
-18.07 -1015.26 96.92 1020.03 
-16.48 -1014.65 99.61 1019.66 
-15.01 -1015.26 97.41 1020.03 
-17.70 -1016.36 97.29 1021.16 
-17.33 -1014.53 98.51 1019.45 
-15.99 -1015.50 97.05 1020.25 
-15.01 -1015.87 96.44 1020.55 
-17.09 -1015.26 99.00 1020.22 
-16.36 -1015.01 99.98 1020.06 
-15.38 -1015.62 97.17 1020.38 
-16.72 -1015.50 98.27 1020.38 
-17.46 -1015.01 99.12 1019.99 
-15.38 -1015.62 95.83 1020.25 
-17.70 -1014.28 99.37 1019.29 
-17.33 -1014.89 97.29 1019.69 
-15.87 -1014.28 98.02 1019.13 
-17.09 -1015.99 96.80 1020.74 
-16.36 -1016.36 95.58 1020.97 
-17.46 -1014.53 96.92 1019.30 
-16.48 -1015.38 96.68 1020.11 
-16.11 -1015.26 96.19 1019.93 
-16.72 -1014.53 95.70 1019.17 
-15.99 -1015.14 95.83 1019.77 
-16.85 -1015.14 96.44 1019.85 
-15.50 -1015.14 95.34 1019.72 
-17.46 -1015.26 94.85 1019.83 
-15.14 -1015.14 96.19 1019.80 
-16.36 -1014.77 95.70 1019.40 
-17.70 -1015.75 95.95 1020.42 
-15.87 -1014.89 94.60 1019.42 
-17.70 -1015.50 95.46 1020.13 
-17.82 -1014.04 99.49 1019.06 
-15.26 -1015.38 96.68 1020.09 
-16.72 -1015.38 95.70 1020.02 
-16.85 -1015.62 95.46 1020.24 
-17.21 -1014.77 97.78 1019.62 
-15.87 -1015.14 96.44 1019.83 
-17.70 -1015.26 98.39 1020.17 
-17.33 -1014.16 96.92 1018.93 
-16.11 -1015.62 95.58 1020.24 
-16.48 -1014.65 94.48 1019.17 
-17.58 -1015.14 98.27 1020.03 
-15.63 -1015.26 94.48 1019.77 
-15.75 -1014.89 96.44 1019.59 
-16.97 -1014.04 98.27 1018.93 
-16.36 -1016.11 94.48 1020.63 
-16.72 -1015.50 96.31 1020.20 
-17.21 -1015.26 96.56 1019.99 
-17.70 -1014.77 97.17 1019.57 
-16.97 -1015.50 94.97 1020.08 
-16.72 -1015.01 95.34 1019.62 
-17.21 -1015.75 95.70 1020.39 
-16.36 -1016.24 94.85 1020.78 
-15.99 -1014.40 96.92 1019.15 
-18.07 -1015.14 95.46 1019.78 
-16.36 -1015.01 95.46 1019.62 
-16.72 -1014.89 95.58 1019.52 
-17.94 -1015.38 95.95 1020.06 
-17.33 -1015.38 96.19 1020.07 
-14.40 -1015.50 93.99 1019.95 
-19.17 -1013.43 98.02 1018.34 
-14.77 -1016.24 91.92 1020.49 
-16.60 -1015.50 93.51 1019.93 
-16.36 -1016.60 94.73 1021.14 
-15.38 -1016.97 93.14 1021.34 
-19.17 -1014.16 97.66 1019.03 
-17.94 -1015.01 95.95 1019.70 
-16.85 -1014.65 96.80 1019.39 
-16.97 -1014.89 94.73 1019.44 
-18.80 -1014.53 97.17 1019.34 
-17.21 -1015.87 95.70 1020.51 
-16.85 -1015.50 95.34 1020.11 
-16.85 -1014.89 95.83 1019.55 
-17.33 -1015.01 95.95 1019.69 
-17.46 -1015.26 96.07 1019.94 
-17.82 -1014.89 98.75 1019.84 
-18.07 -1014.89 98.75 1019.85 
-18.31 -1015.87 97.66 1020.72 
-18.92 -1015.14 97.41 1019.98 
-16.85 -1015.01 98.39 1019.91 
-17.94 -1014.65 98.14 1019.54 
-18.43 -1014.89 97.78 1019.76 
-17.46 -1014.89 98.14 1019.78 
-18.43 -1015.38 96.19 1020.09 
-17.21 -1015.38 97.29 1020.18 
-16.60 -1015.14 96.07 1019.81 
-19.29 -1014.28 98.75 1019.26 
-17.46 -1016.11 97.17 1020.90 
-16.85 -1015.75 96.44 1020.45 
-19.29 -1014.77 96.80 1019.56 
-18.31 -1014.65 98.39 1019.57 
-16.36 -1015.99 95.83 1020.63 
-19.29 -1014.89 97.53 1019.75 
-17.58 -1015.38 97.29 1020.18 
-16.48 -1015.50 95.83 1020.15 
-18.55 -1014.40 98.51 1019.35 
-17.46 -1014.40 98.51 1019.33 
-17.94 -1015.14 97.78 1019.99 
-17.46 -1016.24 98.02 1021.10 
-19.65 -1015.87 98.02 1020.78 
-17.70 -1014.89 99.61 1019.92 
-17.58 -1016.60 96.44 1021.32 
-19.41 -1015.01 99.12 1020.03 
-17.46 -1015.14 98.88 1020.09 
-17.33 -1015.01 97.78 1019.86 
-18.07 -1014.89 99.98 1019.96 
-19.29 -1015.75 97.53 1020.60 
-20.26 -1014.04 99.98 1019.16 
-16.11 -1016.11 97.78 1020.93 
-18.80 -1014.89 98.63 1019.85 
-17.21 -1015.99 96.56 1020.71 
-18.68 -1014.65 98.75 1019.61 
-18.31 -1013.43 99.12 1018.43 
-17.33 -1014.77 99.73 1019.81 
-18.68 -1015.87 98.39 1020.79 
-16.85 -1015.75 96.68 1020.48 
-19.04 -1014.65 99.49 1019.69 
-17.94 -1014.04 100.10 1019.12 
-16.85 -1014.89 99.37 1019.88 
-19.29 -1015.01 98.63 1019.98 
-18.43 -1014.89 99.85 1019.96 
-17.21 -1015.14 99.49 1020.15 
-18.92 -1015.26 99.00 1020.25 
-18.07 -1014.65 98.39 1019.57 
-16.72 -1015.99 98.27 1020.87 
-18.68 -1015.14 99.37 1020.16 
-18.31 -1014.40 98.51 1019.34 
-17.82 -1014.89 98.39 1019.81 
-17.70 -1015.01 98.14 1019.90 
-17.70 -1015.26 99.37 1020.26 
-18.07 -1016.24 95.83 1020.90 
-18.68 -1013.92 100.95 1019.10 
-18.07 -1014.77 99.85 1019.83 
-18.68 -1014.53 100.71 1019.68 
-17.82 -1015.87 100.46 1020.98 
-18.43 -1015.14 100.34 1020.25 
-20.26 -1014.28 101.07 1019.51 
-17.21 -1014.53 100.46 1019.63 
-17.94 -1014.16 101.81 1019.42 
-17.33 -1015.62 99.00 1020.59 
-15.75 -1014.40 100.95 1019.54 
-20.14 -1015.26 99.24 1020.30 
-19.41 -1014.40 100.46 1019.55 
-18.31 -1014.77 100.10 1019.86 
-18.07 -1014.89 100.10 1019.98 
-18.43 -1014.77 100.10 1019.86 
-17.94 -1014.53 100.22 1019.62 
-17.21 -1015.87 99.49 1020.87 
-17.33 -1015.38 99.73 1020.41 
-18.92 -1014.53 100.83 1019.70 
-17.46 -1015.14 99.98 1020.20 
-17.82 -1014.77 100.95 1019.94 
-19.17 -1014.89 100.46 1020.03 
-17.70 -1015.14 100.46 1020.25 
-18.07 -1015.26 99.37 1020.27 
-18.68 -1015.01 100.59 1020.16 
-17.82 -1014.65 98.88 1019.61 
-17.94 -1015.75 99.61 1020.78 
-18.19 -1014.65 100.59 1019.78 
-19.17 -1015.62 98.51 1020.57 
-17.58 -1014.16 99.85 1019.22 
-18.55 -1015.14 98.88 1020.11 
-21.97 -1014.89 100.83 1020.13 
-14.65 -1015.14 98.75 1020.03 
-18.43 -1014.53 100.71 1019.68 
-19.90 -1014.40 101.44 1019.66 
-17.94 -1014.77 100.46 1019.89 
-21.00 -1014.16 99.98 1019.29 
-12.94 -1015.87 98.63 1020.73 
-22.71 -1015.01 98.27 1020.01 
-15.75 -1014.16 101.81 1019.38 
-17.21 -1014.89 98.63 1019.82 
-21.12 -1014.40 97.66 1019.31 
-16.11 -1014.65 99.98 1019.69 
-20.39 -1015.01 97.41 1019.88 
-17.33 -1014.77 100.46 1019.88 
-18.19 -1015.26 97.90 1020.13 
-18.92 -1014.16 100.22 1019.28 
-18.19 -1014.89 99.12 1019.88 
-18.19 -1015.99 97.90 1020.86 
-17.82 -1014.16 100.59 1019.29 
-18.68 -1015.50 98.75 1020.46 
-18.19 -1015.75 99.61 1020.78 
-19.53 -1014.16 100.22 1019.29 
-18.31 -1015.26 97.29 1020.07 
-16.97 -1015.50 97.41 1020.31 
-19.04 -1013.31 101.07 1018.51 
-17.70 -1015.14 98.39 1020.05 
-17.70 -1015.38 97.78 1020.23 
-17.82 -1014.77 99.00 1019.74 
-18.07 -1015.26 99.12 1020.25 
-18.92 -1015.62 98.39 1020.55 
-18.07 -1014.77 98.88 1019.74 
-17.58 -1015.75 96.80 1020.50 
-18.43 -1014.89 98.39 1019.82 
-19.04 -1015.14 98.63 1020.09 
-18.31 -1014.53 97.53 1019.37 
-17.70 -1014.89 95.83 1019.56 
-18.80 -1015.01 98.39 1019.95 
-18.80 -1015.01 97.66 1019.87 
-17.70 -1015.01 97.41 1019.83 
-18.43 -1015.26 96.56 1020.01 
-18.55 -1014.77 99.73 1019.83 
-18.07 -1015.50 97.41 1020.32 
-18.92 -1014.53 97.17 1019.34 
-19.17 -1015.26 98.39 1020.20 
-18.68 -1014.16 98.88 1019.14 
-18.80 -1015.38 96.80 1020.16 
-18.92 -1015.01 97.17 1019.83 
-18.31 -1015.38 97.17 1020.18 
-18.55 -1014.53 98.02 1019.42 
-18.19 -1014.89 97.90 1019.77 
-18.19 -1015.75 94.48 1020.29 
-18.55 -1015.38 99.12 1020.38 
-19.29 -1014.28 99.98 1019.38 
-17.94 -1015.99 96.68 1020.74 
-18.80 -1013.92 99.49 1018.96 
-18.68 -1015.50 97.66 1020.36 
-18.55 -1014.89 98.39 1019.82 
-18.07 -1015.01 97.53 1019.85 
-18.19 -1015.38 97.90 1020.25 
-19.65 -1015.87 97.05 1020.68 
-18.68 -1015.01 97.41 1019.85 
-19.29 -1014.65 97.78 1019.53 
-19.17 -1015.38 97.17 1020.20 
-19.04 -1015.50 96.80 1020.28 
-18.43 -1015.50 98.27 1020.41 
-18.07 -1015.50 96.07 1020.20 
-18.68 -1015.14 97.66 1019.99 
-17.82 -1015.75 95.95 1020.42 
-18.31 -1015.26 97.17 1020.06 
-18.43 -1015.26 97.90 1020.13 
-18.31 -1016.60 96.80 1021.36 
-19.29 -1015.01 97.90 1019.91 
-18.68 -1014.89 97.78 1019.76 
-19.53 -1014.65 98.75 1019.63 
-18.92 -1015.87 98.75 1020.83 
-19.41 -1015.26 98.27 1020.19 
-19.65 -1015.26 98.39 1020.20 
-18.92 -1015.26 98.14 1020.17 
-19.41 -1015.01 98.75 1019.99 
-19.29 -1015.99 98.39 1020.93 
-19.04 -1014.65 98.27 1019.57 
-18.68 -1015.99 97.17 1020.80 
-20.02 -1014.65 99.85 1019.75 
-18.80 -1016.11 98.51 1021.05 
-19.41 -1015.26 97.90 1020.15 
-19.53 -1014.40 99.12 1019.42 
-18.68 -1015.26 99.12 1020.26 
-18.55 -1014.89 97.90 1019.77 
-19.04 -1014.04 99.12 1019.05 
-19.17 -1015.38 96.56 1020.14 
-19.29 -1013.79 100.46 1018.94 
-19.29 -1015.50 98.63 1020.46 
-18.80 -1015.50 97.53 1020.35 
-19.53 -1014.53 99.24 1019.56 
-19.04 -1015.26 98.14 1020.17 
-19.04 -1014.65 98.63 1019.61 
-19.29 -1014.77 98.75 1019.75 
-19.65 -1014.65 98.88 1019.64 
-19.41 -1015.62 98.14 1020.54 
-19.29 -1015.38 98.51 1020.33 
-19.29 -1014.53 100.59 1019.68 
-18.55 -1015.87 98.27 1020.78 
-19.17 -1015.01 98.75 1019.99 
-19.53 -1015.01 97.17 1019.84 
-18.68 -1014.77 100.71 1019.93 
-19.04 -1015.50 97.90 1020.39 
-19.90 -1015.75 98.02 1020.66 
-17.33 -1014.40 100.10 1019.48 
-20.14 -1015.75 96.68 1020.54 
-17.21 -1014.89 99.98 1019.95 
-21.00 -1014.65 97.53 1019.54 
-18.31 -1015.26 98.02 1020.14 
-19.65 -1014.77 99.24 1019.80 
-19.41 -1015.01 96.44 1019.77 
-18.31 -1015.01 98.39 1019.94 
-20.39 -1014.28 99.61 1019.37 
-18.80 -1015.38 97.05 1020.18 
-20.26 -1013.67 98.75 1018.67 
-18.80 -1015.99 97.53 1020.84 
-19.90 -1014.77 99.49 1019.83 
-20.26 -1014.89 97.90 1019.80 
-18.07 -1015.26 97.53 1020.09 
-17.58 -1015.14 98.51 1020.06 
-19.29 -1015.50 97.53 1020.36 
-19.04 -1013.92 98.88 1018.90 
-20.87 -1015.99 96.44 1020.77 
-20.39 -1015.14 98.88 1020.14 
-17.21 -1014.89 99.12 1019.87 
-20.51 -1014.16 97.66 1019.06 
-19.65 -1014.89 97.78 1019.78 
-18.55 -1015.38 97.29 1020.20 
-17.70 -1014.65 97.29 1019.46 
-21.61 -1014.89 99.00 1019.94 
-17.58 -1015.01 96.68 1019.76 
-16.11 -1015.62 98.75 1020.54 
-23.19 -1015.26 96.44 1020.09 
-17.70 -1015.14 97.78 1019.99 
-18.55 -1015.26 96.92 1020.04 
-20.75 -1014.53 98.02 1019.46 
-18.92 -1015.38 96.80 1020.16 
-18.43 -1014.53 97.41 1019.36 
-19.90 -1015.50 98.88 1020.50 
-18.55 -1015.50 97.17 1020.31 
-19.41 -1014.65 98.27 1019.58 
-19.90 -1015.75 98.14 1020.67 
-18.68 -1015.14 97.29 1019.96 
-19.65 -1014.89 97.90 1019.79 
-19.65 -1015.26 97.66 1020.13 
-18.55 -1015.01 97.53 1019.86 
-18.19 -1014.65 97.78 1019.51 
-18.31 -1015.14 97.53 1019.98 
-21.12 -1014.89 99.73 1020.00 
-16.85 -1015.01 98.02 1019.88 
-19.29 -1015.14 97.17 1019.96 
-18.80 -1014.40 98.88 1019.39 
-18.68 -1014.65 97.66 1019.51 
-18.80 -1015.38 98.63 1020.33 
-19.41 -1014.77 99.73 1019.84 
-20.26 -1014.89 97.29 1019.75 
-19.41 -1015.14 98.27 1020.07 
-20.02 -1014.89 97.78 1019.79 
-20.26 -1014.40 98.39 1019.37 
-15.99 -1015.14 98.14 1020.00 
-20.26 -1015.62 97.90 1020.53 
-18.43 -1015.26 97.78 1020.12 
-13.92 -1014.77 98.39 1019.62 
-20.87 -1015.01 99.24 1020.07 
-21.73 -1015.01 97.41 1019.91 
-18.92 -1015.01 98.14 1019.92 
-18.92 -1013.92 98.75 1018.89 
-18.55 -1015.62 96.56 1020.37 
-17.46 -1016.11 97.05 1020.89 
-20.87 -1015.75 97.05 1020.59 
-17.94 -1015.38 97.90 1020.25 
-19.53 -1014.77 96.92 1019.58 
-18.31 -1014.65 99.00 1019.63 
-18.19 -1014.89 96.56 1019.64 
-20.02 -1014.40 99.98 1019.52 
-18.31 -1014.40 98.39 1019.33 
-19.04 -1016.11 96.19 1020.83 
-20.75 -1013.92 99.61 1019.01 
-16.48 -1015.01 98.51 1019.92 
-17.46 -1015.62 98.39 1020.53 
-20.02 -1015.14 98.14 1020.07 
-17.94 -1014.65 98.14 1019.54 
-17.21 -1016.36 98.88 1021.30 
-21.00 -1015.01 97.78 1019.93 
-17.09 -1015.38 97.78 1020.22 
-18.55 -1015.50 98.14 1020.40 
-17.94 -1014.53 100.10 1019.61 
-20.87 -1015.50 95.70 1020.22 
-18.55 -1015.01 99.12 1020.01 
-17.70 -1015.14 99.00 1020.11 
-19.90 -1014.89 97.41 1019.75 
-17.46 -1015.26 98.75 1020.20 
-18.55 -1014.77 99.24 1019.78 
-19.04 -1015.38 98.02 1020.28 
-17.94 -1014.89 99.98 1019.96 
-20.26 -1014.53 97.66 1019.42 
-18.92 -1014.28 100.83 1019.46 
-18.80 -1015.14 98.51 1020.08 
-18.07 -1014.65 98.02 1019.53 
-18.92 -1015.26 99.37 1020.29 
-19.53 -1014.77 99.98 1019.87 
-19.04 -1014.65 100.22 1019.76 
-18.80 -1015.99 97.05 1020.79 
-19.90 -1014.77 99.37 1019.82 
-16.85 -1015.01 99.61 1020.03 
-17.46 -1014.28 99.49 1019.30 
-22.34 -1015.01 97.29 1019.91 
-15.14 -1014.40 100.95 1019.53 
-20.02 -1014.65 98.02 1019.57 
-17.82 -1014.65 99.24 1019.65 
-21.24 -1015.01 98.51 1020.01 
-15.14 -1015.75 99.00 1020.67 
-19.53 -1014.53 99.12 1019.54 
-19.65 -1014.40 99.00 1019.41 
-16.85 -1014.16 101.20 1019.34 
-21.24 -1014.77 99.12 1019.82 
-17.46 -1015.87 98.14 1020.75 
-21.00 -1014.53 98.75 1019.54 
-19.41 -1014.53 99.98 1019.63 
-18.43 -1015.75 95.21 1020.37 
-16.72 -1015.01 98.02 1019.87 
-20.75 -1015.01 98.39 1019.98 
-17.82 -1015.87 97.78 1020.72 
-18.55 -1014.89 98.51 1019.83 
-21.61 -1015.14 98.27 1020.11 
-17.70 -1014.40 101.20 1019.59 
-20.63 -1014.89 98.02 1019.82 
-18.07 -1015.38 100.46 1020.50 
-16.97 -1015.14 99.00 1020.09 
-20.14 -1014.40 99.00 1019.42 
-19.17 -1014.77 99.49 1019.82 
-18.80 -1014.65 98.75 1019.62 
-18.68 -1014.28 100.95 1019.46 
-19.90 -1015.62 98.02 1020.54 
-18.92 -1014.65 100.10 1019.75 
-18.55 -1014.53 99.00 1019.51 
-20.39 -1015.75 98.39 1020.70 
-20.26 -1014.28 100.83 1019.48 
-17.70 -1015.38 99.00 1020.35 
-19.78 -1014.77 98.51 1019.73 
-18.19 -1014.53 101.32 1019.74 
-18.43 -1014.53 98.75 1019.49 
-18.68 -1015.01 101.56 1020.25 
-19.04 -1015.26 101.32 1020.48 
-19.53 -1014.89 99.98 1019.99 
-19.29 -1014.28 101.44 1019.52 
-19.04 -1013.92 101.68 1019.18 
-17.70 -1014.53 100.71 1019.67 
-19.17 -1014.77 101.56 1020.02 
-19.65 -1014.53 101.81 1019.81 
-19.04 -1015.38 100.22 1020.49 
-19.04 -1014.89 100.46 1020.03 
-18.43 -1014.40 101.07 1019.59 
-18.80 -1015.38 99.73 1020.44 
-20.87 -1014.53 103.52 1020.01 
-19.41 -1014.16 101.56 1019.42 
-18.43 -1016.24 99.61 1021.27 
-20.39 -1014.89 101.81 1020.19 
-19.90 -1015.75 100.71 1020.92 
-16.85 -1014.89 102.29 1020.17 
-21.00 -1015.01 99.85 1020.13 
-17.58 -1014.53 103.15 1019.91 
-20.75 -1015.26 101.44 1020.52 
-20.02 -1015.87 100.83 1021.06 
-20.14 -1013.79 102.78 1019.19 
