3.54 996.46 -9.89 996.52 
3.78 996.22 -8.06 996.26 
5.13 995.61 -10.99 995.68 
5.13 996.22 -7.81 996.26 
1.71 996.22 -7.57 996.25 
5.98 995.48 -8.18 995.53 
2.69 995.12 -7.32 995.15 
5.86 995.73 -6.84 995.77 
3.42 994.75 -4.27 994.77 
7.81 994.38 -8.42 994.45 
3.91 996.22 -5.86 996.24 
5.25 996.22 -6.96 996.25 
5.49 994.75 -4.88 994.78 
6.10 995.97 -8.91 996.03 
2.20 996.95 -8.54 996.99 
5.86 993.90 -3.42 993.92 
3.78 995.61 -5.74 995.63 
3.54 995.97 -5.86 996.00 
5.00 995.00 -5.00 995.02 
5.37 995.97 -4.39 996.00 
4.76 995.97 -6.96 996.01 
6.59 995.73 -3.91 995.76 
2.81 995.97 -3.91 995.98 
8.18 995.73 -6.47 995.78 
3.91 995.85 -4.76 995.87 
5.49 995.48 -3.54 995.50 
5.98 995.36 -1.59 995.38 
4.15 997.19 -6.47 997.22 
8.06 994.38 -1.59 994.42 
5.13 995.36 -3.91 995.38 
6.59 995.00 -1.83 995.02 
4.03 995.24 -3.66 995.25 
4.64 995.97 -4.76 995.99 
7.45 994.63 -1.71 994.66 
6.10 995.24 -3.42 995.26 
5.25 996.46 -5.37 996.49 
7.93 996.58 -4.52 996.62 
4.52 996.46 -4.76 996.48 
6.23 995.12 -3.42 995.14 
5.37 995.36 -1.34 995.38 
3.05 995.61 -4.27 995.62 
6.47 995.73 -0.98 995.75 
7.45 994.63 -1.46 994.66 
5.13 996.46 -5.98 996.49 
4.88 996.09 -4.76 996.12 
7.69 993.16 1.71 993.20 
3.66 994.14 -0.12 994.15 
4.64 999.76 -16.60 999.90 
6.10 995.24 -3.78 995.27 
3.17 994.63 2.93 994.64 
11.96 996.70 -10.25 996.83 
4.88 995.36 -3.91 995.38 
2.32 995.48 -3.17 995.49 
5.74 995.24 -4.15 995.26 
5.13 994.75 -0.49 994.76 
5.86 996.22 -5.74 996.25 
5.25 996.46 -7.45 996.50 
4.88 994.63 -0.12 994.64 
5.62 996.09 -4.15 996.12 
7.69 996.22 -5.49 996.26 
6.10 995.24 -3.78 995.27 
6.10 994.75 2.08 994.77 
4.64 995.12 2.08 995.13 
5.25 996.09 -2.20 996.11 
6.47 996.09 -2.56 996.12 
6.47 995.12 -0.98 995.14 
3.54 995.36 0.37 995.37 
4.76 995.97 -1.71 995.98 
6.23 994.26 1.71 994.28 
5.13 995.85 -2.32 995.87 
4.39 995.97 0.37 995.98 
5.74 994.26 2.08 994.28 
5.37 996.70 -1.34 996.72 
5.00 995.24 -0.85 995.25 
5.62 995.12 -0.73 995.13 
6.71 995.85 -0.24 995.87 
5.25 995.73 -1.10 995.74 
5.13 996.70 -4.52 996.73 
5.74 995.36 -1.83 995.38 
4.88 996.34 -0.98 996.35 
6.59 996.46 -0.49 996.48 
6.23 994.38 4.39 994.41 
6.35 995.48 -0.12 995.50 
6.84 995.12 -0.98 995.14 
5.86 995.12 0.37 995.13 
6.47 996.22 -2.32 996.24 
7.08 995.36 1.71 995.39 
6.10 995.36 1.46 995.38 
6.23 995.97 -0.37 995.99 
5.86 995.85 -0.37 995.87 
7.20 995.12 -0.37 995.14 
5.98 995.36 0.12 995.38 
5.25 995.61 1.59 995.62 
7.08 994.26 1.83 994.29 
5.13 997.19 -0.98 997.21 
6.59 995.24 1.83 995.26 
6.96 995.73 -0.85 995.75 
7.20 996.09 -0.49 996.12 
1.83 995.12 2.56 995.12 
7.69 995.73 -1.59 995.76 
6.35 994.26 1.34 994.28 
5.86 996.22 -1.71 996.23 
7.45 995.36 0.98 995.39 
7.20 994.75 -0.73 994.78 
6.59 995.36 -0.85 995.38 
4.39 996.34 0.12 996.35 
6.96 995.36 -1.46 995.39 
7.08 995.61 -2.93 995.63 
6.35 995.97 -3.30 996.00 
6.10 994.75 0.37 994.77 
7.08 995.36 -2.44 995.39 
6.23 994.87 -1.22 994.89 
5.74 995.61 -1.83 995.62 
4.88 995.61 -2.56 995.62 
7.08 995.73 -0.73 995.75 
6.35 995.48 -0.85 995.50 
5.49 995.73 -2.44 995.75 
6.96 995.73 -1.71 995.75 
7.20 995.73 -2.81 995.76 
6.96 994.38 2.32 994.41 
5.74 994.38 1.22 994.40 
6.59 996.70 -4.27 996.74 
5.98 995.61 -5.49 995.64 
5.25 995.12 -0.85 995.13 
6.84 995.24 -2.08 995.26 
6.35 995.61 -3.17 995.63 
7.69 995.73 -3.91 995.76 
7.32 994.63 -4.64 994.67 
5.37 994.87 1.71 994.89 
7.32 996.22 -5.98 996.26 
6.35 995.36 -3.54 995.39 
6.47 995.24 -0.98 995.26 
6.71 995.61 -2.56 995.63 
6.84 995.36 -1.10 995.39 
5.86 995.85 -1.22 995.87 
7.20 995.00 0.00 995.02 
7.45 995.97 -2.08 996.00 
6.10 995.61 -0.49 995.62 
6.47 995.85 -2.20 995.87 
7.57 994.75 0.49 994.78 
7.57 995.61 -0.85 995.63 
6.71 994.38 0.98 994.41 
5.74 996.09 -2.32 996.11 
6.96 995.73 -1.83 995.75 
6.71 995.73 0.24 995.75 
7.20 994.38 -0.49 994.41 
7.20 995.36 -0.37 995.39 
7.45 994.14 2.20 994.17 
7.81 995.24 1.10 995.27 
8.18 994.75 3.17 994.79 
7.81 996.34 -1.46 996.37 
7.45 995.00 2.08 995.03 
6.84 995.48 1.46 995.51 
7.57 994.87 -0.24 994.90 
7.81 996.22 0.85 996.25 
7.45 995.85 1.59 995.88 
8.18 995.36 1.34 995.40 
7.69 996.09 -1.46 996.12 
7.20 995.85 1.83 995.88 
7.45 994.75 3.66 994.79 
6.96 995.61 0.12 995.63 
6.96 995.48 0.00 995.51 
7.57 994.51 1.34 994.54 
7.57 995.36 1.59 995.39 
6.59 995.12 1.34 995.14 
8.30 995.36 -1.46 995.40 
7.32 995.48 -1.71 995.51 
7.20 994.87 1.22 994.90 
8.18 994.75 1.10 994.79 
7.81 995.36 -0.12 995.39 
7.20 994.87 1.34 994.90 
8.91 995.24 1.34 995.28 
7.45 996.09 0.12 996.12 
8.18 995.48 0.12 995.52 
7.93 995.12 1.46 995.15 
6.59 995.12 3.30 995.14 
6.47 996.09 0.61 996.11 
7.93 995.61 1.10 995.64 
7.45 995.61 0.85 995.63 
6.84 995.48 1.71 995.51 
7.69 994.87 2.93 994.91 
5.62 995.61 1.95 995.62 
7.57 994.75 1.71 994.78 
7.32 996.22 0.12 996.24 
6.23 995.12 1.95 995.14 
7.45 995.24 0.98 995.27 
5.62 996.58 -1.22 996.60 
7.45 994.26 3.91 994.30 
6.47 995.48 2.32 995.51 
7.08 994.87 3.05 994.90 
7.20 995.24 -0.12 995.27 
6.35 996.46 -0.37 996.48 
5.98 995.36 0.98 995.38 
8.67 994.87 2.32 994.91 
6.10 995.48 1.59 995.50 
7.20 994.87 2.93 994.90 
7.08 995.97 0.49 996.00 
7.45 995.36 1.71 995.39 
8.06 995.12 0.98 995.15 
5.86 996.09 -0.73 996.11 
6.23 994.87 2.32 994.90 
7.69 995.36 0.37 995.39 
7.57 995.36 0.00 995.39 
6.84 994.87 0.49 994.90 
5.86 996.09 0.49 996.11 
7.57 994.51 0.85 994.54 
7.32 994.75 1.59 994.78 
7.08 995.61 0.73 995.63 
7.93 995.73 2.20 995.76 
5.49 996.09 -2.69 996.11 
7.08 994.75 0.24 994.78 
7.45 994.02 4.27 994.06 
5.37 995.48 1.71 995.50 
8.79 995.48 -3.66 995.53 
8.18 996.09 -2.08 996.13 
7.69 994.75 0.85 994.78 
5.62 994.87 1.46 994.89 
6.96 994.63 0.12 994.65 
7.20 994.02 4.52 994.05 
6.47 995.73 -0.37 995.75 
7.20 995.73 -1.34 995.75 
6.59 995.97 0.98 995.99 
6.59 995.61 -0.49 995.63 
7.57 995.85 -1.59 995.88 
5.86 994.26 2.32 994.28 
7.32 995.48 -0.98 995.51 
8.06 995.36 -1.34 995.39 
6.84 995.36 -0.61 995.39 
6.10 995.61 1.46 995.63 
6.84 995.61 -0.98 995.63 
5.62 995.48 -0.37 995.50 
6.35 995.24 0.37 995.26 
7.08 995.36 1.22 995.39 
7.08 995.48 -0.24 995.51 
6.84 995.00 1.59 995.02 
6.84 995.73 -0.37 995.75 
5.98 995.61 0.49 995.62 
7.08 995.48 0.49 995.51 
8.18 995.12 2.08 995.15 
5.86 996.46 -0.37 996.48 
6.59 994.87 2.32 994.90 
7.69 995.73 0.98 995.76 
6.47 994.87 2.56 994.90 
6.96 995.24 1.95 995.27 
6.84 995.36 0.49 995.38 
5.37 995.48 0.24 995.50 
6.47 995.12 2.44 995.14 
6.23 995.36 2.20 995.38 
6.35 995.00 3.78 995.02 
7.57 995.73 0.98 995.76 
5.49 995.61 2.20 995.62 
6.35 995.61 2.20 995.63 
7.45 994.26 4.39 994.30 
6.84 994.87 5.00 994.91 
6.47 995.61 1.22 995.63 
6.71 995.00 4.15 995.03 
7.57 995.85 2.93 995.88 
7.08 996.70 0.00 996.73 
6.96 995.00 5.49 995.03 
5.49 995.48 3.66 995.51 
6.10 995.61 2.69 995.63 
5.62 995.61 2.69 995.62 
5.62 995.24 2.69 995.26 
7.08 995.61 -0.37 995.63 
5.98 995.00 2.08 995.02 
6.47 995.97 0.61 995.99 
6.96 995.36 1.34 995.39 
5.74 995.48 0.37 995.50 
6.59 995.61 1.59 995.63 
6.47 994.63 0.98 994.65 
7.45 995.24 -1.10 995.27 
6.84 994.63 3.54 994.66 
6.35 995.36 0.24 995.38 
7.93 996.22 0.12 996.25 
6.59 995.36 0.00 995.38 
6.59 995.36 1.22 995.38 
7.32 995.24 0.98 995.27 
6.96 995.61 -1.10 995.63 
7.32 995.24 1.59 995.27 
6.84 995.00 -0.85 995.02 
8.42 996.46 -1.71 996.50 
7.69 995.00 1.59 995.03 
7.20 995.61 -1.34 995.63 
7.57 994.26 1.46 994.29 
5.62 996.34 -1.10 996.35 
8.67 994.87 1.22 994.91 
8.06 995.97 -1.10 996.00 
6.47 994.87 2.08 994.90 
7.69 995.85 0.49 995.88 
6.84 995.12 -0.61 995.14 
8.18 994.26 0.98 994.30 
6.84 996.22 -0.24 996.24 
5.49 995.97 -0.12 995.99 
9.89 994.14 -0.24 994.19 
6.96 996.34 -0.37 996.36 
6.96 994.87 1.46 994.90 
7.69 995.97 -1.10 996.00 
8.67 995.36 0.24 995.40 
4.27 995.12 -1.46 995.13 
7.81 995.73 -0.37 995.76 
4.39 995.85 2.32 995.86 
9.77 994.38 3.66 994.44 
5.74 995.85 0.37 995.87 
8.18 995.00 -0.61 995.03 
7.69 995.73 -1.59 995.76 
6.10 995.00 1.59 995.02 
8.06 995.85 -1.10 995.88 
7.20 995.61 -0.37 995.63 
7.32 995.97 -1.59 996.00 
7.57 995.73 -0.24 995.76 
6.47 994.75 0.61 994.77 
7.32 995.73 0.73 995.75 
7.93 996.46 -0.24 996.49 
7.57 995.00 2.20 995.03 
8.30 996.09 -1.83 996.13 
6.59 995.36 1.34 995.38 
5.74 995.48 1.71 995.50 
8.54 994.87 0.61 994.91 
7.32 996.34 -2.08 996.37 
6.47 994.38 5.37 994.42 
9.16 994.63 0.73 994.67 
9.40 998.54 -11.84 998.65 
8.54 995.00 -0.73 995.03 
5.74 994.14 5.86 994.17 
6.47 994.26 3.17 994.29 
8.79 996.83 -3.78 996.87 
7.81 995.12 1.34 995.15 
7.08 994.75 2.32 994.78 
8.79 995.97 -0.49 996.01 
7.45 994.14 7.20 994.19 
7.32 997.19 -1.46 997.22 
6.59 995.48 2.20 995.51 
7.57 996.34 3.42 996.37 
6.10 994.14 7.08 994.18 
6.23 995.00 8.79 995.05 
9.52 995.12 1.10 995.16 
7.32 994.63 7.32 994.68 
7.08 995.85 4.03 995.88 
7.32 995.61 4.39 995.64 
5.13 995.00 6.59 995.03 
4.88 995.97 3.17 995.99 
9.16 993.77 6.47 993.84 
7.08 996.09 5.00 996.13 
8.18 995.36 4.03 995.40 
7.32 994.02 6.84 994.07 
4.88 996.22 3.42 996.23 
8.06 995.36 6.10 995.41 
7.69 995.48 3.17 995.52 
7.08 995.00 4.88 995.03 
7.08 994.38 4.15 994.42 
8.06 996.09 2.56 996.13 
5.49 995.61 6.96 995.64 
7.69 994.87 5.13 994.92 
8.18 995.73 4.64 995.77 
7.32 995.73 4.39 995.76 
5.74 995.12 4.52 995.14 
2.93 995.85 5.25 995.87 
8.91 994.75 3.66 994.80 
9.16 995.85 4.15 995.90 
5.25 995.48 6.35 995.52 
8.18 995.24 3.17 995.28 
5.74 994.87 7.57 994.92 
6.47 995.85 3.54 995.88 
9.28 994.38 6.96 994.45 
5.86 994.75 6.84 994.79 
7.57 995.97 3.66 996.01 
6.59 995.97 5.86 996.01 
6.96 994.87 5.49 994.91 
7.45 995.12 5.86 995.16 
6.23 995.00 8.42 995.05 
6.96 995.97 5.86 996.01 
7.08 995.12 7.45 995.17 
7.32 994.87 8.30 994.93 
7.57 994.75 7.32 994.81 
6.47 995.97 6.71 996.02 
7.08 995.00 8.91 995.06 
7.57 995.61 6.35 995.65 
6.84 995.00 9.16 995.06 
7.45 995.24 5.86 995.28 
8.18 995.00 6.59 995.05 
6.71 995.00 7.08 995.04 
6.10 995.61 6.35 995.64 
7.45 995.12 7.45 995.17 
6.84 995.36 7.20 995.41 
6.71 995.00 6.96 995.04 
6.71 995.36 6.71 995.41 
8.18 994.38 6.96 994.44 
7.20 995.61 5.98 995.65 
7.45 995.12 6.59 995.17 
6.23 995.00 5.98 995.03 
7.20 995.61 6.71 995.65 
6.96 995.00 7.57 995.05 
6.96 995.00 7.81 995.05 
7.81 995.36 7.81 995.42 
7.93 995.00 7.69 995.06 
8.06 995.97 4.64 996.02 
6.35 995.36 6.59 995.40 
6.59 994.51 8.54 994.57 
5.98 995.61 8.18 995.66 
7.57 995.97 5.13 996.01 
7.20 994.87 5.25 994.91 
7.20 995.12 5.98 995.16 
7.57 994.75 5.37 994.79 
6.35 995.36 6.23 995.40 
7.20 995.12 7.20 995.17 
5.98 995.61 5.00 995.64 
7.32 995.12 5.49 995.16 
7.93 996.95 2.81 996.98 
6.23 993.53 8.79 993.59 
6.71 995.12 3.42 995.15 
7.45 995.48 4.88 995.52 
7.32 994.02 7.93 994.08 
6.23 995.00 6.10 995.03 
7.81 995.24 4.52 995.28 
6.35 995.61 4.76 995.64 
6.59 995.73 6.71 995.77 
7.57 994.63 4.88 994.67 
6.71 995.48 6.84 995.53 
6.84 995.61 5.62 995.64 
7.93 995.36 5.98 995.41 
6.59 995.48 5.62 995.52 
6.84 995.48 5.74 995.52 
7.57 995.85 5.37 995.89 
6.96 995.48 5.62 995.52 
6.59 995.12 7.08 995.16 
7.69 995.24 5.25 995.28 
7.20 995.12 6.23 995.16 
7.20 995.61 5.74 995.65 
6.35 994.87 6.35 994.91 
6.10 994.75 7.20 994.80 
6.96 995.73 5.13 995.77 
6.96 995.00 5.62 995.04 
7.57 995.00 6.71 995.05 
6.35 995.00 6.23 995.03 
6.71 994.87 5.86 994.91 
7.08 995.36 6.10 995.41 
6.96 996.09 4.76 996.13 
7.32 993.90 9.16 993.97 
6.84 996.70 2.44 996.73 
6.71 995.36 5.00 995.40 
7.20 994.87 5.13 994.91 
7.08 994.75 6.35 994.80 
7.93 994.87 4.03 994.91 
5.37 996.58 3.54 996.60 
7.81 995.12 4.64 995.16 
3.54 995.73 8.06 995.77 
9.16 995.36 4.03 995.41 
5.74 994.75 4.76 994.78 
6.84 995.97 5.37 996.01 
8.67 994.26 4.88 994.31 
9.28 995.24 3.42 995.29 
3.66 994.87 7.20 994.91 
6.84 994.75 4.76 994.79 
7.57 995.97 5.62 996.02 
6.59 995.61 7.08 995.65 
8.54 994.75 6.84 994.81 
6.35 995.61 5.49 995.64 
7.81 995.12 6.35 995.17 
7.32 995.36 5.74 995.40 
5.98 995.48 2.56 995.50 
4.76 995.12 7.08 995.15 
8.91 995.36 6.23 995.42 
6.84 994.87 5.00 994.91 
3.30 995.24 6.96 995.27 
8.79 995.36 3.30 995.41 
7.08 994.63 5.37 994.67 
4.76 995.48 6.71 995.52 
6.96 995.24 5.25 995.28 
9.16 995.36 4.39 995.41 
10.74 995.48 3.54 995.55 
5.00 994.63 7.20 994.67 
7.81 994.87 5.98 994.92 
8.18 995.48 5.49 995.53 
6.84 994.38 8.42 994.44 
6.59 994.14 7.45 994.19 
6.71 995.36 5.98 995.40 
8.67 997.31 -0.73 997.35 
4.15 995.36 7.69 995.40 
4.88 995.24 9.64 995.30 
7.32 995.73 4.52 995.76 
7.20 994.87 6.96 994.92 
6.59 994.51 9.52 994.57 
8.54 996.22 5.37 996.27 
9.16 994.87 7.08 994.94 
3.91 995.00 8.18 995.04 
7.20 995.12 8.42 995.18 
7.45 994.87 8.30 994.94 
5.25 995.48 5.98 995.52 
9.52 995.48 6.47 995.55 
5.13 995.48 5.37 995.51 
6.47 995.97 5.37 996.01 
10.13 994.51 7.08 994.58 
6.96 996.22 4.27 996.25 
7.45 995.24 6.84 995.29 
5.13 995.73 7.69 995.77 
6.23 995.36 7.81 995.41 
6.96 994.75 6.59 994.80 
6.84 995.61 6.47 995.65 
5.00 995.24 9.40 995.30 
7.81 995.48 6.84 995.54 
6.96 995.73 5.98 995.77 
10.62 994.75 6.10 994.83 
5.37 996.22 4.64 996.24 
4.64 995.24 9.89 995.30 
6.96 995.61 7.69 995.66 
9.28 995.97 5.98 996.03 
7.32 995.36 6.71 995.41 
3.30 996.46 8.06 996.50 
11.11 993.65 8.30 993.75 
9.89 995.24 4.64 995.30 
0.24 995.12 12.70 995.20 
3.05 995.73 7.20 995.76 
5.25 994.63 10.74 994.70 
19.04 994.75 4.27 994.94 
3.91 996.46 5.37 996.48 
2.08 994.26 11.11 994.33 
11.47 994.26 7.57 994.36 
7.69 995.61 7.32 995.66 
4.27 995.12 10.86 995.19 
6.47 994.63 8.30 994.68 
6.59 995.12 9.16 995.18 
7.20 995.36 7.32 995.41 
7.93 995.48 8.91 995.55 
4.64 995.12 8.30 995.16 
6.71 994.75 8.79 994.81 
7.45 994.26 10.01 994.34 
7.93 995.61 6.96 995.66 
11.11 995.73 6.96 995.81 
2.32 995.73 10.25 995.78 
9.89 995.00 7.45 995.07 
5.86 995.48 8.91 995.54 
6.47 995.00 7.45 995.04 
6.96 996.95 3.78 996.98 
5.86 994.87 9.16 994.93 
7.93 995.36 7.08 995.42 
6.10 995.97 5.98 996.01 
7.32 995.24 6.84 995.29 
7.20 995.00 8.54 995.06 
8.67 995.36 7.20 995.43 
7.20 995.73 4.76 995.76 
7.20 994.87 7.69 994.93 
7.32 994.63 8.06 994.69 
5.98 995.73 6.96 995.77 
9.28 995.12 6.23 995.18 
6.23 995.00 7.81 995.05 
6.10 995.61 6.10 995.64 
8.30 994.51 8.79 994.58 
6.84 995.36 6.47 995.41 
7.20 995.36 7.32 995.41 
8.06 995.00 8.42 995.06 
5.98 995.36 7.45 995.41 
6.71 995.24 10.38 995.32 
8.54 995.00 7.81 995.06 
5.62 995.73 7.20 995.77 
6.10 993.65 12.45 993.75 
8.91 996.34 7.20 996.40 
8.30 995.00 9.03 995.07 
5.98 995.36 10.13 995.43 
8.67 995.48 7.81 995.55 
7.08 995.12 9.89 995.19 
6.84 994.87 9.03 994.94 
6.71 994.26 9.16 994.33 
8.91 995.24 9.16 995.32 
5.86 995.24 9.03 995.30 
7.45 995.12 7.93 995.18 
8.42 995.48 8.42 995.55 
4.52 995.61 8.06 995.65 
8.42 994.87 9.89 994.96 
8.30 995.85 7.57 995.91 
5.74 995.00 8.79 995.05 
7.20 994.87 9.52 994.94 
5.62 995.00 9.16 995.05 
8.42 995.12 9.03 995.19 
6.71 995.36 9.16 995.43 
6.59 995.24 9.89 995.31 
7.32 996.46 6.35 996.51 
8.54 994.63 10.62 994.72 
9.16 994.63 9.16 994.71 
6.35 995.12 8.42 995.17 
6.84 994.75 11.35 994.84 
1.71 995.85 7.20 995.88 
12.21 995.48 7.81 995.59 
9.89 995.24 9.03 995.33 
5.00 995.00 9.40 995.05 
7.81 995.48 9.40 995.56 
11.23 995.48 5.00 995.56 
2.56 995.48 7.93 995.52 
7.08 996.09 7.20 996.14 
6.47 995.00 10.13 995.07 
7.32 995.24 6.59 995.29 
4.88 994.87 7.81 994.92 
7.08 995.97 8.42 996.03 
-3.66 994.51 8.42 994.55 
36.74 994.26 3.42 994.95 
-14.53 998.54 9.40 998.69 
6.96 993.65 11.11 993.74 
10.38 996.22 4.27 996.28 
7.81 994.87 8.67 994.94 
7.45 996.09 8.18 996.16 
9.89 994.63 5.86 994.70 
1.10 994.75 11.47 994.82 
8.18 995.12 5.62 995.17 
6.10 994.26 7.45 994.31 
5.74 995.85 8.54 995.90 
10.62 994.75 6.59 994.83 
6.84 995.24 8.30 995.30 
6.96 995.73 8.91 995.79 
5.62 994.87 7.93 994.92 
8.18 995.48 7.57 995.55 
5.00 995.85 7.69 995.89 
9.77 996.09 6.47 996.16 
7.32 994.38 8.91 994.45 
6.84 995.48 8.18 995.54 
7.20 995.24 5.98 995.28 
4.76 995.36 9.16 995.41 
6.47 995.36 9.52 995.43 
12.57 995.85 5.37 995.94 
3.30 995.97 9.89 996.03 
7.32 995.12 8.42 995.18 
9.52 995.85 5.62 995.91 
7.08 995.00 8.67 995.06 
5.13 994.87 8.67 994.92 
11.72 995.61 7.57 995.70 
5.74 995.48 8.06 995.53 
8.79 996.09 7.20 996.16 
6.71 995.00 6.96 995.04 
4.03 995.61 8.06 995.65 
5.98 995.36 7.32 995.41 
7.69 994.75 9.03 994.82 
8.54 995.85 5.62 995.90 
8.06 994.26 9.16 994.34 
7.32 995.97 5.86 996.02 
8.18 994.63 6.84 994.69 
6.71 994.87 7.81 994.93 
7.08 995.48 6.59 995.53 
8.18 995.36 8.06 995.43 
5.62 995.48 5.86 995.52 
-2.69 995.61 10.01 995.66 
23.68 996.70 5.62 997.00 
16.85 994.51 1.22 994.65 
-12.57 995.00 15.14 995.19 
14.04 995.24 7.45 995.37 
11.47 995.73 3.78 995.80 
3.05 995.36 10.50 995.42 
7.69 995.00 6.10 995.04 
10.50 995.00 7.45 995.08 
4.76 995.85 6.59 995.88 
7.81 995.00 7.57 995.05 
6.96 995.48 7.45 995.54 
5.13 995.73 6.10 995.76 
9.28 994.87 6.71 994.94 
9.16 994.87 5.49 994.93 
5.62 996.22 6.71 996.25 
5.86 994.63 8.54 994.68 
8.54 995.24 6.71 995.30 
9.16 994.75 7.45 994.82 
5.49 994.87 7.69 994.92 
8.91 995.12 6.47 995.18 
7.08 995.24 7.93 995.30 
8.30 994.51 7.93 994.57 
7.81 995.36 7.32 995.42 
6.96 995.24 8.79 995.30 
7.93 995.61 6.23 995.66 
8.54 995.12 5.98 995.17 
5.98 994.51 9.28 994.57 
6.71 995.85 7.45 995.90 
9.40 995.36 8.18 995.44 
7.93 994.75 7.57 994.81 
7.93 994.87 8.67 994.94 
8.06 995.24 7.93 995.30 
6.71 995.12 8.79 995.18 
7.81 994.87 8.06 994.94 
7.32 995.61 6.84 995.66 
6.47 995.36 9.89 995.43 
7.45 995.00 8.79 995.06 
7.57 995.61 8.06 995.67 
7.32 995.00 8.67 995.06 
7.57 995.73 5.86 995.77 
6.96 994.87 10.13 994.95 
6.35 995.61 7.32 995.65 
6.35 995.36 8.30 995.42 
5.74 994.75 10.74 994.83 
9.64 995.61 8.18 995.69 
8.30 995.24 8.91 995.31 
6.71 995.61 7.81 995.66 
8.67 994.87 8.67 994.95 
6.23 995.00 9.28 995.06 
5.74 995.61 8.18 995.66 
6.47 995.24 8.54 995.30 
10.99 995.36 7.08 995.45 
3.66 996.09 9.89 996.15 
8.54 995.00 7.32 995.06 
5.98 995.12 8.91 995.18 
6.47 994.87 8.91 994.93 
8.18 995.36 7.69 995.42 
6.35 995.61 8.06 995.66 
5.25 995.00 8.42 995.04 
6.84 995.61 7.69 995.66 
7.45 994.75 10.38 994.83 
9.28 995.00 5.25 995.05 
7.45 995.48 8.79 995.55 
6.23 995.48 9.16 995.54 
6.10 996.22 7.69 996.26 
8.91 995.00 8.30 995.07 
4.64 995.61 8.18 995.65 
7.81 994.63 9.40 994.70 
9.03 995.12 6.84 995.18 
8.18 995.36 9.28 995.44 
6.47 994.87 10.50 994.95 
8.42 995.73 6.96 995.79 
7.45 995.61 7.81 995.66 
5.62 995.48 8.79 995.54 
7.45 995.24 7.69 995.30 
7.32 995.12 6.96 995.17 
8.54 995.36 6.84 995.42 
8.18 995.36 6.96 995.42 
8.06 995.48 7.32 995.54 
6.59 995.24 8.06 995.29 
6.23 995.24 7.93 995.29 
8.06 995.48 7.08 995.54 
6.84 995.36 8.54 995.42 
7.08 995.00 7.57 995.05 
8.18 995.85 5.86 995.90 
7.45 994.38 7.20 994.44 
8.54 995.73 4.52 995.77 
8.06 995.36 8.18 995.43 
10.62 995.12 7.32 995.20 
8.79 995.36 3.42 995.41 
3.54 993.90 9.16 993.95 
8.42 995.97 5.74 996.02 
7.57 995.00 5.37 995.04 
5.49 995.00 8.79 995.05 
9.40 994.51 6.84 994.57 
9.16 995.12 5.86 995.18 
5.98 995.48 7.69 995.53 
9.03 995.48 6.23 995.54 
7.32 995.36 5.49 995.40 
1.22 994.63 15.01 994.74 
15.75 996.46 1.34 996.59 
6.10 993.77 8.18 993.83 
4.03 996.70 9.03 996.75 
10.01 994.63 5.49 994.69 
7.20 993.53 8.79 993.60 
6.59 995.12 6.84 995.16 
9.28 994.87 7.32 994.94 
8.18 995.12 6.84 995.17 
6.10 995.61 6.35 995.64 
7.45 994.26 8.67 994.33 
7.32 995.85 4.64 995.89 
7.32 995.24 7.69 995.30 
9.03 994.51 7.20 994.57 
8.18 995.00 6.71 995.05 
7.57 994.38 8.18 994.45 
6.35 995.48 5.49 995.52 
6.47 995.36 7.45 995.41 
7.32 994.63 7.93 994.69 
6.59 996.09 5.62 996.13 
7.45 994.63 9.16 994.70 
8.54 995.00 7.69 995.06 
8.06 996.09 5.74 996.14 
6.96 994.14 12.70 994.25 
10.38 995.12 7.32 995.20 
8.06 995.85 6.59 995.90 
6.59 995.00 9.64 995.06 
6.47 995.97 6.23 996.01 
7.93 994.63 10.25 994.71 
10.86 994.87 4.88 994.94 
6.23 995.00 8.67 995.05 
7.20 995.12 7.45 995.17 
9.64 994.87 7.20 994.95 
5.74 995.36 7.45 995.41 
6.47 995.00 8.06 995.05 
8.42 993.90 8.42 993.97 
7.45 995.61 6.10 995.65 
7.57 994.14 10.62 994.23 
7.45 994.75 7.81 994.81 
7.45 995.24 8.42 995.30 
7.32 995.12 8.42 995.18 
3.54 995.12 8.54 995.16 
6.59 994.51 8.91 994.57 
11.35 995.36 6.35 995.45 
11.96 996.22 5.13 996.30 
5.37 995.24 8.67 995.29 
4.39 994.02 8.79 994.07 
9.64 995.00 8.18 995.08 
11.35 994.87 5.74 994.95 
3.54 995.00 8.54 995.04 
6.47 995.73 8.06 995.78 
7.69 994.51 8.54 994.57 
8.91 995.12 6.23 995.18 
6.47 995.73 5.25 995.76 
7.20 995.00 8.18 995.05 
8.42 995.61 3.91 995.65 
5.86 995.36 7.69 995.41 
7.45 994.63 5.25 994.67 
9.03 995.48 4.76 995.54 
6.96 994.63 7.08 994.68 
7.45 995.48 4.64 995.52 
8.18 994.75 7.20 994.81 
7.45 994.63 8.42 994.69 
7.32 995.73 5.00 995.77 
8.18 994.51 4.15 994.55 
5.86 995.00 6.96 995.04 
5.98 994.87 6.96 994.92 
9.28 995.36 3.05 995.41 
8.79 995.00 6.59 995.06 
7.45 994.26 6.47 994.31 
9.03 995.36 6.35 995.42 
