-13.00 -1020.69 85.69 0 0 
-13.18 -1020.51 86.30 0 0 
-13.43 -1021.12 85.75 0 0 
-13.18 -1021.00 86.06 0 0 
-13.43 -1020.51 85.88 0 0 
-13.43 -1020.75 85.94 0 0 
-12.94 -1021.18 86.18 0 0 
-12.57 -1020.63 85.75 0 0 
-13.31 -1020.51 85.94 0 0 
-13.43 -1020.81 85.75 0 0 
-13.24 -1020.87 86.12 0 0 
-13.00 -1020.87 86.00 0 0 
-13.55 -1020.81 85.51 0 0 
-13.18 -1020.75 85.51 0 0 
-13.49 -1020.69 85.94 0 0 
-13.37 -1020.75 86.24 0 0 
-13.43 -1020.75 85.94 0 0 
-12.94 -1021.12 85.69 0 0 
-13.43 -1020.94 86.06 0 0 
-13.43 -1020.94 86.18 0 0 
-13.67 -1020.39 86.06 0 0 
-13.73 -1020.51 85.88 0 0 
-13.49 -1020.81 85.69 0 0 
-13.00 -1021.30 86.06 0 0 
-12.63 -1020.94 86.30 0 0 
-13.06 -1020.94 86.06 0 0 
-13.00 -1020.87 85.88 0 0 
-13.55 -1020.94 86.06 0 0 
-14.10 -1020.87 86.12 0 0 
-13.31 -1021.00 85.63 0 0 
-13.18 -1020.63 85.94 0 0 
-13.79 -1021.42 86.12 0 0 
-13.31 -1020.87 85.94 0 0 
-13.18 -1020.81 85.94 0 0 
-13.67 -1020.81 86.00 0 0 
-13.85 -1021.12 86.18 0 0 
-13.24 -1020.26 86.24 0 0 
-13.73 -1020.94 86.18 0 0 
-13.24 -1020.75 86.12 0 0 
-13.06 -1020.57 85.82 0 0 
-13.43 -1021.12 85.82 0 0 
-13.55 -1021.12 86.24 0 0 
-13.00 -1021.00 85.82 0 0 
-13.37 -1020.87 85.88 0 0 
-13.31 -1020.81 85.82 0 0 
-13.43 -1020.45 86.06 0 0 
-13.31 -1021.12 86.49 0 0 
-13.18 -1021.42 85.88 0 0 
-13.31 -1021.06 85.57 0 0 
-13.55 -1020.63 85.63 0 0 
-13.49 -1020.94 86.24 0 0 
-13.61 -1020.94 85.94 0 0 
-13.24 -1021.48 85.82 0 0 
-13.61 -1021.00 85.75 0 0 
-13.43 -1021.30 86.06 0 0 
-12.88 -1021.00 86.67 0 0 
-13.00 -1020.63 85.57 0 0 
-13.18 -1020.81 85.94 0 0 
-13.55 -1020.75 86.61 0 0 
-12.94 -1020.20 86.55 0 0 
-13.37 -1020.45 85.94 0 0 
-13.73 -1020.75 86.36 0 0 
-13.06 -1021.12 86.30 0 0 
-13.61 -1020.87 86.30 0 0 
-13.49 -1021.18 86.24 0 0 
-13.12 -1020.81 86.00 0 0 
-13.00 -1020.75 86.30 0 0 
-13.31 -1021.00 85.88 0 0 
-13.00 -1020.75 86.06 0 0 
-13.18 -1021.00 86.12 0 0 
-13.49 -1020.94 85.94 0 0 
-13.24 -1020.87 85.69 0 0 
-13.18 -1020.87 86.18 0 0 
-13.24 -1020.87 86.18 0 0 
-13.06 -1021.06 86.06 0 0 
-13.12 -1020.94 86.12 0 0 
-13.92 -1020.57 86.24 0 0 
-13.37 -1020.32 86.06 0 0 
-13.49 -1020.63 86.06 0 0 
-13.37 -1021.18 86.43 0 0 
-13.85 -1020.51 85.75 0 0 
-13.92 -1021.06 85.94 0 0 
-13.85 -1020.94 85.88 0 0 
-13.06 -1020.94 86.18 0 0 
-12.76 -1020.75 86.24 0 0 
-13.06 -1021.12 85.51 0 0 
-13.37 -1021.06 86.00 0 0 
-12.88 -1021.30 86.12 0 0 
-13.12 -1020.87 86.00 0 0 
-13.37 -1020.32 85.88 0 0 
-13.12 -1020.87 86.12 0 0 
-13.43 -1020.81 86.24 0 0 
-13.12 -1020.69 85.94 0 0 
-13.67 -1021.30 85.82 0 0 
-13.92 -1020.75 86.06 0 0 
-12.94 -1020.57 85.88 0 0 
-13.79 -1020.87 86.00 0 0 
-13.43 -1020.87 85.75 0 0 
-13.43 -1020.75 86.36 0 0 
-13.37 -1021.00 86.18 0 0 
-13.92 -1020.69 86.06 0 0 
-13.00 -1020.87 85.82 0 0 
-13.37 -1020.45 85.69 0 0 
-13.49 -1020.69 85.75 0 0 
-13.67 -1020.75 86.43 0 0 
-13.61 -1020.94 85.94 0 0 
-13.06 -1020.45 86.06 0 0 
-13.79 -1020.69 85.94 0 0 
-13.18 -1020.94 86.12 0 0 
-13.31 -1020.26 85.82 0 0 
-13.49 -1021.06 86.06 0 0 
-13.43 -1021.12 86.49 0 0 
-13.43 -1020.87 86.06 0 0 
-13.12 -1020.87 85.75 0 0 
-13.31 -1021.12 86.00 0 0 
-12.88 -1021.06 86.12 0 0 
-12.94 -1021.12 86.12 0 0 
-12.82 -1021.36 86.00 0 0 
-13.31 -1020.81 86.12 0 0 
-13.00 -1020.81 85.94 0 0 
-13.24 -1021.24 86.12 0 0 
-13.31 -1020.81 85.82 0 0 
-13.31 -1020.57 85.94 0 0 
-13.31 -1020.51 86.24 0 0 
-13.18 -1020.75 86.24 0 0 
-13.37 -1021.12 86.24 0 0 
-12.51 -1020.51 86.24 0 0 
-12.70 -1020.94 86.43 0 0 
-13.55 -1021.12 86.36 0 0 
-13.67 -1020.75 86.18 0 0 
-13.55 -1020.81 86.24 0 0 
-13.24 -1020.87 85.75 0 0 
-12.82 -1021.00 85.88 0 0 
-13.61 -1021.12 86.43 0 0 
-12.94 -1021.18 86.12 0 0 
-13.12 -1021.18 86.00 0 0 
-13.12 -1020.69 85.69 0 0 
-13.24 -1020.69 85.94 0 0 
-13.73 -1021.00 86.00 0 0 
-13.61 -1020.20 86.43 0 0 
-13.12 -1020.69 86.24 0 0 
-13.06 -1020.26 86.00 0 0 
-13.18 -1020.69 86.00 0 0 
-13.73 -1020.57 86.18 0 0 
-13.06 -1020.75 86.36 0 0 
-13.06 -1020.69 86.24 0 0 
-13.43 -1020.69 86.24 0 0 
-13.31 -1020.75 86.30 0 0 
-13.37 -1020.57 86.30 0 0 
-13.49 -1021.67 86.49 0 0 
-13.49 -1020.69 86.24 0 0 
-13.31 -1020.69 86.24 0 0 
-13.31 -1021.24 85.75 0 0 
-13.31 -1021.00 86.30 0 0 
-13.12 -1021.00 86.24 0 0 
-13.73 -1020.69 86.24 0 0 
-13.18 -1021.24 86.24 0 0 
-13.31 -1020.63 86.00 0 0 
-13.00 -1020.87 85.69 0 0 
-12.57 -1020.63 86.24 0 0 
-13.61 -1021.06 86.30 0 0 
-13.18 -1020.63 86.00 0 0 
-12.94 -1021.06 86.30 0 0 
-13.92 -1020.69 85.94 0 0 
-13.67 -1020.81 85.88 0 0 
-13.61 -1020.75 86.06 0 0 
-13.49 -1021.18 86.18 0 0 
-13.18 -1021.55 86.24 0 0 
-13.18 -1020.45 86.18 0 0 
-12.57 -1021.12 86.55 0 0 
-13.12 -1020.57 86.36 0 0 
-13.37 -1021.18 86.12 0 0 
-13.43 -1021.42 86.36 0 0 
-13.31 -1020.94 86.12 0 0 
-13.79 -1021.00 86.61 0 0 
-13.49 -1021.00 86.18 0 0 
-13.37 -1020.69 85.88 0 0 
-13.43 -1020.69 86.12 0 0 
-13.00 -1020.57 86.00 0 0 
-13.61 -1021.12 85.94 0 0 
-13.24 -1020.87 86.43 0 0 
-13.55 -1021.18 86.24 0 0 
-13.37 -1021.18 86.43 0 0 
-12.94 -1020.75 86.00 0 0 
-13.37 -1021.00 86.55 0 0 
-13.31 -1020.69 85.88 0 0 
-13.61 -1021.30 86.00 0 0 
-13.67 -1021.06 86.00 0 0 
-13.37 -1020.81 86.00 0 0 
-13.92 -1020.81 86.12 0 0 
-13.73 -1020.94 86.43 0 0 
-13.67 -1021.48 85.57 0 0 
-13.98 -1021.12 86.12 0 0 
-13.55 -1020.45 86.00 0 0 
-13.12 -1021.00 86.00 0 0 
-13.06 -1021.24 86.43 0 0 
-13.18 -1020.32 86.18 0 0 
-13.49 -1020.75 86.12 0 0 
-13.24 -1020.69 86.00 0 0 
-13.55 -1020.63 86.12 0 0 
-14.28 -1021.67 86.00 0 0 
-13.67 -1020.69 85.63 0 0 
-13.49 -1021.18 85.75 0 0 
-13.73 -1020.69 85.88 0 0 
-13.31 -1020.26 85.57 0 0 
-13.85 -1020.87 85.75 0 0 
-13.24 -1021.06 85.75 0 0 
-13.31 -1020.57 86.12 0 0 
-13.61 -1021.12 86.30 0 0 
-13.61 -1021.18 86.55 0 0 
-13.18 -1021.12 86.18 0 0 
-12.94 -1021.00 85.51 0 0 
-13.24 -1021.06 85.69 0 0 
-13.37 -1021.30 85.88 0 0 
-13.79 -1020.63 85.75 0 0 
-13.55 -1020.94 85.69 0 0 
-13.55 -1020.51 85.88 0 0 
-13.67 -1020.63 86.12 0 0 
-12.94 -1020.94 85.75 0 0 
-12.88 -1020.75 86.18 0 0 
-13.37 -1020.87 85.94 0 0 
-13.43 -1021.24 85.75 0 0 
-12.88 -1021.24 86.06 0 0 
-13.67 -1020.69 86.18 0 0 
-13.73 -1020.81 86.24 0 0 
-13.06 -1021.00 85.45 0 0 
-13.49 -1020.94 86.00 0 0 
-13.49 -1020.45 86.18 0 0 
-13.24 -1021.12 85.94 0 0 
-13.49 -1021.06 86.18 0 0 
-13.18 -1020.94 86.06 0 0 
-13.61 -1020.87 85.82 0 0 
-13.79 -1020.57 86.18 0 0 
-13.55 -1020.63 85.94 0 0 
-13.43 -1020.26 85.88 0 0 
-13.12 -1020.75 85.94 0 0 
-13.67 -1020.81 86.00 0 0 
-12.76 -1021.12 86.06 0 0 
-13.18 -1020.87 85.82 0 0 
-13.24 -1021.06 86.43 0 0 
-13.61 -1020.57 85.82 0 0 
-13.98 -1021.00 86.12 0 0 
-13.85 -1020.87 85.75 0 0 
-13.79 -1021.61 86.18 0 0 
-13.85 -1021.30 86.18 0 0 
-13.43 -1021.00 86.06 0 0 
-13.43 -1020.75 85.82 0 0 
-13.24 -1021.00 85.94 0 0 
-13.31 -1021.36 86.00 0 0 
-13.37 -1021.12 85.82 0 0 
-13.43 -1020.75 86.43 0 0 
-13.24 -1020.02 86.43 0 0 
-13.00 -1020.94 85.69 0 0 
-13.31 -1020.75 85.75 0 0 
-13.55 -1021.30 86.43 0 0 
-12.88 -1020.69 85.88 0 0 
-13.06 -1020.87 85.82 0 0 
-13.37 -1020.87 85.94 0 0 
-13.67 -1020.81 85.88 0 0 
-13.73 -1020.45 85.75 0 0 
-13.06 -1020.75 85.88 0 0 
-13.12 -1021.00 86.00 0 0 
-13.55 -1021.06 85.75 0 0 
-13.61 -1020.75 85.82 0 0 
-13.61 -1020.75 86.06 0 0 
-13.12 -1020.94 86.00 0 0 
-13.24 -1021.18 86.00 0 0 
-13.31 -1020.94 85.88 0 0 
-13.31 -1020.81 85.82 0 0 
-13.67 -1021.00 85.88 0 0 
-13.31 -1020.69 85.88 0 0 
-13.24 -1020.63 86.06 0 0 
-13.67 -1021.18 86.43 0 0 
-13.31 -1021.06 85.69 0 0 
-13.79 -1020.75 86.12 0 0 
-13.00 -1020.87 85.82 0 0 
-13.73 -1020.87 86.18 0 0 
-13.00 -1020.69 85.82 0 0 
-13.37 -1021.18 85.82 0 0 
-13.24 -1021.06 86.18 0 0 
-12.88 -1020.69 85.75 0 0 
-12.82 -1021.00 85.63 0 0 
-13.18 -1020.94 85.82 0 0 
-13.43 -1020.63 85.82 0 0 
-13.31 -1020.69 86.00 0 0 
-13.43 -1020.75 86.06 0 0 
-13.61 -1020.57 85.75 0 0 
-13.24 -1020.69 85.88 0 0 
-13.37 -1021.06 86.12 0 0 
-13.31 -1020.69 86.30 0 0 
-13.55 -1020.20 85.94 0 0 
-13.18 -1020.51 85.82 0 0 
-13.06 -1020.39 85.88 0 0 
-13.18 -1020.69 85.75 0 0 
-13.55 -1021.06 85.88 0 0 
-13.43 -1020.94 86.36 0 0 
-13.12 -1020.81 85.75 0 0 
-13.37 -1020.81 85.94 0 0 
-13.61 -1020.94 85.63 0 0 
-13.37 -1020.94 86.06 0 0 
-12.82 -1020.94 86.12 0 0 
-13.61 -1021.24 85.63 0 0 
-13.18 -1021.12 86.24 0 0 
-13.18 -1021.36 85.88 0 0 
-13.12 -1021.18 86.30 0 0 
-13.00 -1021.06 85.82 0 0 
-13.49 -1021.18 86.12 0 0 
-13.61 -1021.55 86.12 0 0 
-13.67 -1020.87 86.18 0 0 
-13.55 -1020.57 86.18 0 0 
-13.31 -1020.57 86.06 0 0 
-13.24 -1020.81 86.00 0 0 
-13.12 -1021.00 85.82 0 0 
-13.92 -1020.75 86.12 0 0 
-13.61 -1021.00 85.27 0 0 
-13.49 -1020.94 85.69 0 0 
-13.49 -1020.81 86.00 0 0 
-13.55 -1020.87 86.00 0 0 
-13.43 -1020.75 85.82 0 0 
-13.37 -1021.00 86.30 0 0 
-13.06 -1020.75 85.88 0 0 
-13.49 -1020.75 85.69 0 0 
-13.67 -1021.00 85.94 0 0 
-13.79 -1020.63 86.12 0 0 
-13.24 -1021.18 85.88 0 0 
-13.31 -1020.81 85.88 0 0 
-13.49 -1020.87 85.88 0 0 
-13.12 -1020.87 86.24 0 0 
-13.43 -1020.51 86.12 0 0 
-13.37 -1020.87 85.88 0 0 
-13.43 -1021.06 86.18 0 0 
-13.31 -1020.75 86.06 0 0 
-13.06 -1020.87 85.94 0 0 
-13.73 -1021.18 85.75 0 0 
-13.43 -1020.51 85.69 0 0 
-13.37 -1020.75 85.57 0 0 
-13.61 -1021.30 86.24 0 0 
-14.10 -1020.75 85.82 0 0 
-13.49 -1020.94 85.51 0 0 
-12.94 -1020.87 85.75 0 0 
-13.06 -1020.81 85.75 0 0 
-13.00 -1020.69 85.57 0 0 
-13.67 -1021.18 85.88 0 0 
-13.24 -1020.94 86.06 0 0 
-13.67 -1020.51 85.94 0 0 
-13.55 -1020.94 86.00 0 0 
-13.31 -1020.75 86.12 0 0 
-13.73 -1020.81 86.06 0 0 
-13.24 -1020.81 85.88 0 0 
-12.88 -1021.24 85.82 0 0 
-13.55 -1021.12 86.00 0 0 
-13.31 -1020.94 86.00 0 0 
-13.18 -1020.69 85.69 0 0 
-13.43 -1020.26 85.82 0 0 
-13.55 -1020.69 85.75 0 0 
-13.67 -1020.81 85.94 0 0 
-13.43 -1020.94 85.75 0 0 
-13.24 -1020.69 86.06 0 0 
-12.94 -1021.24 86.24 0 0 
-13.43 -1020.32 86.00 0 0 
-13.92 -1020.69 85.82 0 0 
-12.94 -1020.51 86.00 0 0 
-13.37 -1020.57 86.12 0 0 
-13.12 -1020.69 85.94 0 0 
-13.85 -1020.75 85.63 0 0 
-13.31 -1021.00 85.75 0 0 
-13.12 -1020.63 86.06 0 0 
-13.92 -1021.12 86.06 0 0 
-13.67 -1020.81 86.12 0 0 
-12.94 -1020.57 86.18 0 0 
-13.49 -1020.81 85.82 0 0 
-13.67 -1020.63 86.36 0 0 
-13.24 -1021.12 86.06 0 0 
-12.82 -1020.51 86.12 0 0 
-13.43 -1020.75 85.82 0 0 
-13.43 -1020.57 85.57 0 0 
-13.37 -1020.87 86.24 0 0 
-13.24 -1021.00 86.30 0 0 
-13.67 -1021.24 85.82 0 0 
-13.67 -1021.00 86.06 0 0 
-13.43 -1020.81 85.57 0 0 
-13.31 -1021.06 85.45 0 0 
-13.92 -1021.42 85.75 0 0 
-13.85 -1021.06 86.18 0 0 
-13.61 -1020.81 85.45 0 0 
-13.43 -1020.63 85.82 0 0 
-13.49 -1021.30 85.88 0 0 
-13.61 -1021.12 85.82 0 0 
-13.12 -1020.81 85.88 0 0 
-12.70 -1020.87 85.57 0 0 
-13.85 -1021.12 85.88 0 0 
-13.06 -1021.06 85.82 0 0 
-13.67 -1020.63 85.88 0 0 
-13.55 -1020.75 85.75 0 0 
-12.94 -1020.63 85.27 0 0 
-13.67 -1020.81 85.45 0 0 
-13.55 -1020.75 86.36 0 0 
-13.43 -1021.12 85.82 0 0 
-13.12 -1021.18 86.12 0 0 
-13.31 -1020.94 85.57 0 0 
-13.61 -1021.18 85.39 0 0 
-12.94 -1021.36 85.88 0 0 
-13.31 -1021.12 85.57 0 0 
-13.61 -1020.87 86.12 0 0 
-14.16 -1021.18 86.18 0 0 
-13.43 -1020.87 85.94 0 0 
-13.73 -1020.94 86.00 0 0 
-13.18 -1021.00 85.94 0 0 
-13.06 -1020.69 85.88 0 0 
-13.49 -1020.51 85.63 0 0 
-13.67 -1020.63 85.75 0 0 
-13.31 -1020.87 85.57 0 0 
-13.24 -1020.39 85.82 0 0 
-13.24 -1020.69 85.88 0 0 
-13.49 -1020.20 85.94 0 0 
-13.79 -1021.00 86.06 0 0 
-13.43 -1020.87 85.63 0 0 
-13.43 -1021.06 86.00 0 0 
-13.61 -1020.87 86.06 0 0 
-13.49 -1020.81 86.00 0 0 
-13.24 -1020.81 86.18 0 0 
-13.43 -1020.81 85.57 0 0 
-13.73 -1020.32 85.69 0 0 
-13.73 -1020.94 85.94 0 0 
-13.55 -1021.24 85.88 0 0 
-13.49 -1021.30 85.94 0 0 
-13.49 -1020.94 85.94 0 0 
-13.31 -1021.24 85.94 0 0 
-13.24 -1020.81 86.00 0 0 
-13.73 -1020.57 85.69 0 0 
-13.55 -1020.69 86.00 0 0 
-13.49 -1020.32 85.51 0 0 
-13.92 -1021.12 85.39 0 0 
-12.51 -1020.14 85.51 0 0 
-13.49 -1020.45 85.63 0 0 
-13.61 -1020.75 85.82 0 0 
-13.06 -1021.00 85.75 0 0 
-13.49 -1020.69 85.88 0 0 
-13.61 -1021.42 85.82 0 0 
-13.43 -1021.12 85.33 0 0 
-13.92 -1020.94 85.57 0 0 
-13.49 -1021.00 86.00 0 0 
-13.43 -1021.36 85.75 0 0 
-14.04 -1020.63 85.39 0 0 
-13.06 -1020.81 85.94 0 0 
-13.00 -1020.26 85.63 0 0 
-13.67 -1021.00 85.45 0 0 
-13.00 -1020.87 85.63 0 0 
-13.18 -1020.57 85.63 0 0 
-13.92 -1020.57 85.82 0 0 
-13.43 -1020.75 86.12 0 0 
-13.92 -1020.45 85.82 0 0 
-13.55 -1020.57 86.30 0 0 
-13.92 -1020.94 85.57 0 0 
-13.18 -1020.87 85.82 0 0 
-13.37 -1020.94 85.63 0 0 
-13.37 -1021.18 85.82 0 0 
-13.31 -1020.81 86.55 0 0 
-13.49 -1021.18 85.82 0 0 
-13.55 -1020.87 85.82 0 0 
-13.55 -1021.00 86.12 0 0 
-13.79 -1020.75 85.63 0 0 
-13.37 -1021.36 85.88 0 0 
-13.61 -1020.69 85.82 0 0 
-13.49 -1021.12 86.36 0 0 
-13.67 -1020.51 85.94 0 0 
-13.06 -1021.42 85.88 0 0 
-13.85 -1020.57 86.30 0 0 
-13.67 -1021.30 86.00 0 0 
-13.49 -1021.24 85.51 0 0 
-13.67 -1020.69 85.82 0 0 
-12.94 -1020.69 85.63 0 0 
-13.31 -1020.57 85.94 0 0 
-13.79 -1021.00 85.94 0 0 
-13.85 -1020.87 85.75 0 0 
-14.04 -1020.94 85.57 0 0 
-13.85 -1020.94 86.18 0 0 
-13.79 -1020.75 85.94 0 0 
-14.04 -1020.57 85.82 0 0 
-13.43 -1020.75 85.82 0 0 
-13.92 -1020.63 85.94 0 0 
-13.61 -1020.69 86.24 0 0 
-13.49 -1020.87 85.69 0 0 
-13.67 -1020.32 85.82 0 0 
-12.82 -1020.87 85.94 0 0 
-13.98 -1021.36 86.24 0 0 
-12.88 -1021.06 86.06 0 0 
-13.18 -1020.87 85.39 0 0 
-13.61 -1021.24 85.88 0 0 
-13.43 -1021.48 86.12 0 0 
-13.67 -1021.00 86.06 0 0 
-13.12 -1020.81 86.06 0 0 
-13.55 -1020.63 85.75 0 0 
-13.92 -1021.36 85.63 0 0 
-13.55 -1020.94 85.82 0 0 
-13.31 -1021.24 85.94 0 0 
-13.55 -1021.18 85.57 0 0 
-13.37 -1021.18 85.75 0 0 
-13.85 -1020.69 86.18 0 0 
-13.18 -1021.61 85.63 0 0 
-13.12 -1020.51 86.06 0 0 
-13.06 -1020.32 86.06 0 0 
-13.73 -1020.69 85.63 0 0 
-13.06 -1020.63 85.63 0 0 
-13.43 -1020.75 85.82 0 0 
-13.73 -1021.61 86.06 0 0 
-13.61 -1020.87 85.88 0 0 
-13.73 -1021.24 86.06 0 0 
-13.92 -1021.00 85.57 0 0 
-13.61 -1020.69 85.82 0 0 
-13.31 -1021.24 86.06 0 0 
-13.37 -1020.45 85.82 0 0 
-13.61 -1020.63 85.63 0 0 
-13.79 -1021.00 86.06 0 0 
-13.49 -1021.00 86.24 0 0 
-13.67 -1020.94 85.94 0 0 
-13.92 -1020.57 86.06 0 0 
-13.73 -1020.57 86.06 0 0 
-13.37 -1020.75 86.18 0 0 
-13.79 -1021.12 85.94 0 0 
-13.00 -1021.00 85.82 0 0 
-13.12 -1021.30 86.06 0 0 
-13.43 -1020.87 86.18 0 0 
-13.85 -1021.12 85.82 0 0 
-13.43 -1020.63 85.69 0 0 
-13.37 -1020.45 86.24 0 0 
-13.49 -1020.75 85.69 0 0 
-13.55 -1020.63 85.57 0 0 
-13.67 -1020.75 86.12 0 0 
-14.16 -1021.24 86.18 0 0 
-13.85 -1020.87 86.00 0 0 
-14.22 -1021.12 85.88 0 0 
-13.73 -1020.51 86.12 0 0 
-13.43 -1020.57 85.88 0 0 
-13.00 -1021.42 85.88 0 0 
-13.43 -1021.00 85.69 0 0 
-13.43 -1020.51 86.12 0 0 
-13.55 -1021.12 86.24 0 0 
-13.00 -1021.42 85.94 0 0 
-13.06 -1020.57 85.88 0 0 
-13.12 -1020.75 85.88 0 0 
-13.43 -1021.00 86.06 0 0 
-13.31 -1021.24 85.82 0 0 
-13.43 -1020.20 85.82 0 0 
-13.67 -1021.06 85.45 0 0 
-13.18 -1020.94 85.94 0 0 
-13.06 -1021.00 85.94 0 0 
-13.43 -1021.06 86.36 0 0 
-14.16 -1020.69 86.06 0 0 
-13.31 -1021.18 85.94 0 0 
-13.55 -1021.00 85.75 0 0 
-13.49 -1020.39 86.36 0 0 
-13.61 -1020.69 85.75 0 0 
-13.55 -1021.18 85.94 0 0 
-13.43 -1021.12 85.82 0 0 
-13.73 -1021.06 85.75 0 0 
-13.73 -1020.63 86.18 0 0 
-13.37 -1021.06 86.06 0 0 
-13.24 -1020.57 86.43 0 0 
-13.43 -1021.06 85.94 0 0 
-13.73 -1020.81 86.00 0 0 
-13.73 -1020.63 86.18 0 0 
-13.55 -1020.69 86.18 0 0 
-13.00 -1020.75 86.30 0 0 
-13.55 -1021.24 86.06 0 0 
-13.85 -1020.63 85.69 0 0 
-13.31 -1021.18 86.12 0 0 
-13.61 -1020.87 86.12 0 0 
-13.79 -1020.51 85.88 0 0 
-13.43 -1021.36 85.94 0 0 
-13.67 -1020.81 85.94 0 0 
-13.18 -1020.87 86.18 0 0 
-13.67 -1020.20 86.43 0 0 
-13.18 -1020.63 86.18 0 0 
-13.67 -1020.94 86.00 0 0 
-13.55 -1020.69 86.12 0 0 
-13.43 -1020.81 85.94 0 0 
-13.37 -1021.30 86.43 0 0 
-13.37 -1020.94 86.36 0 0 
-13.55 -1020.63 86.12 0 0 
-13.67 -1020.81 86.30 0 0 
-13.31 -1020.94 85.75 0 0 
-13.06 -1020.94 86.30 0 0 
-13.61 -1021.12 86.49 0 0 
-13.00 -1021.00 85.94 0 0 
-13.49 -1020.75 86.12 0 0 
-14.04 -1020.63 85.82 0 0 
-13.12 -1021.30 85.75 0 0 
-13.06 -1020.87 85.82 0 0 
-13.67 -1020.81 86.06 0 0 
-13.79 -1020.63 86.12 0 0 
-13.18 -1021.30 85.75 0 0 
-14.16 -1021.18 85.75 0 0 
-13.00 -1021.36 85.82 0 0 
-13.73 -1020.81 85.88 0 0 
-13.73 -1020.51 86.06 0 0 
-13.79 -1020.20 85.75 0 0 
-13.67 -1021.48 86.00 0 0 
-13.67 -1020.87 85.94 0 0 
-13.79 -1020.75 85.75 0 0 
-13.24 -1020.63 85.88 0 0 
-13.61 -1020.75 86.18 0 0 
-13.43 -1020.20 85.94 0 0 
-13.06 -1020.81 86.12 0 0 
-13.61 -1020.81 85.75 0 0 
-13.55 -1021.06 86.24 0 0 
-13.73 -1020.51 86.12 0 0 
-13.55 -1021.18 85.75 0 0 
-13.18 -1021.24 85.88 0 0 
-13.61 -1020.51 86.12 0 0 
-13.67 -1020.63 85.94 0 0 
-13.73 -1021.06 85.94 0 0 
-13.12 -1020.81 86.24 0 0 
-13.12 -1021.06 86.00 0 0 
-13.61 -1021.06 85.75 0 0 
-14.40 -1021.30 86.18 0 0 
-13.73 -1020.75 85.94 0 0 
-13.00 -1020.87 85.94 0 0 
-12.82 -1020.57 86.18 0 0 
-13.06 -1020.26 86.49 0 0 
-13.31 -1020.63 86.24 0 0 
-13.55 -1020.81 86.36 0 0 
-13.85 -1021.06 85.69 0 0 
-13.61 -1020.81 86.06 0 0 
-13.00 -1020.57 85.63 0 0 
-13.73 -1020.51 86.06 0 0 
-13.37 -1020.39 86.30 0 0 
-12.94 -1020.08 85.82 0 0 
-13.49 -1021.12 85.88 0 0 
-13.12 -1021.12 86.12 0 0 
-13.24 -1020.81 85.45 0 0 
-13.61 -1021.18 86.06 0 0 
-13.00 -1021.12 86.00 0 0 
-13.24 -1021.30 85.88 0 0 
-13.18 -1021.24 85.75 0 0 
-13.73 -1021.12 85.94 0 0 
-13.43 -1021.12 85.63 0 0 
-13.98 -1020.81 85.82 0 0 
-13.43 -1020.87 85.63 0 0 
-13.67 -1021.12 85.63 0 0 
-13.00 -1021.36 86.24 0 0 
-13.31 -1020.87 86.12 0 0 
-13.98 -1020.81 85.82 0 0 
-13.43 -1021.06 85.57 0 0 
-13.24 -1021.67 86.12 0 0 
-12.82 -1021.18 85.69 0 0 
-13.61 -1020.69 85.75 0 0 
-13.61 -1020.94 86.36 0 0 
-13.61 -1021.00 86.00 0 0 
-13.43 -1020.39 86.06 0 0 
-13.24 -1020.94 86.00 0 0 
-12.88 -1020.69 85.75 0 0 
-13.79 -1021.12 85.69 0 0 
-13.37 -1021.06 85.75 0 0 
-13.18 -1021.00 86.00 0 0 
-13.55 -1020.51 85.75 0 0 
-13.49 -1020.87 86.12 0 0 
-13.98 -1020.81 85.82 0 0 
-13.49 -1020.94 86.12 0 0 
-13.92 -1020.94 85.69 0 0 
-13.49 -1020.63 85.69 0 0 
-13.61 -1020.94 85.69 0 0 
-13.43 -1020.69 85.88 0 0 
-13.55 -1020.81 85.75 0 0 
-13.31 -1021.61 85.88 0 0 
-13.12 -1020.94 86.18 0 0 
-13.31 -1020.39 85.57 0 0 
-13.43 -1020.45 85.82 0 0 
-13.18 -1021.18 86.00 0 0 
-12.70 -1020.81 86.06 0 0 
-13.00 -1020.45 85.88 0 0 
-13.43 -1020.57 86.12 0 0 
-13.79 -1021.00 85.57 0 0 
-14.34 -1021.06 85.75 0 0 
-13.73 -1020.51 85.57 0 0 
-13.43 -1020.94 85.94 0 0 
-13.49 -1020.39 85.94 0 0 
-13.31 -1020.75 85.94 0 0 
-13.61 -1021.12 85.94 0 0 
-13.24 -1020.39 86.00 0 0 
-14.04 -1020.87 86.06 0 0 
-13.49 -1020.08 85.94 0 0 
-13.12 -1020.45 85.75 0 0 
-12.33 -1020.94 86.12 0 0 
-13.06 -1021.18 85.45 0 0 
-13.06 -1020.45 85.63 0 0 
-13.55 -1021.12 85.82 0 0 
-13.18 -1021.61 85.82 0 0 
-13.43 -1020.63 85.69 0 0 
-13.12 -1020.81 85.82 0 0 
-13.55 -1021.00 85.88 0 0 
-13.73 -1020.81 85.94 0 0 
-13.43 -1020.63 85.51 0 0 
-13.67 -1020.69 85.69 0 0 
-13.92 -1021.42 85.94 0 0 
-13.06 -1021.42 85.33 0 0 
-13.24 -1020.94 86.06 0 0 
-13.79 -1020.69 85.75 0 0 
-13.61 -1020.63 85.94 0 0 
-13.37 -1020.81 86.06 0 0 
-13.00 -1020.57 85.94 0 0 
-13.85 -1020.87 85.63 0 0 
-13.67 -1020.94 85.57 0 0 
-13.18 -1020.69 86.06 0 0 
-13.31 -1020.51 86.06 0 0 
-13.55 -1021.06 86.06 0 0 
-13.67 -1020.94 86.00 0 0 
-13.49 -1021.00 85.51 0 0 
-13.31 -1020.69 85.69 0 0 
-13.06 -1020.94 85.88 0 0 
-13.49 -1020.81 86.06 0 0 
-13.31 -1020.87 85.63 0 0 
-13.98 -1020.75 85.75 0 0 
-13.37 -1021.00 86.06 0 0 
-13.49 -1020.87 85.82 0 0 
-13.73 -1020.81 85.88 0 0 
-13.31 -1021.12 86.24 0 0 
-13.00 -1021.00 86.18 0 0 
-13.18 -1021.18 85.82 0 0 
-13.43 -1020.87 86.18 0 0 
-13.00 -1020.63 85.82 0 0 
-13.61 -1020.94 85.63 0 0 
-13.43 -1020.75 85.69 0 0 
-13.06 -1021.12 86.24 0 0 
-13.24 -1020.87 85.88 0 0 
-13.06 -1020.75 86.12 0 0 
-13.49 -1020.94 85.69 0 0 
-13.61 -1021.06 85.75 0 0 
-13.79 -1020.81 85.82 0 0 
-12.88 -1021.18 85.69 0 0 
-13.79 -1021.06 85.82 0 0 
-13.67 -1020.32 85.88 0 0 
-13.79 -1021.06 85.88 0 0 
-13.79 -1020.94 86.00 0 0 
-13.31 -1020.94 86.43 0 0 
-13.43 -1020.87 86.43 0 0 
-13.24 -1020.69 86.61 0 0 
-13.37 -1020.63 85.63 0 0 
-13.43 -1021.12 85.51 0 0 
-13.49 -1020.81 85.75 0 0 
-13.67 -1020.57 85.82 0 0 
-13.12 -1020.45 85.63 0 0 
-13.24 -1021.30 85.69 0 0 
-13.49 -1020.75 85.39 0 0 
-13.55 -1020.81 86.30 0 0 
-13.24 -1021.12 86.06 0 0 
-13.12 -1020.63 85.82 0 0 
-13.49 -1020.69 85.94 0 0 
-14.10 -1021.00 86.06 0 0 
-13.12 -1021.00 86.18 0 0 
-12.94 -1021.00 85.88 0 0 
-13.61 -1021.18 86.06 0 0 
-13.85 -1021.18 85.82 0 0 
-13.43 -1020.75 86.06 0 0 
-13.12 -1020.57 85.94 0 0 
-13.12 -1020.75 85.75 0 0 
-13.31 -1020.69 86.00 0 0 
-13.98 -1021.12 85.57 0 0 
-14.22 -1021.18 86.24 0 0 
-13.43 -1021.06 85.82 0 0 
-13.43 -1020.63 85.82 0 0 
-13.43 -1020.26 85.69 0 0 
-13.24 -1020.20 85.82 0 0 
-13.98 -1020.87 85.82 0 0 
-13.37 -1020.51 85.63 0 0 
-13.61 -1021.12 85.57 0 0 
-13.61 -1021.24 85.69 0 0 
-13.37 -1020.45 85.94 0 0 
-13.73 -1019.96 85.57 0 0 
-13.85 -1020.87 85.27 0 0 
-13.49 -1020.51 85.94 0 0 
-13.49 -1020.69 85.57 0 0 
-13.12 -1020.45 85.69 0 0 
-13.12 -1021.42 85.69 0 0 
-13.24 -1020.20 85.75 0 0 
-12.88 -1020.20 85.82 0 0 
-13.24 -1020.75 85.88 0 0 
-13.79 -1020.26 86.12 0 0 
-13.85 -1020.39 85.88 0 0 
-13.12 -1020.87 85.82 0 0 
-13.31 -1020.75 85.94 0 0 
-13.06 -1020.32 85.88 0 0 
-13.24 -1019.96 85.82 0 0 
-12.82 -1020.69 85.82 0 0 
-13.49 -1020.02 85.75 0 0 
-13.31 -1020.69 85.51 0 0 
-13.31 -1020.26 85.75 0 0 
-13.31 -1020.81 85.88 0 0 
-13.12 -1020.87 86.12 0 0 
-13.12 -1020.75 85.63 0 0 
-13.24 -1020.63 86.00 0 0 
-13.37 -1020.87 85.88 0 0 
-13.18 -1020.51 85.94 0 0 
-13.43 -1021.30 85.82 0 0 
-13.24 -1021.30 86.18 0 0 
-13.37 -1020.51 86.06 0 0 
-13.49 -1020.81 85.69 0 0 
-13.61 -1020.08 86.30 0 0 
-13.06 -1020.94 85.57 0 0 
-13.55 -1021.06 85.57 0 0 
-13.37 -1020.75 85.75 0 0 
-13.85 -1021.12 85.75 0 0 
-13.85 -1020.75 85.75 0 0 
-13.55 -1020.69 85.75 0 0 
-14.16 -1021.18 86.00 0 0 
-13.18 -1020.87 85.69 0 0 
-13.61 -1020.14 86.06 0 0 
-12.76 -1020.45 86.12 0 0 
-13.49 -1020.81 85.94 0 0 
-13.49 -1020.69 86.00 0 0 
-12.94 -1020.94 85.51 0 0 
-13.18 -1021.30 85.57 0 0 
-13.37 -1021.00 85.27 0 0 
-13.43 -1020.51 85.94 0 0 
-13.31 -1020.32 86.30 0 0 
-13.49 -1021.06 86.12 0 0 
-13.49 -1020.08 85.94 0 0 
-13.49 -1020.69 85.63 0 0 
-13.06 -1020.81 86.00 0 0 
-13.55 -1020.63 85.75 0 0 
-12.88 -1021.06 86.12 0 0 
-13.49 -1021.42 86.00 0 0 
-12.88 -1021.55 85.82 0 0 
-13.43 -1021.42 85.51 0 0 
-13.37 -1021.00 85.69 0 0 
-13.55 -1020.63 85.75 0 0 
-13.24 -1020.57 85.94 0 0 
-13.18 -1020.57 86.12 0 0 
-13.55 -1021.12 86.24 0 0 
-13.92 -1021.30 85.27 0 0 
-13.73 -1020.57 85.88 0 0 
-13.55 -1020.81 85.94 0 0 
-13.61 -1020.51 85.94 0 0 
-13.37 -1020.57 85.75 0 0 
-13.49 -1020.57 85.75 0 0 
-13.55 -1021.18 85.33 0 0 
-13.85 -1020.69 85.94 0 0 
-13.12 -1020.45 85.57 0 0 
-13.67 -1020.39 85.51 0 0 
-13.24 -1020.57 85.75 0 0 
-13.49 -1020.63 85.57 0 0 
-13.61 -1020.81 86.06 0 0 
-13.31 -1020.69 86.18 0 0 
-13.55 -1020.75 86.30 0 0 
-13.61 -1020.45 85.57 0 0 
-13.00 -1020.45 85.94 0 0 
-13.18 -1020.94 85.57 0 0 
-13.24 -1021.12 85.63 0 0 
-13.67 -1020.81 86.12 0 0 
-13.12 -1020.32 86.43 0 0 
-13.55 -1021.12 86.30 0 0 
-13.55 -1020.94 86.18 0 0 
-13.06 -1020.39 85.88 0 0 
-13.31 -1020.94 85.75 0 0 
-13.85 -1020.63 86.30 0 0 
-13.43 -1021.00 86.12 0 0 
-13.61 -1020.69 86.30 0 0 
-13.31 -1020.81 86.36 0 0 
-13.31 -1020.87 86.06 0 0 
-13.43 -1020.39 85.45 0 0 
-13.49 -1020.32 85.88 0 0 
-13.85 -1020.26 86.06 0 0 
-13.73 -1020.75 85.88 0 0 
-13.98 -1020.81 86.06 0 0 
-13.79 -1020.87 85.69 0 0 
-13.18 -1020.45 85.82 0 0 
-13.73 -1020.87 86.43 0 0 
-13.43 -1020.26 86.18 0 0 
-14.16 -1021.24 86.12 0 0 
-13.18 -1021.06 86.00 0 0 
-13.43 -1020.51 85.69 0 0 
-13.00 -1020.45 86.43 0 0 
-13.31 -1020.51 85.82 0 0 
-13.18 -1020.87 86.30 0 0 
-13.12 -1020.57 86.18 0 0 
-13.06 -1020.87 85.63 0 0 
-13.06 -1020.63 86.06 0 0 
-13.24 -1020.75 85.75 0 0 
-13.06 -1020.94 85.82 0 0 
-13.37 -1020.45 86.24 0 0 
-13.24 -1021.30 85.88 0 0 
-12.88 -1020.69 86.00 0 0 
-13.24 -1020.75 85.88 0 0 
-12.94 -1020.51 86.06 0 0 
-13.49 -1020.87 86.12 0 0 
-14.04 -1021.42 85.82 0 0 
-13.55 -1020.94 85.82 0 0 
-13.37 -1021.06 86.30 0 0 
-13.67 -1020.57 85.69 0 0 
-13.67 -1020.81 85.82 0 0 
-13.49 -1020.81 85.75 0 0 
-13.85 -1021.00 86.24 0 0 
-13.67 -1021.06 86.49 0 0 
-13.98 -1020.75 86.43 0 0 
-13.73 -1020.87 86.00 0 0 
-13.49 -1020.57 85.94 0 0 
-13.79 -1021.24 85.63 0 0 
-13.67 -1021.42 86.00 0 0 
-13.73 -1020.94 85.94 0 0 
-13.55 -1020.87 86.00 0 0 
-13.24 -1020.39 86.06 0 0 
-12.82 -1020.75 86.00 0 0 
-13.55 -1020.32 85.69 0 0 
-13.85 -1020.63 86.00 0 0 
-13.67 -1021.18 86.12 0 0 
-13.79 -1020.45 85.75 0 0 
-13.61 -1020.94 85.75 0 0 
-13.31 -1021.24 85.51 0 0 
-13.06 -1021.48 86.12 0 0 
-14.16 -1021.00 86.00 0 0 
-13.92 -1020.32 86.55 0 0 
-13.31 -1020.94 86.24 0 0 
-14.04 -1020.45 86.12 0 0 
-13.43 -1021.24 85.82 0 0 
-13.43 -1020.94 85.82 0 0 
-13.67 -1020.75 86.06 0 0 
-13.31 -1020.69 85.88 0 0 
-13.61 -1020.87 85.88 0 0 
-13.00 -1021.00 85.82 0 0 
-14.10 -1021.00 85.69 0 0 
-13.85 -1020.57 86.18 0 0 
-13.00 -1020.57 86.18 0 0 
-13.24 -1020.94 86.06 0 0 
-13.73 -1020.81 86.00 0 0 
-14.22 -1020.26 85.75 0 0 
-13.98 -1020.81 86.36 0 0 
-14.10 -1020.69 86.00 0 0 
-13.18 -1020.63 85.94 0 0 
-12.63 -1020.87 86.24 0 0 
-13.06 -1021.06 86.06 0 0 
-13.24 -1020.81 85.75 0 0 
-13.67 -1020.51 86.30 0 0 
-13.73 -1021.30 85.82 0 0 
-13.49 -1021.24 86.00 0 0 
-13.67 -1021.06 86.06 0 0 
-13.92 -1020.45 85.82 0 0 
-13.55 -1020.63 86.12 0 0 
-13.79 -1020.51 86.00 0 0 
-13.49 -1021.24 86.06 0 0 
-13.73 -1020.94 85.88 0 0 
-13.49 -1021.00 86.06 0 0 
-13.31 -1020.94 85.75 0 0 
-13.55 -1020.69 86.06 0 0 
-13.49 -1020.63 86.00 0 0 
-13.37 -1021.12 86.18 0 0 
-13.12 -1020.94 85.94 0 0 
-12.94 -1021.48 86.12 0 0 
-13.61 -1021.00 85.82 0 0 
-13.67 -1021.18 86.36 0 0 
-13.61 -1021.06 85.82 0 0 
-13.49 -1020.81 85.69 0 0 
-13.12 -1020.75 86.00 0 0 
-13.73 -1021.06 86.18 0 0 
-13.61 -1021.00 85.82 0 0 
-13.37 -1021.36 86.06 0 0 
-13.24 -1020.63 86.00 0 0 
-13.73 -1021.24 85.69 0 0 
-13.55 -1020.81 85.94 0 0 
-13.92 -1020.94 85.94 0 0 
-13.55 -1021.24 86.18 0 0 
-13.79 -1021.00 86.06 0 0 
-13.67 -1021.36 85.75 0 0 
-13.67 -1020.57 85.75 0 0 
-13.79 -1021.00 86.12 0 0 
-13.79 -1021.18 85.63 0 0 
-13.24 -1020.39 85.69 0 0 
-13.55 -1020.75 86.18 0 0 
-13.31 -1020.94 86.06 0 0 
-13.31 -1021.30 86.00 0 0 
-13.49 -1021.42 85.94 0 0 
-13.79 -1021.06 85.82 0 0 
-13.79 -1021.00 86.24 0 0 
-13.61 -1020.69 85.94 0 0 
-13.49 -1020.94 85.82 0 0 
-13.37 -1021.42 86.18 0 0 
-13.73 -1020.57 85.94 0 0 
-13.98 -1020.87 85.69 0 0 
-13.55 -1021.06 85.69 0 0 
-14.16 -1020.75 85.63 0 0 
-13.55 -1020.87 85.88 0 0 
-12.94 -1020.94 85.94 0 0 
-13.79 -1020.75 86.00 0 0 
-13.79 -1020.57 86.06 0 0 
-13.85 -1020.87 86.18 0 0 
-13.67 -1021.00 86.24 0 0 
-13.79 -1020.45 86.24 0 0 
-13.73 -1020.39 86.06 0 0 
-13.73 -1020.32 85.82 0 0 
-13.79 -1021.30 85.88 0 0 
-13.31 -1021.42 85.69 0 0 
-13.73 -1021.00 85.21 0 0 
-13.67 -1021.12 85.63 0 0 
-13.43 -1020.51 85.82 0 0 
-13.24 -1020.45 86.24 0 0 
-13.00 -1020.69 86.18 0 0 
-13.79 -1021.00 85.94 0 0 
-13.49 -1021.12 85.39 0 0 
-13.18 -1021.12 85.63 0 0 
-13.37 -1020.51 85.82 0 0 
-13.98 -1020.75 86.18 0 0 
-13.61 -1020.69 86.00 0 0 
-13.37 -1021.12 85.82 0 0 
-13.55 -1021.30 85.94 0 0 
-13.92 -1021.18 85.82 0 0 
-14.16 -1020.87 85.63 0 0 
-13.49 -1020.81 86.06 0 0 
-13.00 -1021.06 86.06 0 0 
-13.37 -1021.12 85.82 0 0 
-13.12 -1020.69 86.00 0 0 
-13.79 -1020.63 86.12 0 0 
-13.67 -1020.32 86.12 0 0 
-13.67 -1020.94 86.30 0 0 
-13.12 -1020.94 86.30 0 0 
-13.12 -1020.75 85.82 0 0 
-13.37 -1021.18 85.75 0 0 
-13.55 -1021.48 85.57 0 0 
-13.43 -1020.81 85.94 0 0 
-13.67 -1021.00 86.18 0 0 
-13.31 -1021.06 85.82 0 0 
-13.79 -1021.24 85.57 0 0 
-13.18 -1021.06 85.82 0 0 
-13.49 -1020.87 86.30 0 0 
-13.06 -1020.39 86.06 0 0 
-13.49 -1020.57 85.63 0 0 
-13.18 -1020.87 85.82 0 0 
-13.73 -1021.06 85.63 0 0 
-13.43 -1021.00 86.55 0 0 
-13.31 -1020.51 85.94 0 0 
-13.31 -1020.39 85.75 0 0 
-13.31 -1020.87 86.12 0 0 
-13.79 -1020.87 86.12 0 0 
-13.37 -1021.12 86.00 0 0 
-13.37 -1020.51 86.06 0 0 
-13.43 -1021.48 86.06 0 0 
-13.92 -1020.51 85.88 0 0 
-13.79 -1021.48 85.75 0 0 
-13.61 -1021.42 86.00 0 0 
-13.92 -1021.06 85.82 0 0 
-13.37 -1020.26 86.00 0 0 
-13.00 -1020.26 86.00 0 0 
-13.24 -1019.65 86.00 0 0 
-13.79 -1020.63 85.88 0 0 
-13.67 -1021.06 85.88 0 0 
-13.31 -1020.81 86.91 0 0 
-13.12 -1020.45 86.24 0 0 
-13.79 -1020.32 86.06 0 0 
-13.24 -1020.69 85.69 0 0 
-14.10 -1020.57 85.75 0 0 
-13.92 -1019.96 85.69 0 0 
-13.43 -1020.14 86.24 0 0 
-13.31 -1020.69 86.24 0 0 
-13.98 -1020.39 85.75 0 0 
-13.73 -1020.32 86.06 0 0 
-13.43 -1020.51 86.00 0 0 
-13.31 -1021.18 86.30 0 0 
-13.79 -1021.00 86.24 0 0 
-12.88 -1021.12 86.12 0 0 
-13.79 -1020.26 85.51 0 0 
-13.85 -1020.75 85.63 0 0 
-13.18 -1020.45 85.88 0 0 
-13.79 -1020.51 85.69 0 0 
-13.73 -1020.69 85.45 0 0 
-13.55 -1021.06 86.06 0 0 
-13.12 -1021.24 85.51 0 0 
-13.61 -1020.81 86.36 0 0 
-13.24 -1020.94 85.94 0 0 
-13.79 -1021.00 85.88 0 0 
-13.43 -1021.30 85.94 0 0 
-13.61 -1021.12 86.18 0 0 
-13.55 -1020.51 85.45 0 0 
-13.61 -1020.81 86.12 0 0 
-13.49 -1021.06 86.06 0 0 
-13.67 -1020.63 85.94 0 0 
-13.98 -1020.94 86.06 0 0 
-13.61 -1021.30 85.82 0 0 
-13.85 -1021.12 86.24 0 0 
-13.55 -1021.06 86.43 0 0 
-13.31 -1020.94 85.75 0 0 
-14.04 -1021.36 86.12 0 0 
-13.55 -1021.61 85.69 0 0 
-13.43 -1020.69 85.82 0 0 
-13.49 -1020.45 86.43 0 0 
-13.98 -1020.45 86.36 0 0 
-13.98 -1021.00 85.88 0 0 
-13.61 -1020.57 86.06 0 0 
-14.22 -1020.87 85.88 0 0 
-13.55 -1020.57 85.69 0 0 
-13.55 -1020.32 85.57 0 0 
-13.43 -1020.69 86.30 0 0 
-13.49 -1021.36 85.75 0 0 
-13.31 -1020.75 86.18 0 0 
-13.43 -1021.12 85.94 0 0 
-13.85 -1021.12 85.88 0 0 
-13.85 -1020.57 86.12 0 0 
-13.43 -1020.57 85.94 0 0 
-13.12 -1020.94 86.06 0 0 
-13.73 -1020.75 86.24 0 0 
-13.73 -1021.18 86.00 0 0 
-13.06 -1021.06 86.18 0 0 
-13.85 -1021.42 85.69 0 0 
-14.10 -1020.94 86.30 0 0 
-13.49 -1020.57 86.18 0 0 
-13.49 -1020.69 86.24 0 0 
-13.98 -1020.69 86.00 0 0 
-13.37 -1020.63 86.43 0 0 
-13.55 -1020.81 85.94 0 0 
-13.67 -1021.12 85.63 0 0 
-13.24 -1021.24 86.18 0 0 
-13.43 -1021.06 86.06 0 0 
-13.67 -1020.87 86.24 0 0 
-13.73 -1020.14 86.18 0 0 
-13.55 -1020.87 86.06 0 0 
-14.28 -1020.57 85.94 0 0 
-13.55 -1020.63 85.82 0 0 
-13.92 -1019.96 85.75 0 0 
-14.04 -1021.42 86.18 0 0 
-13.61 -1021.06 85.57 0 0 
-13.85 -1020.51 86.24 0 0 
-13.37 -1021.00 86.12 0 0 
-13.37 -1020.94 86.18 0 0 
-13.73 -1021.00 86.00 0 0 
-13.24 -1021.00 86.24 0 0 
-13.67 -1020.94 86.00 0 0 
-13.43 -1020.81 86.12 0 0 
-13.37 -1020.75 85.88 0 0 
-13.92 -1020.75 86.12 0 0 
-14.10 -1019.96 86.30 0 0 
-13.85 -1020.87 86.00 0 0 
-13.24 -1020.63 86.24 0 0 
-13.43 -1020.81 86.55 0 0 
-13.24 -1021.00 86.06 0 0 
-13.73 -1021.24 86.49 0 0 
-13.00 -1021.12 85.94 0 0 
-13.49 -1020.94 85.88 0 0 
-13.37 -1021.24 86.06 0 0 
-14.47 -1021.42 85.75 0 0 
-13.98 -1020.94 86.30 0 0 
-13.37 -1020.57 86.30 0 0 
-13.43 -1020.81 86.24 0 0 
-13.49 -1020.51 85.69 0 0 
-13.61 -1020.75 85.88 0 0 
-13.73 -1020.69 86.00 0 0 
-13.79 -1020.75 85.88 0 0 
-13.49 -1020.69 86.06 0 0 
-13.98 -1020.87 86.30 0 0 
-13.61 -1020.63 86.18 0 0 
-13.92 -1020.45 86.24 0 0 
-13.24 -1021.36 86.30 0 0 
-13.43 -1020.63 86.12 0 0 
-14.04 -1020.69 85.88 0 0 
-13.67 -1020.39 86.06 0 0 
-13.55 -1020.45 86.00 0 0 
-13.00 -1020.75 86.12 0 0 
-13.49 -1020.39 86.30 0 0 
-13.06 -1020.69 86.06 0 0 
-13.31 -1020.57 85.94 0 0 
-13.49 -1020.75 86.00 0 0 
-13.43 -1021.00 85.94 0 0 
-13.98 -1020.94 85.88 0 0 
-13.37 -1020.51 85.94 0 0 
-13.12 -1020.51 86.12 0 0 
-13.85 -1020.75 86.06 0 0 
-13.67 -1020.63 86.36 0 0 
-13.61 -1020.94 86.24 0 0 
-13.31 -1020.63 86.12 0 0 
-13.55 -1020.69 86.30 0 0 
-13.49 -1020.94 85.94 0 0 
-14.04 -1020.81 85.88 0 0 
-13.92 -1019.78 86.24 0 0 
-13.37 -1020.75 86.00 0 0 
-13.49 -1020.69 85.75 0 0 
-13.49 -1020.87 85.88 0 0 
-13.61 -1020.32 86.06 0 0 
-13.92 -1020.08 86.24 0 0 
-13.37 -1020.75 86.06 0 0 
-13.79 -1020.94 85.88 0 0 
-13.73 -1020.57 85.75 0 0 
-13.61 -1020.57 85.69 0 0 
-14.04 -1021.06 86.18 0 0 
-13.79 -1020.75 85.88 0 0 
-13.67 -1020.69 86.06 0 0 
-13.37 -1021.00 86.30 0 0 
-14.16 -1020.57 85.88 0 0 
-13.92 -1020.81 86.06 0 0 
-14.10 -1021.06 86.30 0 0 
-13.79 -1021.36 86.18 0 0 
-13.67 -1021.00 86.12 0 0 
-13.43 -1020.39 85.82 0 0 
-14.10 -1021.00 86.06 0 0 
-13.67 -1021.24 85.82 0 0 
-13.43 -1021.42 86.06 0 0 
-13.43 -1021.18 86.12 0 0 
-13.98 -1020.75 86.00 0 0 
-13.31 -1020.26 85.88 0 0 
-13.31 -1021.00 85.75 0 0 
-13.18 -1020.94 85.75 0 0 
-13.92 -1020.87 86.24 0 0 
-13.73 -1021.12 85.88 0 0 
-13.67 -1020.39 86.18 0 0 
-13.85 -1020.69 86.43 0 0 
-13.18 -1020.75 86.18 0 0 
-13.43 -1020.81 85.75 0 0 
-13.06 -1019.96 86.24 0 0 
-14.10 -1020.81 86.12 0 0 
-13.24 -1020.75 85.94 0 0 
-13.79 -1020.20 86.12 0 0 
-13.43 -1020.26 85.75 0 0 
-13.43 -1020.51 86.00 0 0 
-13.37 -1021.06 86.06 0 0 
-13.43 -1020.75 86.12 0 0 
-13.85 -1020.69 85.88 0 0 
-13.85 -1020.75 86.06 0 0 
-13.67 -1020.69 86.06 0 0 
-13.61 -1020.39 85.82 0 0 
-13.49 -1021.18 85.88 0 0 
-13.98 -1020.63 85.94 0 0 
-13.43 -1021.00 86.12 0 0 
-13.98 -1020.39 86.06 0 0 
-13.61 -1021.00 86.18 0 0 
-13.85 -1020.02 85.82 0 0 
-13.73 -1020.51 85.57 0 0 
-13.73 -1021.48 85.88 0 0 
-13.18 -1021.06 86.12 0 0 
-13.85 -1021.48 86.00 0 0 
-13.79 -1021.00 85.63 0 0 
-12.82 -1020.57 86.36 0 0 
-13.31 -1020.94 86.00 0 0 
-13.49 -1020.69 86.06 0 0 
-13.49 -1021.00 86.30 0 0 
-13.49 -1021.06 86.43 0 0 
-13.24 -1020.45 86.00 0 0 
-13.55 -1021.24 86.30 0 0 
-13.55 -1021.12 86.00 0 0 
-13.37 -1020.94 85.94 0 0 
-13.61 -1020.20 85.82 0 0 
-13.79 -1021.18 86.18 0 0 
-13.92 -1021.30 85.94 0 0 
-13.49 -1020.94 85.75 0 0 
-13.06 -1020.45 85.45 0 0 
-13.79 -1021.18 85.94 0 0 
-13.49 -1020.51 86.43 0 0 
-13.49 -1020.45 85.88 0 0 
-13.67 -1020.45 86.12 0 0 
-13.67 -1021.12 85.94 0 0 
-13.43 -1020.87 86.12 0 0 
-13.79 -1020.87 86.49 0 0 
-13.67 -1020.87 86.06 0 0 
-12.88 -1020.57 86.24 0 0 
-13.67 -1020.87 85.75 0 0 
-13.61 -1020.81 85.82 0 0 
-13.79 -1021.06 85.82 0 0 
-13.43 -1021.12 86.06 0 0 
-13.85 -1020.87 85.88 0 0 
-13.79 -1020.69 85.88 0 0 
-13.24 -1020.81 85.57 0 0 
-13.92 -1021.24 86.24 0 0 
-13.43 -1021.30 86.24 0 0 
-13.73 -1020.57 85.82 0 0 
-13.79 -1020.32 85.75 0 0 
-13.73 -1020.51 86.49 0 0 
-13.61 -1020.69 85.94 0 0 
-13.79 -1021.18 86.06 0 0 
-13.79 -1020.69 85.82 0 0 
-13.06 -1020.39 85.57 0 0 
-13.31 -1020.57 86.24 0 0 
-13.67 -1020.87 86.00 0 0 
-13.98 -1021.00 85.94 0 0 
-13.67 -1020.45 85.69 0 0 
-13.31 -1021.24 85.82 0 0 
-13.61 -1020.94 86.49 0 0 
-13.67 -1020.45 86.12 0 0 
-13.73 -1020.81 86.30 0 0 
-13.92 -1020.69 85.94 0 0 
-13.85 -1020.69 85.82 0 0 
-14.04 -1020.57 85.94 0 0 
-13.61 -1021.00 86.12 0 0 
-13.24 -1020.81 85.69 0 0 
-13.73 -1020.81 85.88 0 0 
-14.22 -1020.87 86.06 0 0 
-13.73 -1020.57 86.18 0 0 
-13.61 -1020.94 86.00 0 0 
-13.79 -1020.63 86.18 0 0 
-13.55 -1020.57 85.88 0 0 
-13.61 -1020.75 86.12 0 0 
-13.79 -1020.69 86.00 0 0 
-13.85 -1020.51 86.12 0 0 
-13.61 -1020.39 86.00 0 0 
-13.55 -1020.32 86.00 0 0 
-14.22 -1020.94 85.63 0 0 
-13.85 -1020.63 85.82 0 0 
-13.18 -1021.00 86.06 0 0 
-13.12 -1020.63 86.18 0 0 
-13.49 -1021.18 85.94 0 0 
-13.85 -1021.18 85.94 0 0 
-13.31 -1020.51 85.88 0 0 
-13.67 -1020.26 85.82 0 0 
-13.31 -1020.63 85.94 0 0 
-13.85 -1020.45 85.82 0 0 
-13.61 -1020.63 85.69 0 0 
-13.98 -1020.57 85.82 0 0 
-13.85 -1020.81 86.06 0 0 
-13.06 -1020.32 86.12 0 0 
-13.43 -1020.81 86.00 0 0 
-13.00 -1021.24 85.63 0 0 
-13.61 -1020.94 85.88 0 0 
-13.79 -1021.18 85.94 0 0 
-13.61 -1020.94 86.24 0 0 
-13.73 -1020.57 85.82 0 0 
-13.67 -1020.94 86.18 0 0 
-13.92 -1020.51 85.75 0 0 
-13.49 -1020.69 86.18 0 0 
-13.24 -1020.63 85.94 0 0 
-13.06 -1020.94 85.94 0 0 
-13.00 -1020.75 85.63 0 0 
-13.98 -1020.51 85.88 0 0 
-13.79 -1021.06 85.94 0 0 
-14.04 -1021.00 86.00 0 0 
-13.24 -1021.00 86.24 0 0 
-13.67 -1021.00 86.18 0 0 
-13.31 -1020.51 85.39 0 0 
-13.55 -1021.00 85.82 0 0 
-13.92 -1021.24 85.57 0 0 
-13.85 -1020.57 85.94 0 0 
-13.55 -1020.81 86.06 0 0 
-14.34 -1020.75 86.49 0 0 
-13.67 -1021.24 86.36 0 0 
-13.67 -1020.69 86.00 0 0 
-13.55 -1021.18 86.18 0 0 
-12.94 -1020.94 86.18 0 0 
-13.67 -1021.18 85.82 0 0 
-13.55 -1020.94 86.12 0 0 
-13.43 -1020.69 85.94 0 0 
-13.92 -1020.94 86.00 0 0 
-13.67 -1021.18 85.94 0 0 
-13.85 -1020.94 85.75 0 0 
-13.61 -1020.75 85.94 0 0 
-13.79 -1020.81 86.18 0 0 
-13.61 -1020.51 86.12 0 0 
-13.37 -1020.63 86.18 0 0 
-13.43 -1021.12 85.88 0 0 
-13.55 -1021.30 86.12 0 0 
-13.92 -1020.69 86.00 0 0 
-13.49 -1020.81 85.94 0 0 
