-13.24 -653.93 82.34 1 1 
-13.00 -639.28 82.40 1 1 
-13.00 -624.69 78.55 1 1 
-12.70 -630.86 75.01 1 1 
-12.63 -651.43 81.30 1 1 
-13.00 -645.39 83.13 1 1 
-12.94 -628.85 80.81 1 1 
-13.24 -631.29 75.56 1 1 
-12.45 -640.87 79.04 1 1 
-13.06 -643.37 83.44 1 1 
-12.33 -638.00 81.97 1 1 
-12.63 -637.76 75.13 1 1 
-12.27 -640.62 78.37 1 1 
-13.12 -641.48 83.62 1 1 
-12.88 -617.80 81.91 1 1 
-12.82 -612.12 78.98 1 1 
-12.57 -615.11 75.50 1 1 
-12.94 -614.56 78.55 1 1 
-12.76 -622.56 81.85 1 1 
-12.82 -617.68 82.58 1 1 
-12.45 -610.47 81.24 1 1 
-13.00 -608.58 78.31 1 1 
-12.39 -609.92 76.97 1 1 
-12.21 -616.76 78.37 1 1 
-12.57 -639.28 82.09 1 1 
-12.70 -627.75 82.89 1 1 
-12.94 -625.37 80.63 1 1 
-12.33 -623.90 75.68 1 1 
-12.82 -630.00 78.00 1 1 
-12.51 -636.72 83.01 1 1 
-13.06 -627.62 82.52 1 1 
-12.63 -614.07 80.44 1 1 
-13.24 -609.44 77.64 1 1 
-12.82 -617.43 76.17 1 1 
-12.63 -634.28 80.26 1 1 
-12.51 -637.33 82.95 1 1 
-12.08 -626.22 82.15 1 1 
-12.82 -620.30 78.25 1 1 
-12.33 -627.26 74.95 1 1 
-12.82 -641.11 80.87 1 1 
-13.37 -640.26 84.05 1 1 
-13.00 -633.61 80.81 1 1 
-12.21 -632.14 75.13 1 1 
-12.51 -655.88 79.35 1 1 
-13.43 -651.18 83.25 1 1 
-13.18 -629.21 80.81 1 1 
-12.94 -628.42 76.11 1 1 
-12.02 -656.37 77.58 1 1 
-12.82 -661.62 83.74 1 1 
-13.18 -647.40 81.48 1 1 
-13.06 -633.79 76.17 1 1 
-12.21 -654.05 78.86 1 1 
-13.37 -656.01 84.17 1 1 
-12.94 -647.77 81.42 1 1 
-12.94 -651.25 74.71 1 1 
-12.63 -677.43 81.05 1 1 
-12.88 -662.90 83.86 1 1 
-12.94 -647.03 78.00 1 1 
-12.45 -659.24 76.42 1 1 
-13.31 -672.73 83.56 1 1 
-13.06 -658.20 82.21 1 1 
-12.70 -651.61 75.93 1 1 
-12.39 -677.37 79.16 1 1 
-13.18 -663.94 83.92 1 1 
-12.88 -643.98 80.75 1 1 
-12.33 -652.77 75.01 1 1 
-13.24 -676.57 81.24 1 1 
-13.18 -658.75 83.92 1 1 
-13.37 -639.59 79.71 1 1 
-12.63 -643.62 75.68 1 1 
-12.45 -662.96 81.48 1 1 
-13.24 -658.69 84.47 1 1 
-12.82 -649.72 79.83 1 1 
-12.27 -656.74 75.01 1 1 
-12.51 -681.88 83.01 1 1 
-13.06 -680.79 83.92 1 1 
-13.00 -663.64 76.97 1 1 
-11.96 -685.00 78.80 1 1 
-13.06 -686.95 84.53 1 1 
-13.18 -671.26 80.14 1 1 
-12.33 -682.74 75.87 1 1 
-13.24 -707.28 85.21 1 1 
-13.67 -683.72 82.09 1 1 
-13.06 -673.34 75.74 1 1 
-12.45 -698.43 82.28 1 1 
-13.55 -686.40 84.29 1 1 
-13.73 -679.26 77.45 1 1 
-12.15 -702.70 79.59 1 1 
-13.24 -695.01 85.33 1 1 
-13.67 -670.23 80.26 1 1 
-12.15 -672.79 76.29 1 1 
-12.63 -710.51 85.45 1 1 
-13.61 -710.08 82.52 1 1 
-11.66 -722.17 75.87 1 1 
-12.39 -733.76 84.59 1 1 
-13.85 -713.87 83.37 1 1 
-13.06 -708.56 75.87 1 1 
-11.90 -738.16 83.25 1 1 
-13.55 -718.32 84.23 1 1 
-13.43 -703.49 77.03 1 1 
-12.33 -735.84 82.28 1 1 
-13.18 -728.15 85.57 1 1 
-13.24 -704.53 77.58 1 1 
-12.02 -721.19 79.77 1 1 
-13.31 -736.51 85.75 1 1 
-13.06 -698.73 79.04 1 1 
-12.21 -703.25 77.94 1 1 
-13.24 -732.97 86.43 1 1 
-13.55 -704.04 80.26 1 1 
-11.54 -687.01 76.72 1 1 
-12.88 -688.35 84.96 1 1 
-13.37 -658.45 83.92 1 1 
-11.47 -645.81 76.78 1 1 
-12.45 -678.16 82.15 1 1 
-12.94 -680.18 85.51 1 1 
-12.27 -641.11 80.69 1 1 
-12.70 -640.08 76.35 1 1 
-12.70 -669.86 84.29 1 1 
-13.12 -653.20 84.66 1 1 
-13.18 -643.19 78.12 1 1 
-11.60 -677.31 79.10 1 1 
-13.06 -675.35 85.94 1 1 
-13.18 -644.04 81.36 1 1 
-12.94 -637.15 76.23 1 1 
-13.31 -644.29 81.30 1 1 
-13.24 -620.61 84.23 1 1 
-12.63 -607.30 83.50 1 1 
-13.00 -594.54 81.42 1 1 
-13.31 -590.45 80.08 1 1 
-12.76 -595.28 78.61 1 1 
-12.63 -596.56 79.04 1 1 
-13.00 -598.08 80.63 1 1 
-13.00 -599.85 81.24 1 1 
-12.82 -590.27 81.73 1 1 
-12.76 -585.94 81.42 1 1 
-13.12 -588.75 81.73 1 1 
-12.94 -586.85 82.21 1 1 
-12.88 -583.07 81.18 1 1 
-13.12 -579.77 80.93 1 1 
-12.70 -580.69 80.87 1 1 
-12.82 -577.94 80.38 1 1 
-12.63 -575.32 79.83 1 1 
-12.63 -578.80 80.14 1 1 
-12.82 -579.28 80.26 1 1 
-13.06 -581.30 80.87 1 1 
-13.37 -581.36 80.57 1 1 
-13.37 -579.71 80.69 1 1 
-12.88 -577.94 80.38 1 1 
-12.21 -574.46 80.08 1 1 
-12.76 -574.77 80.20 1 1 
-13.12 -576.11 80.75 1 1 
-13.49 -577.21 80.99 1 1 
-13.06 -575.68 80.87 1 1 
-12.45 -574.77 81.05 1 1 
-13.06 -576.23 81.54 1 1 
-12.88 -575.74 82.15 1 1 
-12.51 -579.35 82.03 1 1 
-13.24 -580.02 81.24 1 1 
-12.57 -579.71 80.81 1 1 
-13.49 -577.45 80.57 1 1 
-12.88 -577.51 79.90 1 1 
-13.12 -576.97 80.02 1 1 
-12.94 -576.05 79.65 1 1 
-13.24 -572.39 79.53 1 1 
-12.63 -569.89 79.10 1 1 
-12.70 -567.57 79.96 1 1 
-12.88 -569.27 80.38 1 1 
-12.70 -569.76 81.91 1 1 
-13.00 -572.51 83.44 1 1 
-12.82 -576.97 82.76 1 1 
-13.31 -575.20 80.38 1 1 
-12.94 -571.11 78.80 1 1 
-12.33 -566.59 78.31 1 1 
-12.63 -559.94 78.98 1 1 
-12.33 -562.74 82.34 1 1 
-13.12 -569.82 84.29 1 1 
-13.18 -576.29 82.21 1 1 
-13.37 -571.72 79.28 1 1 
-12.82 -563.05 77.64 1 1 
-13.12 -556.95 78.80 1 1 
-13.06 -561.77 82.70 1 1 
-13.12 -571.72 84.23 1 1 
-13.43 -573.67 81.12 1 1 
-12.76 -570.01 78.12 1 1 
-12.88 -557.43 76.42 1 1 
-12.76 -555.18 79.96 1 1 
-13.00 -564.45 84.35 1 1 
-13.55 -574.28 83.31 1 1 
-13.00 -569.89 79.10 1 1 
-13.24 -559.02 76.66 1 1 
-12.63 -551.03 80.02 1 1 
-13.06 -565.49 85.51 1 1 
-13.31 -573.43 81.60 1 1 
-12.88 -564.27 76.97 1 1 
-12.45 -552.86 77.70 1 1 
-12.39 -558.23 83.19 1 1 
-12.94 -572.14 84.72 1 1 
-13.43 -568.24 78.67 1 1 
-13.12 -554.26 77.15 1 1 
-12.45 -554.44 83.62 1 1 
-13.24 -574.28 83.07 1 1 
-12.94 -553.16 75.13 1 1 
-12.27 -557.98 85.75 1 1 
-13.73 -573.18 80.14 1 1 
-11.78 -549.56 75.93 1 1 
-12.88 -559.88 86.61 1 1 
-13.18 -569.40 78.67 1 1 
-12.63 -545.35 77.03 1 1 
-12.76 -565.31 87.16 1 1 
-13.37 -566.59 77.88 1 1 
-12.39 -545.35 77.33 1 1 
-13.00 -565.25 86.36 1 1 
-13.73 -567.44 77.88 1 1 
-11.96 -545.53 77.51 1 1 
-12.57 -566.96 87.10 1 1 
-13.61 -564.94 76.97 1 1 
-12.21 -544.31 77.94 1 1 
-12.94 -564.33 86.43 1 1 
-13.43 -565.55 77.94 1 1 
-12.82 -546.14 76.35 1 1 
-12.57 -556.58 86.18 1 1 
-13.61 -568.05 80.75 1 1 
-12.82 -547.00 75.62 1 1 
-13.12 -551.21 84.84 1 1 
-13.61 -568.30 82.89 1 1 
-13.06 -554.81 75.68 1 1 
-12.70 -545.17 80.87 1 1 
-13.31 -567.14 86.30 1 1 
-13.67 -560.36 76.48 1 1 
-12.33 -542.42 79.04 1 1 
-13.12 -564.64 86.98 1 1 
-13.67 -560.12 76.72 1 1 
-11.90 -541.32 78.86 1 1 
-13.37 -563.17 86.73 1 1 
-13.67 -558.78 76.48 1 1 
-12.45 -540.10 79.53 1 1 
-13.31 -562.68 86.61 1 1 
-13.61 -557.25 75.68 1 1 
-12.33 -538.76 80.02 1 1 
-13.12 -563.11 86.61 1 1 
-13.79 -556.15 76.84 1 1 
-12.27 -539.86 78.86 1 1 
-12.63 -559.69 86.30 1 1 
-13.06 -562.01 79.53 1 1 
-12.82 -543.40 76.23 1 1 
-12.82 -548.10 84.72 1 1 
-13.12 -565.80 82.52 1 1 
-12.82 -551.70 76.23 1 1 
-12.39 -544.86 79.16 1 1 
-13.49 -558.72 83.80 1 1 
-12.76 -565.31 83.13 1 1 
-13.37 -569.21 81.67 1 1 
-12.33 -567.81 81.05 1 1 
-13.00 -566.47 80.75 1 1 
-13.49 -564.39 79.96 1 1 
-12.94 -568.48 80.44 1 1 
-12.70 -566.22 80.26 1 1 
-12.82 -561.28 79.47 1 1 
-13.24 -562.07 79.96 1 1 
-12.57 -559.20 80.51 1 1 
-13.12 -561.83 81.42 1 1 
-12.94 -562.07 83.37 1 1 
-13.12 -566.35 83.68 1 1 
-13.06 -568.97 81.67 1 1 
-13.06 -568.79 81.30 1 1 
-13.00 -570.50 80.99 1 1 
-13.24 -570.07 81.42 1 1 
-12.88 -568.91 81.24 1 1 
-12.51 -570.25 81.36 1 1 
-13.00 -569.40 81.12 1 1 
-12.88 -568.85 80.87 1 1 
-12.39 -568.05 81.42 1 1 
-13.43 -569.70 81.12 1 1 
-13.06 -570.98 81.24 1 1 
-13.12 -573.36 81.79 1 1 
-13.18 -575.38 80.08 1 1 
-12.88 -577.27 79.41 1 1 
-12.76 -580.44 78.55 0 1 
-12.57 -585.63 79.77 0 1 
-13.79 -597.60 81.85 0 1 
-13.18 -607.18 84.84 0 1 
-12.88 -602.66 83.98 0 1 
-13.43 -595.40 80.69 0 1 
-12.88 -598.63 77.45 0 1 
-13.37 -613.22 79.90 0 1 
-14.40 -620.73 84.11 0 1 
-13.49 -608.58 84.47 0 1 
-12.57 -599.00 81.85 1 1 
-12.45 -600.59 77.76 1 1 
-13.06 -609.37 78.67 1 1 
-13.00 -612.79 83.44 1 1 
-13.37 -610.66 85.02 1 1 
-12.63 -606.14 83.01 1 1 
-13.18 -604.68 78.67 1 1 
-12.63 -623.66 78.55 1 1 
-13.00 -643.31 85.51 1 1 
-13.55 -632.75 84.59 1 1 
-12.88 -626.10 78.67 1 1 
-12.51 -635.56 78.37 1 1 
-12.94 -636.60 84.66 1 1 
-13.24 -632.39 85.51 1 1 
-13.00 -637.02 78.00 1 1 
-12.39 -643.62 78.80 1 1 
-13.37 -652.71 86.73 1 1 
-13.37 -644.84 82.95 1 1 
-13.12 -629.94 77.33 1 1 
-12.76 -649.84 81.73 1 1 
-13.00 -650.39 86.30 1 1 
-13.61 -637.27 82.09 1 1 
-12.76 -653.63 76.97 1 1 
-13.49 -671.26 85.63 1 1 
-13.61 -658.20 85.39 1 1 
-12.88 -657.04 77.03 1 1 
-12.57 -675.66 82.40 1 1 
-13.67 -666.75 86.73 1 1 
-12.70 -654.97 79.04 1 1 
-12.21 -672.79 79.04 1 1 
-12.82 -677.67 87.59 1 1 
-13.55 -664.79 81.42 1 1 
-12.39 -667.66 77.03 1 1 
-13.00 -666.50 85.69 1 1 
-12.94 -654.54 84.53 1 1 
-13.49 -663.64 76.66 1 1 
-13.12 -701.35 84.47 1 1 
-13.31 -679.20 85.14 1 1 
-13.06 -647.95 77.33 1 1 
-12.76 -654.66 80.57 1 1 
-13.43 -654.91 86.98 1 1 
-13.06 -640.44 81.42 1 1 
-12.33 -647.03 77.15 1 1 
-13.00 -677.67 86.30 1 1 
-13.43 -666.44 83.62 1 1 
-12.63 -675.29 76.11 1 1 
-13.06 -707.03 86.79 1 1 
-14.04 -692.08 82.52 1 1 
-12.15 -686.34 76.84 1 1 
-13.18 -694.76 86.79 1 1 
-14.10 -685.12 82.64 1 1 
-12.27 -684.20 76.60 1 1 
-13.12 -705.51 87.04 1 1 
-13.98 -672.85 82.28 1 1 
-13.06 -672.42 76.60 1 1 
-13.31 -688.96 86.85 1 1 
-13.06 -672.12 83.62 1 1 
-12.45 -670.41 76.35 1 1 
-13.06 -705.02 87.28 1 1 
-13.43 -706.97 83.01 1 1 
-12.76 -679.57 76.48 1 1 
-12.82 -700.74 86.98 1 1 
-13.67 -698.79 83.01 1 1 
-12.33 -690.73 76.97 1 1 
-13.00 -720.03 88.01 1 1 
-13.55 -707.46 81.18 1 1 
-12.27 -727.42 79.22 1 1 
-13.18 -754.64 87.28 1 1 
-13.98 -720.89 78.92 1 1 
-11.60 -759.89 82.70 1 1 
-13.43 -801.88 86.12 1 1 
-13.06 -800.54 77.21 1 1 
-11.84 -833.44 84.72 1 1 
-13.92 -825.68 85.45 1 1 
-13.12 -815.12 76.97 1 1 
-11.54 -871.46 83.80 1 1 
-14.10 -920.41 85.27 1 1 
-14.65 -933.41 79.77 1 1 
-11.78 -919.86 79.35 1 1 
-11.96 -934.45 86.43 1 1 
-13.67 -847.84 84.84 1 1 
-13.12 -791.32 77.09 1 1 
-11.90 -824.89 85.57 1 1 
-13.43 -878.23 85.45 1 1 
-14.22 -902.71 79.22 1 1 
-11.72 -919.13 81.73 1 1 
-11.72 -988.83 87.10 1 1 
-13.92 -962.59 83.68 1 1 
-14.47 -897.03 78.74 1 1 
-11.41 -933.35 81.79 1 1 
-12.21 -1007.26 87.34 1 1 
-14.65 -969.18 84.05 1 1 
-14.77 -943.54 79.77 1 1 
-12.15 -970.21 80.63 1 1 
-11.78 -976.07 86.43 1 1 
-13.85 -958.68 85.21 1 1 
-15.20 -942.63 80.81 1 1 
-12.21 -963.87 79.96 1 1 
-11.17 -1004.70 85.14 1 1 
-12.82 -980.53 86.43 1 1 
-14.34 -963.56 82.09 1 1 
-13.49 -989.56 78.61 1 1 
-10.99 -1015.50 83.80 1 1 
-12.51 -1026.86 87.52 1 1 
-14.47 -1015.32 83.68 1 1 
-14.22 -1011.11 79.90 1 1 
-11.78 -1015.56 81.79 1 1 
-12.39 -1023.32 86.85 1 1 
-13.43 -1014.65 85.39 1 1 
-14.40 -998.17 81.30 1 1 
-12.94 -990.91 79.96 1 1 
-11.35 -985.17 83.80 1 1 
-12.33 -991.70 87.28 1 1 
-14.10 -957.70 84.59 1 1 
-13.79 -894.90 80.63 1 1 
-12.21 -851.07 79.96 1 1 
-12.27 -901.06 88.56 1 1 
-13.55 -968.08 84.53 1 1 
-14.65 -946.53 80.08 1 1 
-12.51 -933.65 80.02 1 1 
-12.51 -953.12 86.61 1 1 
-13.79 -942.57 86.00 1 1 
-14.65 -899.35 81.73 1 1 
-13.06 -881.77 78.86 1 1 
-11.72 -929.26 85.57 1 1 
-13.37 -944.21 87.34 1 1 
-14.22 -971.98 82.46 1 1 
-13.55 -986.76 79.22 1 1 
-11.66 -972.53 83.01 1 1 
-11.96 -1002.69 87.71 1 1 
-13.98 -1010.13 84.53 1 1 
-14.28 -992.61 80.75 1 1 
-12.51 -985.96 80.26 1 1 
-11.66 -1002.99 85.08 1 1 
-12.51 -999.21 86.91 1 1 
-14.47 -991.94 83.07 1 1 
-14.04 -1003.17 79.59 1 1 
-11.72 -1005.74 82.34 1 1 
-12.08 -1019.23 87.04 1 1 
-13.18 -1015.69 85.57 1 1 
-14.59 -978.03 82.46 1 1 
-13.49 -992.31 80.08 1 1 
-11.72 -1015.87 83.01 1 1 
-11.78 -1023.56 87.77 1 1 
-13.98 -1023.07 84.66 1 1 
-13.67 -1012.39 80.81 1 1 
-11.96 -1010.38 80.75 1 1 
-10.99 -1022.40 85.57 1 1 
-13.00 -1026.18 86.79 1 1 
-14.22 -1020.14 82.89 1 1 
-13.49 -1014.10 79.71 1 1 
-11.29 -1019.29 83.25 1 1 
-12.21 -1024.54 87.34 1 1 
-13.98 -1021.12 85.21 1 1 
-14.34 -995.06 81.54 1 1 
-12.45 -1005.92 79.90 1 1 
-11.47 -1021.00 85.27 1 1 
-12.39 -1027.10 87.89 1 1 
-14.83 -1020.94 83.07 1 1 
-13.61 -1008.48 79.71 1 1 
-11.90 -996.09 82.28 1 1 
-11.90 -989.87 86.61 1 1 
-13.24 -994.57 87.04 1 1 
-14.47 -1013.12 82.82 1 1 
-13.73 -1014.16 80.02 1 1 
-11.60 -1020.14 83.86 1 1 
-12.21 -1008.73 86.98 1 1 
-13.67 -1018.01 85.33 1 1 
-13.92 -986.63 81.73 1 1 
-12.63 -912.72 80.14 1 1 
-11.17 -963.44 84.96 1 1 
-12.51 -986.88 87.40 1 1 
-14.10 -1018.55 84.53 1 1 
-14.71 -979.86 81.91 1 1 
-12.70 -988.16 80.26 1 1 
-11.84 -1013.55 84.84 1 1 
-12.70 -991.88 87.46 1 1 
-13.85 -982.36 85.21 1 1 
-14.28 -1009.03 81.54 1 1 
-12.82 -1002.38 80.38 1 1 
-12.39 -987.98 84.59 1 1 
-13.06 -986.76 86.98 1 1 
-13.92 -832.58 85.57 1 1 
-13.12 -668.95 80.38 1 1 
-12.88 -731.20 83.98 1 1 
-13.85 -783.51 87.95 1 1 
-13.92 -841.55 79.28 1 1 
-11.47 -839.90 82.58 1 1 
-13.24 -817.63 88.75 1 1 
-13.12 -769.29 80.69 1 1 
-11.47 -737.24 81.24 1 1 
-13.67 -717.96 89.42 1 1 
-13.79 -686.58 80.44 1 1 
-12.33 -693.79 82.15 1 1 
-14.16 -698.18 89.17 1 1 
-13.31 -679.38 79.41 1 1 
-12.45 -698.30 82.82 1 1 
-13.49 -686.71 88.68 1 1 
-13.00 -672.55 79.35 1 1 
-13.00 -705.75 84.41 1 1 
-13.24 -697.81 87.34 1 1 
-12.33 -656.01 79.28 1 1 
-12.57 -690.92 84.05 1 1 
-13.37 -689.33 88.20 1 1 
-13.00 -656.07 79.53 1 1 
-12.70 -645.87 80.81 1 1 
-13.43 -623.35 87.16 1 1 
-13.31 -612.67 86.61 1 1 
-13.00 -609.56 82.21 1 1 
-12.39 -611.27 78.12 1 1 
-13.85 -617.00 83.86 1 1 
-13.43 -621.64 87.65 1 1 
-13.12 -607.85 85.45 1 1 
-13.24 -594.30 82.15 1 1 
-12.94 -592.96 80.08 1 1 
-13.18 -595.15 81.73 1 1 
-13.79 -600.40 84.53 1 1 
-13.24 -597.84 85.63 1 1 
-13.24 -596.50 86.18 1 1 
-12.63 -589.29 84.47 1 1 
-12.57 -582.21 83.44 1 1 
-13.00 -577.45 82.46 1 1 
-13.55 -578.74 81.97 1 1 
-13.31 -580.87 81.30 1 1 
-13.31 -580.08 81.48 1 1 
-13.12 -580.51 82.34 1 1 
-13.12 -577.21 82.64 1 1 
-12.94 -574.04 83.07 1 1 
-13.18 -575.13 83.01 1 1 
-12.88 -571.66 83.13 1 1 
-13.67 -576.48 83.01 1 1 
-13.12 -576.35 83.01 1 1 
-13.61 -575.68 83.80 1 1 
-13.18 -575.32 83.56 1 1 
-13.37 -571.78 83.07 1 1 
-13.12 -570.50 83.25 1 1 
-13.73 -573.06 83.01 1 1 
-13.37 -570.98 83.13 1 1 
-13.18 -573.43 83.74 1 1 
-13.49 -571.90 83.50 1 1 
-13.31 -571.96 83.50 0 1 
-13.49 -573.73 83.13 0 1 
-13.37 -571.11 83.19 0 1 
-13.12 -569.95 82.70 0 1 
-12.70 -570.43 82.82 0 1 
-13.73 -572.27 83.19 0 1 
-13.49 -566.41 82.40 0 1 
-13.00 -565.43 82.15 0 1 
-12.70 -569.52 82.52 0 1 
-13.55 -568.54 82.52 0 1 
-12.76 -567.63 82.58 0 1 
-13.18 -564.76 82.34 0 1 
-12.70 -566.65 82.15 0 1 
-13.37 -569.27 82.70 0 1 
-13.79 -567.50 82.70 0 1 
-13.00 -564.76 82.21 0 1 
-13.12 -565.06 82.95 0 1 
-12.51 -560.42 82.76 0 1 
-13.98 -562.44 83.62 0 1 
-13.18 -565.67 83.80 0 1 
-13.06 -565.43 84.59 0 1 
-12.94 -571.59 84.17 0 1 
-13.18 -576.97 84.11 0 1 
-13.00 -577.76 83.80 0 1 
-13.73 -576.29 83.13 0 1 
-13.49 -575.56 82.03 0 1 
-13.12 -573.85 81.91 0 1 
-13.61 -570.98 81.54 0 1 
-13.61 -569.64 81.60 0 1 
-13.00 -565.06 80.99 0 1 
-13.31 -563.42 81.54 1 1 
-13.18 -565.06 82.89 1 1 
-13.12 -570.50 83.80 1 1 
-13.61 -572.20 84.53 1 1 
-13.06 -573.12 84.59 1 1 
-13.18 -574.71 83.62 1 1 
-13.24 -574.40 83.44 1 1 
-13.12 -574.34 82.46 1 1 
-13.24 -573.30 81.67 1 1 
-13.06 -572.69 81.24 1 1 
-13.06 -569.82 81.54 1 1 
-13.18 -568.05 81.18 1 1 
-13.24 -567.69 81.73 1 1 
-12.94 -565.55 82.52 1 1 
-12.45 -564.45 82.58 1 1 
-13.06 -567.81 83.68 1 1 
-13.18 -568.79 83.92 1 1 
-13.67 -570.98 84.66 1 1 
-13.24 -572.63 84.23 1 1 
-12.88 -573.18 83.37 1 1 
-13.43 -571.47 82.34 1 1 
-13.55 -569.34 80.81 1 1 
-12.94 -563.17 79.65 1 1 
-13.00 -558.47 81.18 1 1 
-12.88 -563.23 84.29 1 1 
-13.61 -569.21 85.33 1 1 
-12.88 -572.27 85.02 1 1 
-13.49 -571.29 82.40 1 1 
-13.67 -568.48 80.69 1 1 
-13.18 -563.96 80.26 1 1 
-13.24 -559.02 80.69 1 1 
-12.57 -560.42 82.52 1 1 
-13.18 -565.55 85.14 1 1 
-13.24 -569.21 85.45 1 1 
-13.18 -572.20 83.98 1 1 
-13.31 -570.80 82.09 1 1 
-13.49 -567.50 80.57 1 1 
-13.00 -563.23 80.32 1 1 
-12.94 -573.43 82.46 1 1 
-12.88 -576.23 82.89 1 1 
-13.18 -573.55 83.01 1 1 
-13.12 -572.45 82.52 1 1 
-12.70 -576.78 82.76 1 1 
-13.12 -581.30 83.37 1 1 
-13.18 -583.86 84.05 1 1 
-13.67 -580.75 83.13 1 1 
-13.49 -574.46 82.76 1 1 
-13.12 -568.12 81.12 1 1 
-13.85 -568.66 81.48 1 1 
-13.00 -570.37 81.85 1 1 
-12.82 -571.59 81.85 1 1 
-13.00 -570.07 81.97 1 1 
-13.67 -569.03 82.15 1 1 
-12.57 -568.97 81.67 1 1 
-13.37 -571.35 82.34 1 1 
-13.73 -572.20 82.52 1 1 
-13.06 -573.06 82.76 1 1 
-13.37 -576.54 83.68 1 1 
-13.67 -576.72 83.07 1 1 
-13.49 -576.72 83.19 1 1 
-12.82 -575.81 83.01 1 1 
-12.51 -576.17 82.28 1 1 
-13.31 -577.76 81.48 1 1 
-12.76 -584.41 79.41 1 1 
-12.88 -595.28 80.75 1 1 
-13.49 -611.88 85.27 1 1 
-13.18 -613.77 86.06 1 1 
-13.85 -606.69 81.12 1 1 
-12.57 -612.73 77.64 1 1 
-13.49 -636.29 83.98 1 1 
-13.18 -629.03 86.36 1 1 
-13.98 -618.04 80.38 1 1 
-13.18 -637.21 77.45 1 1 
-13.67 -653.81 87.28 1 1 
-13.18 -634.22 84.17 1 1 
-12.94 -626.89 77.39 1 1 
-12.45 -646.42 83.44 1 1 
-13.18 -638.12 86.85 1 1 
-13.49 -625.43 80.51 1 1 
-13.06 -644.41 78.67 1 1 
-13.24 -659.42 87.04 1 1 
-13.67 -640.99 82.21 1 1 
-12.88 -639.34 77.45 1 1 
-13.92 -666.26 86.06 1 1 
-13.85 -651.92 84.53 1 1 
-13.43 -649.54 76.90 1 1 
-13.31 -681.76 85.14 1 1 
-13.55 -666.20 84.90 1 1 
-12.21 -663.15 76.66 1 1 
-12.76 -693.36 86.12 1 1 
-13.24 -677.37 84.35 1 1 
-12.70 -665.47 76.35 1 1 
-13.06 -693.73 86.98 1 1 
-13.79 -698.24 84.29 1 1 
-12.02 -712.83 77.70 1 1 
-14.10 -738.10 87.95 1 1 
-13.37 -716.92 80.08 1 1 
-12.15 -705.14 79.16 1 1 
-13.79 -701.29 88.50 1 1 
-13.61 -691.71 79.28 1 1 
-12.39 -695.74 80.99 1 1 
-13.12 -691.41 87.65 1 1 
-13.55 -671.02 78.67 1 1 
-12.88 -693.42 82.46 1 1 
-13.49 -673.03 87.16 1 1 
-13.43 -627.69 81.05 1 1 
-12.70 -627.44 78.25 1 1 
-13.55 -662.78 87.22 1 1 
-13.18 -658.75 84.78 1 1 
-13.00 -650.88 76.54 1 1 
-13.06 -689.15 87.04 1 1 
-14.10 -657.41 84.72 1 1 
-13.24 -639.77 77.33 1 1 
-13.18 -666.81 83.92 1 1 
-13.37 -661.50 87.59 1 1 
-13.55 -652.47 78.19 1 1 
-12.70 -681.09 83.44 1 1 
-13.55 -672.42 87.46 1 1 
-13.18 -659.18 77.70 1 1 
-12.76 -687.74 84.35 1 1 
-13.61 -672.12 86.61 1 1 
-13.31 -649.72 77.82 1 1 
-12.94 -680.11 84.59 1 1 
-13.85 -673.52 86.61 1 1 
-13.24 -662.96 77.45 1 1 
-13.00 -698.97 85.57 1 1 
-14.22 -685.06 85.39 1 1 
-12.70 -667.18 76.78 1 1 
-12.76 -697.27 86.67 1 1 
-13.37 -667.66 85.02 1 1 
-13.00 -658.51 77.45 1 1 
-13.00 -682.68 86.91 1 1 
-13.85 -660.10 84.96 1 1 
-13.06 -670.10 77.21 1 1 
-13.67 -718.51 88.81 1 1 
-13.79 -712.95 81.54 1 1 
-12.33 -706.91 79.16 1 1 
-13.61 -708.25 88.50 1 1 
-13.92 -713.01 78.92 1 1 
-12.63 -722.17 84.05 1 1 
-13.55 -723.75 86.91 1 1 
-12.94 -715.82 76.97 1 1 
-12.51 -746.64 88.13 1 1 
-13.98 -721.56 82.34 1 1 
-12.02 -758.48 79.71 1 1 
-12.88 -796.02 88.87 1 1 
-14.16 -796.39 78.25 1 1 
-11.96 -811.58 84.17 1 1 
-13.49 -766.78 87.10 1 1 
-13.43 -754.27 76.72 1 1 
-12.45 -773.93 86.98 1 1 
-13.98 -710.57 84.59 1 1 
-12.33 -691.96 77.88 1 1 
-12.94 -688.78 87.46 1 1 
-13.67 -660.83 84.96 1 1 
-12.94 -667.54 77.45 1 1 
-13.12 -712.22 89.11 1 1 
-13.49 -695.25 81.67 1 1 
-13.49 -683.17 79.53 1 1 
-13.43 -692.93 89.17 1 1 
-13.31 -676.27 80.02 1 1 
-12.39 -712.10 83.37 1 1 
-13.43 -723.75 87.59 1 1 
-12.88 -723.14 77.15 1 1 
-12.39 -746.40 87.95 1 1 
-13.92 -741.09 82.28 1 1 
-11.78 -747.99 80.26 1 1 
-12.70 -733.09 89.11 1 1 
-13.61 -712.83 78.67 1 1 
-12.15 -741.52 84.66 1 1 
-13.98 -764.95 86.24 1 1 
-13.12 -746.58 77.03 1 1 
-12.82 -749.57 87.95 1 1 
-13.79 -723.39 83.68 1 1 
-12.45 -732.79 79.59 1 1 
-13.43 -754.15 89.66 1 1 
-13.55 -754.70 79.04 1 1 
-11.29 -797.85 85.82 1 1 
-14.04 -793.27 86.30 1 1 
-13.24 -689.58 77.76 1 1 
-13.06 -725.71 88.32 1 1 
-14.04 -771.79 84.05 1 1 
-12.88 -818.73 79.16 1 1 
-12.94 -822.14 88.68 1 1 
-14.10 -761.29 80.87 1 1 
-12.08 -794.31 82.82 1 1 
-13.18 -827.39 88.13 1 1 
-14.04 -856.69 78.67 1 1 
-12.08 -876.89 84.29 1 1 
-13.55 -896.73 87.89 1 1 
-14.59 -925.48 80.51 1 1 
-11.60 -891.17 81.24 1 1 
-12.88 -903.32 88.75 1 1 
-14.95 -879.70 83.13 1 1 
-12.33 -838.07 79.04 1 1 
-12.33 -833.01 89.84 1 1 
-14.83 -848.51 83.44 1 1 
-12.57 -889.04 79.35 1 1 
-11.72 -965.64 88.44 1 1 
-13.61 -984.80 85.75 1 1 
-14.34 -950.50 80.93 1 1 
-12.27 -914.79 81.05 1 1 
-12.70 -883.42 89.11 1 1 
-14.65 -845.40 84.66 1 1 
-13.43 -867.25 78.92 1 1 
-11.84 -906.37 87.71 1 1 
-13.79 -901.92 86.24 1 1 
-14.59 -898.74 79.90 1 1 
-11.54 -879.03 82.28 1 1 
-13.00 -815.06 90.09 1 1 
-14.59 -796.08 81.24 1 1 
-12.45 -810.91 82.52 1 1 
-12.70 -830.26 89.29 1 1 
-14.10 -849.30 81.05 1 1 
-12.15 -867.49 81.97 1 1 
-12.15 -888.43 89.23 1 1 
-14.22 -841.25 83.01 1 1 
-12.51 -793.03 78.98 1 1 
-12.70 -811.52 89.78 1 1 
-14.40 -826.72 83.25 1 1 
-12.33 -808.59 79.41 1 1 
-12.94 -844.48 90.33 1 1 
-15.01 -908.94 84.53 1 1 
-13.61 -973.39 80.02 1 1 
-11.41 -992.92 84.53 1 1 
-12.08 -994.02 88.68 1 1 
-14.22 -995.85 84.23 1 1 
-13.67 -976.68 80.87 1 1 
-12.08 -997.68 82.89 1 1 
-12.02 -990.30 87.46 1 1 
-13.98 -980.77 86.43 1 1 
-14.83 -983.76 82.03 1 1 
-12.63 -960.45 80.51 1 1 
-11.47 -990.54 86.91 1 1 
-13.61 -1004.52 87.95 1 1 
-14.77 -1010.93 83.80 1 1 
-13.24 -1000.06 80.38 1 1 
-11.41 -973.82 83.31 1 1 
-12.15 -981.93 89.11 1 1 
-13.92 -994.57 86.12 1 1 
-14.47 -997.99 81.42 1 1 
-12.08 -999.57 81.05 1 1 
-10.93 -1013.79 86.36 1 1 
-13.37 -1013.43 87.77 1 1 
-14.77 -1014.53 83.86 1 1 
-13.43 -1014.83 80.26 1 1 
-11.35 -1020.32 85.02 1 1 
-12.15 -1026.06 88.07 1 1 
-14.53 -1021.85 84.66 1 1 
-14.47 -1015.99 80.99 1 1 
-11.72 -1016.97 82.46 1 1 
-12.15 -1023.13 87.52 1 1 
-13.73 -1024.48 87.59 1 1 
-14.95 -1017.21 82.70 1 1 
-12.88 -1011.29 80.75 1 1 
-11.78 -1010.68 85.14 1 1 
-12.08 -1026.49 88.50 1 1 
-14.40 -1022.89 85.45 1 1 
-14.40 -1012.45 81.12 1 1 
-12.39 -1014.89 82.34 1 1 
-11.11 -1025.15 87.40 1 1 
-13.73 -1025.27 87.40 1 1 
-14.71 -1018.92 83.07 1 1 
-13.24 -1015.26 80.38 1 1 
-11.35 -1021.67 85.94 1 1 
-12.88 -1026.49 88.56 1 1 
-14.40 -1020.81 84.17 1 1 
-13.98 -1014.34 80.57 1 1 
-11.54 -1021.06 85.08 1 1 
-12.45 -1026.67 88.68 1 1 
-14.65 -1021.36 84.05 1 1 
-13.98 -1014.77 80.38 1 1 
-11.29 -1019.96 84.78 1 1 
-12.33 -1026.92 88.44 1 1 
-14.04 -1022.95 84.96 1 1 
-15.26 -1015.87 81.05 1 1 
-11.90 -1015.01 82.46 1 1 
-12.33 -1021.12 87.46 1 1 
-13.37 -1017.15 87.34 1 1 
-14.71 -1018.49 83.50 1 1 
-14.10 -1007.14 81.36 1 1 
-11.78 -1011.17 83.13 1 1 
-11.84 -972.41 88.01 1 1 
-13.49 -946.41 87.89 1 1 
-14.40 -945.74 83.37 1 1 
-13.31 -881.16 80.02 1 1 
-12.39 -861.33 85.82 1 1 
-12.94 -846.25 89.05 1 1 
-13.98 -874.63 81.79 1 1 
-11.90 -899.84 80.69 1 1 
-12.15 -828.80 88.07 1 1 
-13.79 -747.86 88.20 1 1 
-13.06 -750.24 78.37 1 1 
-12.15 -825.26 87.22 1 1 
-14.10 -853.27 88.20 1 1 
-13.18 -831.12 80.93 1 1 
-11.47 -797.97 82.21 1 1 
-13.31 -774.11 90.58 1 1 
-13.85 -782.04 82.70 1 1 
-12.21 -837.46 81.18 1 1 
-12.88 -878.11 89.23 1 1 
-14.83 -850.52 85.94 1 1 
-13.06 -777.71 79.83 1 1 
-12.57 -736.08 85.14 1 1 
-13.67 -690.73 89.54 1 1 
-13.61 -648.38 82.64 1 1 
-12.82 -637.27 80.02 1 1 
-13.79 -641.60 88.07 1 1 
-13.18 -628.11 88.50 1 1 
-13.00 -623.96 81.79 1 1 
-12.57 -637.45 81.30 1 1 
-13.43 -646.61 88.93 1 1 
-13.55 -615.54 86.79 1 1 
-13.24 -602.91 81.42 1 1 
-13.00 -609.07 79.96 1 1 
-13.73 -620.18 86.36 1 1 
-13.55 -612.85 88.38 1 1 
-13.31 -603.09 86.12 1 1 
-13.12 -592.77 81.54 1 1 
-13.37 -594.54 81.30 1 1 
-13.37 -598.88 84.23 1 1 
-13.12 -594.73 85.88 1 1 
-13.55 -592.65 86.55 1 1 
-13.24 -591.74 86.36 1 1 
-13.31 -588.75 83.68 1 1 
-13.37 -588.50 80.63 1 1 
-13.00 -585.14 81.67 1 1 
-13.31 -584.35 82.82 1 1 
-12.63 -580.87 84.11 1 1 
-13.61 -583.62 84.35 1 1 
-13.18 -582.46 84.35 0 1 
-13.12 -580.87 84.72 0 1 
-12.82 -581.05 85.14 0 1 
-13.67 -580.20 85.02 0 1 
-13.31 -577.45 84.17 0 1 
-13.18 -576.42 84.11 0 1 
-13.37 -575.38 83.98 0 1 
-13.49 -577.15 84.47 0 1 
-12.76 -577.58 84.53 0 1 
-13.37 -576.97 83.86 0 1 
-13.55 -578.00 83.56 0 1 
-13.73 -577.76 83.62 0 1 
-13.85 -578.00 83.68 0 1 
-12.70 -578.19 83.68 0 1 
-13.43 -578.43 83.86 0 1 
-13.18 -578.61 82.76 0 1 
-12.21 -578.12 83.07 0 1 
-12.88 -577.94 83.44 0 1 
-13.06 -578.06 83.56 0 1 
-13.49 -577.88 83.37 0 1 
-13.43 -578.80 83.56 0 1 
-13.55 -578.55 83.98 0 1 
-13.18 -578.37 83.50 0 1 
-13.85 -577.94 83.68 0 1 
-13.31 -577.76 83.92 0 1 
-12.94 -578.31 83.44 0 1 
-13.49 -577.27 83.50 0 1 
-13.24 -576.78 83.19 0 1 
-12.51 -576.35 83.01 0 1 
-13.18 -576.17 82.89 0 1 
-13.61 -576.90 82.64 0 1 
-13.55 -576.54 82.58 0 1 
-12.63 -576.97 82.09 0 1 
-12.88 -575.32 82.89 0 1 
-13.12 -578.19 82.52 0 1 
-13.18 -578.19 82.58 0 1 
-13.43 -576.35 83.19 0 1 
-13.00 -576.78 82.89 0 1 
-13.12 -575.62 83.37 0 1 
-13.24 -576.72 83.19 0 1 
-13.55 -574.89 83.56 0 1 
-13.43 -572.69 83.86 0 1 
-13.12 -573.18 83.98 0 1 
-13.37 -573.36 83.44 0 1 
-13.37 -573.06 84.05 0 1 
-13.73 -573.18 84.59 0 1 
-12.94 -574.16 84.72 0 1 
-13.31 -573.97 84.35 0 1 
-13.18 -573.79 83.56 0 1 
-13.18 -573.36 82.95 0 1 
-13.18 -573.18 82.40 0 1 
-13.79 -570.43 81.91 0 1 
-13.00 -570.74 81.42 0 1 
-13.12 -568.73 81.60 0 1 
-13.37 -568.36 81.73 0 1 
-13.00 -571.47 82.64 0 1 
-12.51 -573.12 82.64 0 1 
-13.49 -572.88 83.13 0 1 
-13.24 -571.66 83.19 0 1 
-12.82 -573.30 83.37 0 1 
-13.12 -572.63 83.01 0 1 
-13.49 -572.33 83.37 0 1 
-13.06 -573.73 82.82 0 1 
-13.00 -577.45 83.13 0 1 
-12.94 -576.54 82.64 0 1 
-13.18 -576.11 82.82 0 1 
-13.18 -574.52 83.13 0 1 
-13.31 -575.74 83.07 0 1 
-13.31 -575.99 83.19 0 1 
-13.31 -571.96 83.07 0 1 
-13.98 -573.00 83.19 0 1 
-13.00 -573.06 83.13 0 1 
-13.37 -572.63 82.58 0 1 
-13.37 -572.39 83.19 0 1 
-13.73 -571.23 83.44 0 1 
-13.00 -571.11 83.37 0 1 
-13.24 -572.14 83.80 0 1 
-13.61 -571.35 83.92 0 1 
-12.94 -571.96 84.53 0 1 
-12.82 -574.10 84.17 0 1 
-13.61 -574.34 83.86 0 1 
-13.18 -573.97 83.98 0 1 
-13.06 -574.22 84.05 0 1 
-13.73 -574.40 83.44 0 1 
-13.06 -577.09 83.62 0 1 
-13.00 -577.64 82.76 0 1 
-13.49 -582.09 80.57 0 1 
-13.06 -581.24 80.93 0 1 
-13.18 -579.83 81.73 0 1 
-13.31 -582.76 83.13 0 1 
-13.55 -589.48 83.62 0 1 
-13.43 -582.82 83.80 0 1 
-13.12 -579.35 83.68 0 1 
-12.88 -577.21 83.37 0 1 
-13.31 -570.25 82.34 0 1 
-13.24 -570.25 81.91 0 1 
-13.73 -571.66 82.70 0 1 
-13.24 -571.35 82.82 0 1 
-13.43 -571.23 83.07 0 1 
-12.76 -573.06 83.25 0 1 
-13.24 -575.01 83.19 1 1 
-13.18 -574.22 83.01 1 1 
-13.31 -576.42 83.13 1 1 
-13.24 -578.19 82.76 1 1 
-13.49 -577.64 83.13 1 1 
-13.37 -581.24 84.11 1 1 
-13.18 -582.95 84.53 1 1 
-13.24 -579.04 84.59 1 1 
-13.67 -581.18 84.78 1 1 
-13.12 -580.32 83.74 1 1 
-13.61 -578.74 82.21 0 1 
-13.06 -580.26 80.44 0 1 
-13.24 -588.93 79.65 0 1 
-13.49 -596.92 82.70 0 1 
-13.55 -593.93 85.08 0 1 
-13.12 -589.97 85.33 0 1 
-13.12 -586.30 84.84 0 1 
-13.49 -584.41 81.85 0 1 
-13.12 -592.83 78.61 0 1 
-12.57 -598.27 82.03 0 1 
-13.37 -604.61 86.49 1 1 
-13.73 -604.98 86.73 1 1 
-13.55 -600.65 80.87 1 1 
-12.94 -609.13 78.61 1 1 
-13.55 -630.07 86.55 1 1 
-13.55 -627.75 86.06 1 1 
-13.12 -618.53 79.35 1 1 
-12.88 -643.13 80.93 1 1 
-13.24 -649.60 88.20 1 1 
-13.49 -643.49 82.46 1 1 
-12.94 -661.19 78.19 1 1 
-13.61 -670.90 88.26 1 1 
-12.70 -650.51 83.19 1 1 
-12.82 -677.19 78.55 1 1 
-13.49 -691.89 87.83 1 1 
-13.73 -684.27 80.14 1 1 
-13.37 -710.51 81.60 1 1 
-13.61 -701.29 87.65 1 1 
-13.73 -695.62 77.58 1 1 
-13.00 -725.46 85.63 1 1 
-13.24 -695.50 86.00 1 1 
-13.12 -678.04 77.09 1 1 
-13.12 -707.34 88.32 1 1 
-13.73 -701.97 83.01 1 1 
-12.08 -728.52 79.16 1 1 
-13.12 -743.59 88.68 1 1 
-13.61 -737.43 77.82 1 1 
-12.39 -774.60 85.82 1 1 
-14.04 -755.55 84.66 1 1 
-12.63 -759.95 78.31 1 1 
-13.00 -757.69 88.50 1 1 
-13.67 -707.82 81.18 1 1 
-12.76 -755.80 82.21 1 1 
-13.43 -770.26 87.59 1 1 
-12.94 -759.46 77.21 1 1 
-12.51 -784.00 87.34 1 1 
-13.98 -747.92 83.68 1 1 
-11.96 -745.30 78.19 1 1 
-13.18 -767.58 89.05 1 1 
-13.85 -753.05 78.86 1 1 
-11.90 -767.15 84.11 1 1 
-13.12 -750.79 86.67 1 1 
-13.24 -700.07 77.09 1 1 
-12.70 -717.83 87.65 1 1 
-13.06 -697.45 84.17 1 1 
-12.82 -689.15 77.82 1 1 
-13.00 -726.44 88.93 1 1 
-13.49 -681.21 80.44 1 1 
-12.82 -686.28 80.93 1 1 
-13.12 -704.22 88.87 1 1 
-13.49 -676.33 77.82 1 1 
-12.51 -698.36 85.02 1 1 
-13.12 -689.64 86.49 1 1 
-13.12 -662.72 77.27 1 1 
-12.88 -695.43 87.40 1 1 
-13.85 -692.44 84.41 1 1 
-12.70 -718.87 79.10 1 1 
-13.49 -739.56 89.17 1 1 
-13.79 -694.34 78.98 1 1 
-12.57 -730.53 85.27 1 1 
-13.24 -711.85 86.43 1 1 
-12.76 -659.36 77.39 1 1 
-13.06 -687.81 86.06 1 1 
-13.37 -672.91 86.36 1 1 
-12.70 -656.25 77.15 1 1 
-13.24 -709.72 87.77 1 1 
-13.98 -710.39 83.62 1 1 
-12.57 -697.63 78.25 1 1 
-13.37 -706.97 88.93 1 1 
-13.43 -699.22 80.08 1 1 
-11.96 -723.63 82.40 1 1 
-13.18 -712.59 88.13 1 1 
-13.18 -691.89 77.64 1 1 
-13.00 -712.46 86.06 1 1 
-14.22 -693.73 86.30 1 1 
-12.82 -698.36 77.58 1 1 
-12.82 -738.46 89.05 1 1 
-13.37 -682.19 82.40 1 1 
-12.39 -687.62 78.86 1 1 
-13.24 -712.04 88.93 1 1 
-13.73 -683.65 80.20 1 1 
-12.27 -700.26 81.36 1 1 
-13.85 -703.67 89.36 1 1 
-13.31 -697.45 77.27 1 1 
-13.06 -706.05 84.78 1 1 
-13.61 -687.26 86.91 1 1 
-13.37 -671.75 77.33 1 1 
-13.06 -689.76 86.18 1 1 
-13.92 -682.80 86.67 1 1 
-13.12 -700.32 76.90 1 1 
-13.24 -709.47 87.83 1 1 
-13.61 -684.45 83.92 1 1 
-12.45 -669.25 77.70 1 1 
-13.43 -685.61 88.50 1 1 
-13.00 -665.71 84.05 1 1 
-12.63 -683.29 77.76 1 1 
-13.43 -704.35 88.93 1 1 
-13.37 -680.24 82.09 1 1 
-12.51 -698.91 79.90 1 1 
-13.00 -713.44 89.17 1 1 
-12.88 -686.52 79.41 1 1 
-12.70 -725.46 83.68 1 1 
-13.73 -714.72 87.34 1 1 
-13.37 -684.45 77.33 1 1 
-12.76 -715.64 86.73 1 1 
-13.55 -707.58 85.63 1 1 
-12.51 -705.32 77.27 1 1 
-13.00 -732.12 89.29 1 1 
-13.73 -714.90 82.15 1 1 
-12.33 -723.57 80.32 1 1 
-13.92 -723.63 88.75 1 1 
-14.04 -710.27 78.86 1 1 
-12.39 -737.49 83.68 1 1 
-13.73 -704.35 87.65 1 1 
-12.88 -666.81 77.82 1 1 
-13.06 -689.94 84.11 1 1 
-13.61 -682.80 88.01 1 1 
-13.06 -674.80 78.00 1 1 
-12.21 -690.00 84.72 1 1 
-13.06 -679.69 87.89 1 1 
-13.37 -675.35 77.33 1 1 
-13.06 -713.75 86.30 1 1 
-13.55 -690.31 86.18 1 1 
-12.39 -663.76 77.09 1 1 
-13.12 -671.57 85.08 1 1 
-13.49 -645.69 88.38 1 1 
-13.18 -642.46 79.35 1 1 
-13.00 -661.99 81.24 1 1 
-13.24 -656.62 88.62 1 1 
-13.31 -632.14 82.52 1 1 
-12.94 -625.06 78.61 1 1 
-13.55 -648.74 86.24 1 1 
-12.94 -636.05 88.07 1 1 
-12.70 -633.24 79.41 1 1 
-12.82 -644.17 81.18 1 1 
-12.94 -646.85 88.68 1 1 
-13.67 -642.03 83.62 1 1 
-12.94 -653.26 78.31 1 1 
-13.79 -676.76 88.99 1 1 
-13.06 -651.55 85.27 1 1 
-12.57 -643.62 77.70 1 1 
-13.43 -669.43 86.30 1 1 
-13.67 -654.54 87.16 1 1 
-13.24 -640.20 78.74 1 1 
-12.76 -634.34 81.60 1 1 
-13.67 -623.90 87.04 1 1 
-12.94 -611.94 86.30 1 1 
-13.06 -596.19 82.09 1 1 
-13.06 -599.49 78.98 1 1 
-13.37 -611.69 83.31 1 1 
-14.04 -621.03 87.40 1 1 
-13.43 -605.16 85.69 1 1 
-13.55 -600.59 81.18 1 1 
-12.82 -604.00 78.92 1 1 
-13.49 -615.84 84.29 1 1 
-13.92 -609.68 87.10 1 1 
-13.12 -600.46 85.69 1 1 
-13.43 -596.25 81.97 1 1 
-12.51 -604.74 78.67 1 1 
-13.79 -618.53 83.92 1 1 
-12.94 -613.53 87.83 1 1 
-13.31 -604.06 85.33 1 1 
-13.24 -597.17 80.20 1 1 
-13.12 -601.56 79.65 1 1 
-13.55 -599.73 84.11 1 1 
-13.43 -598.14 85.88 1 1 
-13.12 -591.00 86.61 1 1 
-13.18 -585.75 85.02 1 1 
-12.88 -580.63 83.19 1 1 
-13.12 -580.75 81.42 1 1 
-13.18 -588.62 80.08 1 1 
-13.43 -598.75 83.13 1 1 
-13.73 -598.57 86.24 1 1 
-13.67 -594.60 86.61 1 1 
-12.76 -589.05 84.72 1 1 
-12.70 -582.40 82.34 1 1 
-13.12 -582.34 80.69 1 1 
-12.94 -590.21 80.87 1 1 
-13.85 -593.38 83.92 1 1 
-13.79 -595.46 86.43 1 1 
-13.31 -589.36 86.00 1 1 
-13.12 -585.27 84.66 1 1 
-13.24 -580.08 82.95 1 1 
-12.70 -583.13 80.02 1 1 
-13.06 -592.22 81.12 1 1 
-13.98 -595.03 84.47 1 1 
-13.43 -596.62 86.85 1 1 
-13.85 -589.23 86.00 1 1 
-13.61 -578.92 84.17 1 1 
-13.55 -576.48 82.76 1 1 
-13.06 -574.46 82.09 1 1 
-13.79 -571.11 82.82 1 1 
-13.37 -573.18 82.40 1 1 
-12.70 -574.58 82.95 1 1 
-13.79 -573.00 82.82 1 1 
-13.37 -570.37 83.25 1 1 
-13.24 -570.13 83.92 1 1 
-13.43 -570.07 83.31 1 1 
-13.06 -567.20 83.86 1 1 
-13.37 -567.26 84.05 1 1 
-12.82 -566.89 83.86 1 1 
-12.57 -563.35 84.90 1 1 
-13.73 -565.06 85.75 1 1 
-12.94 -569.15 84.05 1 1 
-13.00 -567.38 84.66 1 1 
-12.94 -568.24 84.90 1 1 
-13.00 -568.91 84.53 1 1 
-13.43 -568.12 83.62 1 1 
-13.43 -568.60 83.62 1 1 
-13.00 -570.31 83.31 1 1 
-13.18 -570.01 83.68 1 1 
-12.94 -569.09 83.56 1 1 
-13.18 -568.18 84.23 1 1 
-13.73 -569.70 83.92 1 1 
-13.85 -570.31 83.44 1 1 
-13.31 -569.21 83.68 1 1 
-13.67 -569.15 83.56 1 1 
-13.18 -569.27 83.31 1 1 
-13.12 -569.09 83.25 1 1 
-13.18 -569.52 82.89 1 1 
-13.24 -569.46 83.13 0 1 
-13.92 -570.19 82.95 0 1 
-12.76 -569.76 83.31 0 1 
-13.61 -569.58 83.07 0 1 
-12.82 -569.52 83.19 0 1 
-13.61 -571.11 83.01 0 1 
-13.37 -573.73 82.34 0 1 
-13.49 -571.04 83.07 0 1 
-13.43 -572.14 83.80 0 1 
-13.73 -578.43 83.92 0 1 
-13.73 -580.81 84.96 0 1 
-13.24 -579.71 85.57 0 1 
-13.37 -579.65 85.33 0 1 
-12.94 -574.28 84.72 0 1 
-12.94 -573.00 84.29 0 1 
-13.24 -571.53 83.98 0 1 
-13.24 -570.01 84.11 0 1 
-13.49 -569.76 83.25 0 1 
-13.67 -570.56 82.76 0 1 
-13.18 -571.41 82.76 0 1 
-12.70 -571.17 82.52 1 1 
-13.24 -572.69 81.85 1 1 
-13.00 -576.11 81.79 1 1 
-13.79 -575.62 83.01 1 1 
-14.10 -578.92 83.86 1 1 
-13.31 -577.82 83.98 1 1 
-12.70 -575.13 84.53 1 1 
-12.63 -576.23 84.23 1 1 
-12.94 -574.83 84.72 1 1 
-13.92 -577.21 85.02 1 1 
-13.43 -576.48 84.96 0 1 
-13.12 -572.51 84.59 0 1 
-12.63 -572.39 83.56 0 1 
-12.63 -572.94 83.19 0 1 
-12.82 -572.88 82.40 0 1 
-13.06 -573.43 81.48 0 1 
-13.00 -577.21 81.24 0 1 
-13.18 -581.85 82.03 0 1 
-13.24 -584.47 83.92 0 1 
-13.37 -584.47 85.02 0 1 
-13.31 -577.21 84.11 1 1 
-13.43 -571.59 83.98 1 1 
-12.94 -575.44 85.02 1 1 
-13.49 -577.88 84.78 1 1 
-13.31 -575.87 83.86 1 1 
-13.37 -573.24 82.76 1 1 
-13.67 -573.30 82.09 1 1 
-13.92 -577.33 80.63 1 1 
-13.00 -580.93 81.67 1 1 
-13.98 -586.98 83.37 1 1 
-13.55 -590.94 85.63 1 1 
-14.10 -585.51 85.94 1 1 
-13.85 -577.51 85.14 1 1 
-13.12 -577.33 84.23 1 1 
-13.43 -575.62 82.70 1 1 
-13.67 -574.89 81.36 1 1 
-13.18 -577.27 80.75 1 1 
-13.31 -578.98 82.03 1 1 
-13.79 -578.00 83.62 1 1 
-13.43 -573.36 83.86 1 1 
-13.55 -577.21 84.41 1 1 
-13.55 -577.82 84.17 1 1 
-13.55 -576.42 84.59 1 1 
-13.55 -578.49 85.14 1 1 
-13.43 -575.26 84.96 1 1 
-13.37 -574.58 83.68 1 1 
-13.37 -573.79 83.01 1 1 
-13.55 -571.29 82.21 1 1 
-13.67 -568.97 82.58 1 1 
-13.55 -570.19 82.46 1 1 
-13.18 -570.68 82.28 0 1 
-13.43 -569.03 83.25 0 1 
-13.55 -570.50 82.34 0 1 
-12.76 -570.92 83.31 0 1 
-13.49 -570.92 83.07 0 1 
-13.49 -572.33 83.31 0 1 
-13.85 -572.75 83.31 0 1 
-13.55 -569.52 82.95 0 1 
-13.98 -569.76 83.31 0 1 
-13.18 -570.80 83.07 0 1 
-13.85 -573.67 83.74 0 1 
-13.31 -575.26 84.05 0 1 
-13.06 -566.53 83.01 0 1 
-13.00 -562.13 82.89 0 1 
-13.18 -565.80 83.44 0 1 
-13.73 -564.09 82.89 0 1 
-13.00 -560.73 82.58 0 1 
-13.06 -560.67 83.80 0 1 
-13.12 -562.62 84.23 0 1 
-13.49 -562.99 85.21 0 1 
-13.43 -563.90 85.14 1 1 
-13.85 -567.63 85.08 1 1 
-13.79 -572.45 81.91 1 1 
-13.31 -570.56 82.28 1 1 
-13.18 -569.27 82.40 1 1 
-12.88 -572.69 82.21 1 1 
-13.18 -577.27 82.34 1 1 
-13.43 -584.96 82.70 1 1 
-13.31 -586.98 85.21 1 1 
-13.67 -577.27 84.23 1 1 
-13.24 -566.65 82.89 1 1 
-13.18 -565.06 82.70 1 1 
-13.37 -567.38 82.28 1 1 
-13.37 -567.69 82.82 1 1 
-13.61 -573.00 83.92 1 1 
-13.43 -573.12 84.23 1 1 
-13.49 -571.72 83.74 1 1 
-13.31 -574.46 84.66 1 1 
-13.00 -574.40 84.41 1 1 
-13.31 -576.29 83.25 1 1 
-13.61 -573.55 82.09 1 1 
-13.67 -572.69 81.05 1 1 
-13.31 -577.45 80.75 1 1 
-12.88 -584.66 81.12 1 1 
-13.61 -592.47 84.41 1 1 
-13.85 -593.38 86.18 1 1 
-13.55 -587.52 85.45 1 1 
