c 
28.81 -1.46 991.82 
26.86 -2.20 995.85 
27.34 -4.03 988.89 
27.95 -1.83 990.60 
29.17 -2.56 995.97 
26.25 -3.17 993.29 
26.00 -3.05 989.50 
26.61 -1.46 993.29 
27.95 -3.17 997.19 
27.59 -3.05 990.60 
28.08 -2.93 990.36 
29.17 -3.42 995.61 
25.39 -2.44 994.38 
27.34 -4.64 988.65 
29.05 -1.46 992.07 
29.66 -3.54 996.83 
26.73 -5.25 989.38 
26.73 -3.91 990.48 
27.34 -2.44 995.85 
26.12 -3.05 993.41 
25.76 -3.91 988.28 
28.32 -0.98 992.92 
28.56 -4.03 996.83 
28.20 -4.27 990.72 
27.22 -2.93 990.84 
27.47 -2.08 994.51 
26.61 -3.05 994.51 
27.10 -3.66 988.77 
30.40 -2.44 991.21 
28.93 -4.03 998.29 
26.00 -4.27 989.62 
26.86 -3.66 987.30 
28.20 -1.95 995.61 
27.83 -3.66 996.22 
27.59 -5.37 987.18 
30.03 -2.93 990.84 
28.20 -3.30 998.78 
25.27 -3.30 990.48 
26.00 -2.81 990.11 
29.30 -1.59 994.75 
29.30 -3.54 995.36 
27.47 -4.03 989.14 
27.34 -2.20 992.80 
27.71 -2.56 997.31 
25.88 -2.81 991.58 
27.83 -4.88 989.99 
29.17 -2.56 992.55 
27.10 -2.81 997.44 
26.61 -4.52 990.11 
27.71 -2.69 990.48 
28.56 -1.83 997.31 
27.71 -3.30 992.80 
27.10 -5.13 989.14 
29.30 -2.44 993.77 
26.37 -2.56 997.19 
25.51 -3.91 988.77 
27.83 -2.69 990.23 
29.05 -2.56 997.31 
27.95 -4.88 992.19 
26.49 -3.91 988.89 
26.73 -3.30 994.63 
26.98 -1.59 995.00 
27.22 -3.17 988.65 
28.20 -2.81 992.07 
29.66 -4.88 995.12 
24.78 -1.34 990.84 
28.81 -3.91 992.31 
27.95 -2.81 992.68 
26.73 -4.15 996.22 
26.98 -3.66 991.09 
28.69 -3.91 991.82 
30.52 -4.27 994.63 
26.61 -2.56 992.68 
24.66 -3.66 990.23 
28.08 -2.93 991.94 
27.71 -2.44 994.38 
26.49 -2.81 992.07 
27.71 -9.16 992.55 
28.81 -0.37 994.38 
17.70 8.79 993.04 
37.84 -14.65 989.87 
28.08 -4.64 992.19 
26.37 -3.05 997.56 
23.56 -2.44 990.97 
28.08 -0.98 992.31 
30.88 -1.10 994.02 
29.42 -3.42 992.07 
26.98 -5.13 991.46 
27.22 -4.03 993.53 
25.76 -4.64 994.38 
26.61 -1.34 991.46 
26.98 -2.08 992.80 
29.91 -1.59 991.82 
28.32 -3.17 996.22 
26.98 -5.00 991.21 
28.08 -4.39 992.19 
27.22 -2.32 996.22 
25.88 -2.56 991.21 
28.32 -2.93 989.75 
30.40 -4.03 993.77 
28.32 -3.30 995.36 
24.90 -4.03 989.75 
27.59 -1.71 990.60 
27.10 -1.83 996.46 
27.10 -2.69 990.97 
28.56 -3.78 990.48 
29.30 -3.91 993.16 
26.25 -2.93 996.70 
26.49 -2.69 991.33 
28.20 -2.20 991.70 
28.81 -1.83 995.48 
28.08 -3.42 992.80 
27.59 -4.03 990.11 
29.30 -2.69 994.63 
26.49 -3.05 994.51 
26.61 -2.93 989.50 
28.56 -1.46 991.46 
27.95 -3.17 995.24 
27.95 -3.05 993.04 
27.10 -3.78 989.75 
28.08 -2.56 994.87 
26.49 -3.42 995.85 
26.61 -3.78 991.46 
28.56 -1.46 991.09 
28.81 -2.81 995.48 
29.05 -3.30 991.58 
26.00 -2.32 992.19 
27.83 -2.20 992.07 
27.83 -3.17 992.92 
28.20 -2.69 992.55 
26.73 -2.69 993.41 
27.71 -2.81 991.58 
27.59 -1.59 993.16 
28.44 -2.56 992.68 
27.59 -2.93 992.55 
27.59 -2.81 993.04 
28.44 -2.56 992.43 
27.34 -2.81 992.80 
27.34 -2.44 993.29 
28.08 -3.54 992.92 
28.44 -2.32 993.41 
28.08 -2.20 992.43 
28.20 -3.42 992.31 
27.71 -3.17 993.16 
26.98 -1.95 992.68 
28.32 -2.56 993.04 
27.71 -2.56 993.04 
27.59 -2.20 993.16 
27.95 -2.44 992.68 
27.34 -2.56 993.16 
28.08 -2.44 993.04 
28.32 -1.46 991.82 
27.47 -3.05 990.72 
