c 
28.32 -2.44 990.48 
26.37 -3.42 992.68 
26.61 -3.17 993.04 
27.47 -2.93 992.92 
27.95 -3.42 992.80 
27.59 -3.42 993.29 
27.34 -3.91 992.80 
27.59 -3.30 992.55 
27.47 -3.30 992.92 
27.22 -3.05 993.29 
27.47 -3.17 993.41 
26.98 -3.54 993.04 
26.86 -3.42 992.92 
27.22 -3.05 993.41 
27.47 -3.05 992.55 
27.34 -3.66 993.29 
27.34 -3.42 993.16 
27.10 -3.05 992.43 
27.71 -3.54 993.16 
27.34 -3.17 992.92 
27.95 -3.30 993.04 
27.34 -3.17 992.80 
27.71 -3.78 992.55 
26.73 -3.42 992.92 
27.71 -3.78 992.43 
27.83 -3.42 992.92 
27.95 -4.03 992.92 
27.34 -3.54 992.80 
26.98 -3.30 992.43 
27.10 -3.05 992.68 
27.71 -3.54 992.92 
27.71 -3.91 992.31 
26.98 -3.17 992.31 
27.34 -2.56 992.80 
26.98 -3.17 992.31 
27.22 -3.54 992.68 
27.47 -3.78 992.19 
26.86 -3.91 992.43 
27.10 -3.42 993.04 
26.61 -3.66 991.82 
27.22 -3.91 992.43 
27.10 -3.30 992.68 
27.59 -3.30 992.19 
27.47 -3.54 992.31 
27.34 -3.78 992.68 
27.47 -3.54 992.68 
26.98 -3.78 992.92 
27.47 -3.91 992.92 
27.34 -3.54 992.31 
27.10 -3.54 992.43 
27.47 -3.05 992.68 
26.86 -3.30 992.43 
27.34 -3.66 992.80 
27.10 -3.05 992.68 
27.47 -3.42 992.80 
26.73 -3.17 992.92 
27.47 -3.30 992.55 
27.34 -3.17 992.92 
29.42 -2.81 994.51 
25.63 -3.17 989.62 
26.61 -4.27 994.51 
26.86 -3.91 992.31 
27.83 -3.42 992.43 
27.95 -2.44 992.31 
27.34 -3.42 993.29 
26.00 -6.84 996.46 
28.20 -2.20 989.62 
27.10 -1.71 991.09 
30.15 -3.05 993.16 
24.17 -3.91 993.04 
27.83 -4.15 993.77 
27.71 -3.91 992.68 
28.20 -3.78 992.80 
27.34 -4.15 992.55 
27.59 -3.17 993.04 
27.10 -3.66 993.53 
27.34 -3.42 993.29 
27.47 -3.78 992.92 
27.71 -3.78 993.04 
27.59 -3.54 992.68 
27.34 -3.54 992.80 
27.10 -3.05 992.31 
26.98 -3.54 992.80 
27.34 -3.78 993.16 
27.83 -4.03 993.04 
27.10 -3.54 993.29 
27.47 -3.66 992.92 
27.71 -3.78 993.04 
26.98 -3.42 993.04 
27.34 -3.30 992.55 
27.59 -3.42 992.92 
27.59 -3.30 992.92 
27.71 -3.78 992.92 
27.22 -4.15 992.55 
27.22 -3.91 993.04 
27.34 -4.03 992.80 
27.34 -3.78 992.43 
27.59 -3.42 993.29 
27.83 -3.17 992.80 
27.83 -3.66 993.41 
26.86 -3.78 993.04 
27.10 -3.66 992.68 
27.22 -3.66 993.41 
27.47 -3.17 993.41 
27.47 -3.66 992.55 
27.59 -3.54 992.68 
27.47 -3.66 992.55 
27.34 -3.91 992.92 
27.10 -3.78 992.92 
27.22 -3.54 993.53 
27.95 -3.17 992.68 
27.47 -4.27 993.16 
26.37 -3.42 992.92 
27.10 -3.54 992.92 
26.73 -3.54 993.41 
26.86 -3.54 993.53 
27.10 -3.78 992.92 
27.59 -3.91 993.29 
26.73 -3.78 992.68 
24.29 -4.52 993.04 
33.69 -2.44 992.31 
24.66 -4.64 993.41 
27.59 -4.15 993.04 
24.17 1.71 1003.54 
30.76 -7.45 980.10 
26.98 -6.10 986.08 
26.25 1.22 1005.98 
28.69 -2.93 990.23 
