c 
28.08 -5.62 996.34 
29.79 -4.27 990.48 
25.02 -2.32 990.48 
24.54 -2.81 991.70 
28.44 -1.22 994.51 
32.96 -4.27 987.92 
29.79 -7.20 987.18 
25.63 -5.86 999.39 
23.19 -3.30 989.62 
26.61 0.49 991.33 
26.37 0.24 993.65 
24.66 -2.20 993.04 
27.95 -7.69 989.50 
28.32 -5.86 990.48 
28.44 -2.08 998.05 
28.69 -5.62 988.65 
28.56 -5.62 986.82 
31.98 2.08 998.17 
24.54 -0.85 994.75 
19.29 -6.35 988.65 
28.32 -6.10 990.11 
32.10 -6.71 996.58 
26.37 -4.39 991.58 
22.46 -1.71 990.36 
31.98 0.00 990.11 
25.88 -2.93 995.85 
18.19 -1.10 990.72 
23.07 -8.67 991.82 
34.91 -5.74 995.12 
35.40 -2.32 986.94 
26.37 -2.44 988.04 
25.76 -0.12 993.29 
26.73 -1.71 993.53 
21.73 -6.35 989.50 
31.49 -7.32 988.40 
28.93 -2.32 995.61 
26.98 -2.08 991.70 
29.30 -5.37 986.45 
22.34 -1.83 991.94 
22.71 -2.44 997.07 
30.88 -5.13 982.42 
31.74 -4.03 989.50 
29.05 -2.56 995.61 
25.27 -4.27 990.36 
25.51 -3.78 989.62 
28.56 -3.66 991.46 
27.71 -4.03 991.46 
27.22 -3.05 991.46 
25.63 -3.78 990.60 
27.34 -3.91 992.31 
28.56 -4.03 991.33 
27.71 -4.27 992.19 
27.47 -3.78 991.70 
27.22 -3.42 991.82 
27.34 -3.66 991.94 
27.47 -3.91 991.58 
27.10 -4.03 991.21 
27.22 -4.15 991.58 
26.73 -4.15 991.94 
27.22 -4.15 990.97 
26.98 -3.78 992.07 
27.83 -4.15 991.70 
27.47 -3.91 991.94 
26.98 -3.42 992.19 
27.22 -3.30 991.82 
26.86 -3.78 991.70 
27.10 -3.91 991.82 
27.47 -4.03 991.70 
26.61 -3.30 991.82 
27.83 -4.15 992.07 
27.10 -4.03 991.58 
27.22 -3.66 991.70 
27.34 -3.78 992.43 
27.34 -3.66 992.19 
27.22 -3.78 992.07 
27.10 -3.54 992.07 
26.98 -3.30 991.82 
27.22 -4.03 991.70 
24.05 -4.52 986.08 
33.69 -3.78 1001.95 
28.81 -3.91 989.62 
22.95 -4.88 985.35 
25.02 -2.56 995.48 
28.56 -1.34 994.14 
29.30 -4.52 990.97 
28.81 -4.88 988.28 
27.10 -3.78 994.75 
26.73 -3.91 992.80 
26.25 -3.42 989.50 
27.71 -3.05 990.60 
26.49 -2.32 991.46 
26.86 -2.69 993.41 
28.93 -5.25 990.11 
28.20 -3.42 994.14 
27.95 -4.64 992.68 
25.51 -5.49 986.94 
27.59 -3.78 994.14 
26.98 -1.83 992.31 
24.66 -3.78 989.87 
27.10 -1.95 988.77 
28.69 -1.59 996.58 
29.30 -4.88 991.09 
27.83 -6.10 987.43 
26.25 -3.54 993.41 
26.61 -1.95 993.77 
25.39 -3.66 987.79 
28.56 -4.15 988.40 
29.05 -2.56 995.85 
27.83 -5.00 993.29 
27.34 -5.37 986.08 
27.83 -4.15 993.41 
27.59 -0.98 994.26 
25.88 -3.05 990.11 
26.61 -3.17 985.60 
28.44 -2.69 996.09 
28.69 -4.39 995.24 
27.95 -5.62 987.55 
28.08 -5.62 991.46 
28.08 -2.69 996.22 
25.51 -2.93 992.80 
26.37 -3.05 984.50 
28.32 -2.93 994.51 
28.20 -3.17 994.87 
27.95 -6.10 989.99 
28.08 -5.86 988.28 
27.10 -2.93 996.34 
27.47 -3.66 992.68 
25.27 -2.20 985.23 
28.20 -3.30 994.02 
27.95 -2.69 993.65 
26.49 -4.27 991.21 
28.20 -5.49 989.01 
29.42 -2.81 995.85 
27.71 -4.27 994.14 
25.51 -3.54 985.96 
27.22 -2.44 992.07 
27.59 -2.56 993.65 
26.98 -4.27 990.84 
27.83 -4.76 989.38 
28.69 -3.17 994.14 
26.86 -4.27 993.29 
27.10 -3.78 987.79 
28.32 -1.83 993.65 
27.22 -2.44 993.16 
26.49 -3.78 989.99 
27.47 -5.49 988.53 
27.59 -3.17 994.63 
27.47 -3.91 994.38 
26.61 -3.78 986.82 
28.44 -2.56 994.87 
29.05 -3.42 992.68 
26.86 -5.25 990.48 
27.71 -5.37 991.70 
26.61 -2.69 993.29 
26.25 -3.17 993.41 
26.37 -3.78 986.82 
28.08 -1.95 995.00 
28.08 -2.93 993.90 
26.49 -5.13 991.33 
28.56 -5.37 990.23 
28.20 -5.13 994.75 
27.34 -3.66 994.51 
25.63 -3.66 986.57 
26.73 -1.95 994.14 
27.59 -2.44 993.29 
25.76 -4.15 991.82 
29.17 -5.37 991.09 
28.44 -4.88 995.12 
27.47 -4.39 994.63 
26.12 -4.15 989.62 
27.47 -1.34 993.29 
29.42 -2.44 994.75 
26.12 -4.52 992.07 
27.34 -5.25 989.01 
28.56 -5.98 995.97 
26.00 -1.34 992.68 
26.98 -4.03 990.23 
26.49 -3.17 993.16 
29.05 -2.20 993.90 
27.71 -3.42 994.51 
28.93 -6.59 989.87 
26.00 -2.20 993.41 
26.12 -3.66 994.38 
25.76 -1.71 991.46 
29.42 -4.03 991.70 
29.79 -3.91 994.63 
25.63 -3.42 994.87 
28.08 -4.39 988.40 
28.93 -4.76 995.85 
28.56 -4.27 992.55 
25.02 -3.05 990.48 
25.88 -2.20 993.77 
28.08 -2.56 993.65 
26.86 -3.54 993.77 
29.66 -4.15 989.87 
28.20 -4.76 995.85 
27.47 -4.27 993.77 
25.63 -5.25 990.60 
26.73 -2.44 994.14 
27.83 -2.20 993.53 
26.98 -3.42 993.65 
27.83 -4.03 989.50 
27.71 -3.54 993.77 
27.34 -3.66 995.48 
26.00 -3.17 991.33 
28.44 -3.05 991.33 
29.05 -2.44 993.90 
27.95 -4.88 994.14 
27.83 -5.13 989.75 
27.83 -4.15 995.00 
26.37 -3.78 993.90 
25.15 -2.44 990.84 
27.34 -2.56 991.21 
28.20 -2.08 994.38 
26.73 -4.27 993.41 
27.95 -4.88 988.89 
28.56 -3.42 997.19 
27.71 -4.52 993.16 
24.78 -2.32 990.84 
28.93 -3.91 994.38 
29.17 -2.69 993.53 
27.71 -5.13 992.31 
24.17 -4.27 990.84 
29.54 -1.95 995.73 
28.32 -3.91 991.09 
25.27 -3.91 993.90 
28.56 -3.30 992.68 
28.81 -3.78 993.04 
26.86 -3.66 992.68 
26.61 -3.66 992.55 
27.59 -3.42 992.19 
25.63 -3.42 992.19 
