c 
29.17 0.37 1000.73 
27.10 -0.85 990.84 
27.10 -1.83 987.79 
26.61 -2.44 991.46 
19.78 0.00 1000.85 
26.86 -5.98 993.90 
32.96 -6.10 983.76 
34.79 -2.20 992.31 
24.54 1.46 999.63 
31.01 -2.44 990.36 
28.32 -3.91 989.62 
25.27 -2.44 995.36 
20.63 -2.81 996.83 
27.71 -6.47 988.16 
34.18 -2.56 991.09 
31.86 0.24 994.38 
24.90 0.85 994.14 
29.17 -2.81 988.40 
27.71 -1.95 994.63 
25.15 -3.05 993.41 
23.93 -5.00 991.46 
30.03 -4.03 990.23 
31.37 -2.44 996.34 
28.81 0.24 992.80 
28.44 -4.88 989.38 
28.69 -1.59 994.02 
23.32 -0.37 994.14 
24.54 -2.69 987.79 
31.74 -5.13 993.04 
28.69 -2.81 997.68 
27.71 -2.20 994.75 
30.52 -1.10 988.04 
28.69 -2.81 990.60 
24.17 -2.44 995.12 
23.32 -1.22 991.82 
29.79 -3.30 994.14 
33.94 -5.86 991.46 
24.78 -1.71 997.92 
29.54 -1.46 988.65 
26.12 -2.44 991.21 
29.66 -4.88 990.72 
24.17 -2.44 995.36 
24.90 -3.17 995.24 
28.81 -2.32 991.94 
30.76 -3.54 991.09 
27.47 0.00 991.46 
29.54 -4.52 994.26 
26.98 -4.52 987.55 
26.86 -2.81 990.48 
25.39 -1.95 997.31 
26.12 -1.10 994.87 
28.32 -3.66 990.72 
29.66 -2.08 988.77 
29.54 -1.95 994.87 
30.27 -5.49 989.14 
25.15 -4.76 988.65 
24.05 -0.61 998.41 
25.88 0.12 994.75 
26.00 -4.03 991.82 
30.64 -3.54 987.67 
28.69 -3.42 996.09 
27.59 -2.69 992.68 
25.51 -3.78 987.18 
28.08 -2.93 992.19 
29.17 -0.98 995.36 
27.71 -2.81 992.07 
28.44 -3.42 989.26 
28.20 -3.42 994.26 
26.73 -1.83 994.63 
26.98 -4.52 988.40 
28.32 -3.30 990.23 
27.22 -1.46 995.61 
27.59 -2.32 992.55 
28.44 -2.44 989.26 
29.42 -3.66 994.63 
27.34 -2.20 993.90 
26.49 -4.52 990.36 
26.49 -4.88 989.50 
27.95 -1.46 994.63 
26.73 -2.20 992.80 
27.95 -1.83 987.79 
29.54 -2.32 994.63 
28.20 -3.30 993.77 
26.86 -4.88 993.53 
28.20 -5.49 989.87 
27.10 -0.98 991.46 
25.76 -2.32 993.53 
27.22 -2.32 989.38 
29.17 -1.83 994.14 
27.83 -2.81 993.41 
27.59 -4.64 993.41 
28.08 -4.27 988.89 
26.98 -3.42 993.65 
26.37 -1.59 992.19 
27.10 -2.32 988.53 
29.54 -2.56 995.85 
27.47 -1.71 992.68 
27.83 -4.64 989.99 
27.83 -3.54 992.19 
28.56 -3.30 993.90 
27.34 -4.27 991.33 
25.63 -1.46 989.62 
27.59 -1.22 994.75 
27.83 -0.85 992.43 
28.44 -2.69 992.31 
29.17 -4.03 992.19 
28.44 -3.17 995.48 
28.20 -5.86 993.29 
27.83 -1.95 988.89 
26.98 -1.95 994.51 
27.34 -0.85 992.80 
27.10 -3.05 991.09 
29.54 -3.05 990.23 
29.17 -2.81 994.63 
24.66 -1.59 993.77 
28.81 -2.93 988.65 
30.88 -2.56 994.38 
25.51 -2.44 992.68 
25.76 -3.54 993.90 
30.88 -2.93 990.60 
28.44 -2.81 992.68 
26.25 -3.30 992.55 
27.22 -2.93 992.55 
