c 
24.54 31.01 1027.22 
30.03 -13.31 868.53 
26.61 -18.43 994.38 
24.17 -8.18 990.11 
30.88 -8.18 981.32 
29.54 1.46 996.58 
26.00 3.42 1008.67 
28.08 -8.42 981.69 
32.47 -3.30 985.35 
24.78 -1.59 1003.91 
24.29 -3.17 986.82 
27.83 -3.42 988.28 
30.52 -0.49 995.97 
27.59 3.30 1001.46 
26.73 -0.49 977.05 
29.17 -7.08 994.87 
27.47 -3.17 997.80 
26.37 -8.54 988.16 
25.15 -2.32 995.73 
31.13 -4.64 988.89 
28.08 2.08 997.92 
28.32 -4.64 988.16 
29.17 -0.12 993.41 
24.17 -1.10 992.92 
28.93 -2.08 993.53 
26.49 -9.77 985.23 
26.98 -0.37 1001.71 
27.71 -3.17 992.43 
29.91 -5.98 983.64 
19.17 10.01 1005.74 
24.17 -2.56 996.83 
44.92 -10.86 981.32 
29.30 -2.81 977.78 
18.43 0.85 1007.20 
29.05 -2.69 988.77 
30.52 -1.95 989.50 
28.20 -2.44 991.82 
26.73 -0.49 995.24 
27.59 -4.39 989.14 
29.91 -4.76 988.77 
26.49 -5.37 999.39 
27.10 -2.56 995.48 
28.69 -1.34 979.61 
25.88 -0.73 994.63 
26.73 -0.12 995.85 
27.59 -3.42 998.54 
31.62 -5.98 982.54 
28.56 -4.64 994.87 
20.75 -0.73 996.09 
30.27 -5.00 978.64 
26.00 -0.12 996.46 
26.25 -1.59 989.14 
29.17 -3.17 1001.34 
28.32 -4.39 979.37 
26.00 -0.85 991.33 
29.17 -1.71 996.58 
31.25 -0.61 996.34 
28.44 -3.30 987.79 
24.66 -0.98 997.44 
27.59 -7.81 990.48 
34.18 -6.10 983.15 
21.24 1.71 997.80 
25.63 0.37 999.39 
29.66 -6.59 983.15 
29.17 -6.35 986.33 
22.71 0.98 1001.71 
26.00 -0.49 993.04 
31.37 0.00 998.17 
28.81 -7.32 989.62 
23.32 -1.46 986.94 
25.51 -6.59 971.68 
33.94 -3.30 1002.32 
25.39 -1.71 993.04 
27.22 2.81 999.76 
31.37 -10.01 982.79 
25.76 -0.61 1004.39 
26.37 5.00 991.82 
27.83 -5.49 983.89 
29.66 -6.10 989.14 
26.12 0.73 1002.32 
28.81 -3.42 991.58 
27.10 -6.10 987.18 
27.22 -3.17 992.43 
29.91 -4.39 990.23 
27.47 -3.42 992.55 
29.79 0.98 990.36 
27.95 -3.78 988.77 
25.76 -0.85 1005.37 
27.71 -8.42 988.89 
28.20 -5.74 982.91 
28.44 2.20 999.15 
27.22 -3.30 991.33 
27.59 -3.05 991.58 
26.61 1.59 997.80 
29.30 -5.98 1006.84 
29.42 -11.84 970.58 
29.66 -0.12 996.83 
22.34 0.12 991.33 
27.47 0.61 987.92 
32.35 -3.30 987.79 
26.86 -3.91 995.36 
24.41 -0.49 994.87 
28.93 -3.78 985.84 
29.66 -3.78 992.43 
26.25 -1.10 997.19 
30.76 -2.93 991.82 
25.88 -5.98 983.64 
24.17 0.24 1000.98 
30.03 -2.32 986.33 
30.15 -3.78 994.63 
24.90 -1.46 991.09 
25.88 -1.34 999.39 
27.10 -4.15 990.11 
32.96 -5.49 983.03 
27.22 -1.71 995.73 
25.15 -0.85 1001.95 
25.63 -4.64 981.57 
30.15 -2.08 992.55 
28.56 -3.05 996.58 
27.34 -2.08 995.12 
24.29 -3.66 988.16 
29.91 -2.08 993.16 
29.17 -2.69 996.83 
29.17 -0.98 995.61 
22.83 -6.71 974.37 
26.98 2.69 1004.52 
34.79 -2.20 995.61 
31.62 -9.16 977.29 
18.92 -6.59 1003.78 
23.19 0.73 991.33 
37.96 2.44 983.89 
29.42 -4.76 990.36 
22.71 -1.71 999.88 
29.42 0.85 993.16 
27.59 -5.25 984.86 
24.41 -2.08 994.38 
28.81 -3.78 991.33 
29.17 -1.83 991.82 
28.32 -4.03 989.26 
27.47 -0.61 995.24 
27.10 1.10 993.90 
30.27 -1.95 984.99 
29.79 -5.62 987.06 
25.02 -2.56 999.76 
28.81 -2.08 991.33 
28.44 -3.17 970.70 
24.78 -2.44 1011.60 
28.44 -0.24 994.14 
29.91 -3.54 983.28 
26.73 -1.71 991.94 
27.95 -1.95 997.44 
30.15 -1.59 992.80 
29.54 -4.03 984.01 
26.00 -2.44 997.56 
30.03 -3.66 975.71 
30.64 -3.91 1007.20 
23.56 0.24 988.77 
25.39 -1.10 993.29 
29.91 -2.08 992.92 
28.20 -1.22 991.58 
27.95 -1.83 992.07 
28.32 -2.93 992.43 
27.22 -2.08 992.55 
28.56 -2.56 992.31 
27.34 -1.71 992.19 
27.22 -2.69 991.82 
27.83 -2.20 992.19 
27.10 -2.32 992.07 
27.59 -2.08 992.19 
27.47 -2.08 992.55 
27.59 -2.44 992.80 
27.95 -1.95 993.04 
27.83 -2.56 992.07 
26.98 -1.95 993.04 
27.47 -1.46 992.43 
27.83 -2.69 992.43 
27.71 -2.20 993.29 
28.08 -1.59 993.04 
28.32 -1.95 992.68 
27.83 -2.81 992.80 
27.95 -2.08 992.55 
28.20 -1.83 992.19 
28.20 -2.69 993.16 
27.71 -1.95 992.92 
27.71 -2.32 991.94 
28.56 -2.32 992.68 
27.71 -2.32 992.80 
27.47 -1.34 992.19 
27.34 -2.08 992.80 
27.10 -2.32 992.07 
27.95 -2.69 992.92 
27.83 -1.83 992.68 
26.98 -1.71 993.04 
27.22 -1.95 992.92 
32.47 -1.46 990.72 
19.53 1.46 991.94 
21.36 -1.34 995.12 
27.22 -4.76 992.31 
33.94 -4.15 989.99 
35.16 -3.42 986.45 
