27.47 37.96 999.02 1000.12 
24.54 39.92 995.73 996.83 
26.86 36.74 995.97 997.01 
26.86 38.57 998.17 999.27 
25.51 38.57 995.73 996.80 
26.98 38.09 997.07 998.16 
25.76 38.57 996.58 997.66 
26.73 36.99 996.09 997.14 
25.88 38.57 998.54 999.61 
25.76 38.33 995.85 996.92 
27.71 37.72 996.95 998.05 
25.63 38.94 996.09 997.18 
25.88 37.23 997.68 998.71 
27.47 38.57 996.70 997.83 
25.39 39.06 996.70 997.79 
27.10 37.11 997.92 998.98 
25.76 38.70 995.73 996.81 
27.10 39.06 996.95 998.08 
26.61 38.94 997.56 998.67 
25.51 39.18 996.22 997.31 
25.51 39.18 997.92 999.02 
26.98 36.25 995.97 997.00 
25.51 39.43 996.70 997.81 
26.00 39.43 996.34 997.46 
25.76 37.96 997.56 998.61 
26.00 38.94 996.83 997.93 
24.66 40.04 996.09 997.20 
31.62 33.57 998.41 999.48 
22.09 41.99 995.85 996.98 
27.59 37.48 996.09 997.18 
25.02 38.21 998.54 999.58 
26.00 37.72 994.75 995.81 
26.49 38.82 997.31 998.42 
25.27 39.55 998.05 999.15 
27.10 38.45 995.85 996.96 
26.86 37.23 997.80 998.86 
25.76 39.55 995.73 996.85 
26.98 37.35 996.95 998.01 
25.51 38.82 996.22 997.30 
25.27 38.70 997.07 998.14 
26.00 38.09 996.83 997.89 
27.95 37.72 996.22 997.32 
23.80 42.97 996.22 997.43 
25.76 38.33 997.31 998.38 
28.44 35.52 995.61 996.64 
25.27 38.57 997.07 998.14 
25.15 39.79 996.70 997.82 
29.42 35.16 997.68 998.73 
23.68 40.41 996.34 997.44 
26.98 38.57 996.83 997.94 
25.39 38.09 997.44 998.49 
23.93 41.14 995.97 997.11 
28.20 35.28 996.22 997.24 
25.88 38.82 996.58 997.67 
24.29 40.53 997.68 998.80 
28.56 35.77 997.31 998.36 
25.51 39.92 995.48 996.61 
27.34 37.96 996.09 997.19 
26.00 38.21 999.88 1000.95 
27.22 36.62 993.04 994.09 
23.44 41.02 997.92 999.04 
27.83 35.89 996.09 997.13 
27.22 37.84 996.70 997.79 
22.09 42.48 997.19 998.34 
29.05 35.28 996.70 997.75 
26.86 37.35 996.83 997.89 
24.90 39.18 995.97 997.05 
27.10 38.33 997.80 998.91 
26.73 37.84 995.61 996.68 
24.78 39.06 997.19 998.26 
27.34 37.72 996.83 997.91 
26.98 38.45 997.44 998.54 
25.02 39.79 995.85 996.96 
28.20 37.48 996.83 997.93 
25.51 38.33 997.19 998.25 
26.00 38.45 996.09 997.17 
24.66 40.65 996.22 997.35 
27.71 36.50 996.22 997.27 
25.27 39.79 998.17 999.28 
27.10 38.09 995.12 996.21 
26.12 38.33 997.19 998.27 
25.63 38.57 996.46 997.54 
27.10 38.21 996.70 997.80 
26.49 38.70 997.44 998.54 
25.63 38.57 996.34 997.41 
25.88 38.82 996.70 997.80 
25.76 38.82 997.07 998.16 
26.25 39.06 995.97 997.08 
26.00 38.33 997.19 998.27 
26.49 38.45 996.09 997.19 
26.25 38.21 997.92 999.00 
26.25 39.18 995.24 996.36 
26.86 38.33 997.56 998.66 
25.39 39.18 996.70 997.80 
27.71 37.84 995.97 997.08 
25.27 39.18 997.07 998.16 
26.37 39.06 995.73 996.84 
25.88 37.84 997.07 998.12 
26.37 38.09 995.48 996.56 
26.49 38.21 997.07 998.15 
26.25 38.57 996.58 997.67 
26.00 38.33 996.83 997.90 
26.37 37.84 995.73 996.80 
25.63 39.18 997.19 998.29 
25.88 38.45 996.58 997.66 
26.00 38.21 996.58 997.65 
25.63 38.45 996.70 997.77 
26.49 37.60 996.95 998.01 
26.25 37.35 996.34 997.38 
26.25 38.09 997.56 998.63 
27.34 38.70 996.22 997.34 
26.98 36.50 996.34 997.37 
25.88 39.92 998.29 999.42 
25.02 38.57 995.85 996.91 
26.12 36.99 995.48 996.51 
25.88 36.99 997.31 998.34 
25.15 40.77 995.97 997.12 
26.86 37.84 996.22 997.30 
26.73 37.60 997.07 998.14 
25.76 39.43 996.58 997.69 
26.25 37.60 995.97 997.03 
26.61 39.06 995.12 996.24 
28.08 34.42 997.44 998.43 
24.17 39.92 996.70 997.80 
26.25 38.45 995.97 997.06 
25.15 39.92 997.92 999.04 
26.00 38.94 995.97 997.07 
25.39 38.45 997.19 998.26 
25.51 38.33 996.58 997.65 
26.61 37.84 995.97 997.05 
26.25 38.94 997.19 998.30 
25.76 37.96 996.70 997.76 
25.51 39.79 996.46 997.58 
25.88 39.18 996.22 997.32 
26.61 38.45 995.36 996.46 
25.88 38.45 996.58 997.66 
26.00 38.57 996.46 997.55 
26.12 38.09 996.46 997.53 
26.00 38.45 997.19 998.27 
25.63 39.06 996.58 997.68 
26.37 38.45 997.07 998.16 
25.88 39.06 995.85 996.95 
24.41 37.60 996.83 997.83 
26.00 39.79 995.97 997.11 
25.63 38.45 996.34 997.41 
26.73 37.35 997.07 998.13 
25.63 38.57 996.46 997.54 
25.27 39.31 996.70 997.80 
26.49 39.06 997.07 998.19 
24.66 40.28 995.36 996.48 
27.22 36.74 996.70 997.75 
25.15 38.33 996.70 997.76 
25.51 38.45 995.12 996.19 
25.63 39.06 997.31 998.41 
26.37 38.57 996.95 998.04 
25.76 38.33 996.22 997.29 
25.15 39.18 996.46 997.55 
27.95 35.89 996.83 997.86 
22.09 42.48 996.83 997.98 
27.34 36.01 994.75 995.78 
25.27 39.06 997.92 999.01 
25.15 40.41 995.12 996.25 
25.88 38.70 997.19 998.28 
25.76 39.55 996.22 997.33 
25.51 39.18 995.73 996.82 
26.25 38.09 996.46 997.53 
25.76 38.21 996.58 997.65 
26.00 39.18 995.97 997.08 
25.76 39.43 995.97 997.08 
25.76 37.96 997.07 998.13 
26.00 38.45 996.58 997.66 
25.76 38.57 996.09 997.17 
25.02 40.16 996.34 997.46 
27.83 37.11 997.31 998.39 
23.32 39.79 994.75 995.82 
26.98 36.74 997.19 998.23 
26.37 39.18 995.36 996.48 
24.90 39.18 998.05 999.13 
26.73 36.99 995.97 997.02 
26.12 39.18 998.17 999.28 
25.15 39.18 995.24 996.33 
24.66 40.41 998.05 999.17 
27.34 37.35 995.48 996.56 
24.54 40.77 998.17 999.30 
25.39 37.96 994.63 995.68 
26.49 37.84 997.80 998.87 
25.88 39.55 996.34 997.46 
25.27 39.79 996.34 997.45 
26.49 38.33 996.58 997.67 
26.00 36.74 996.95 997.96 
24.17 42.60 996.95 998.15 
25.51 39.31 996.58 997.68 
26.37 37.72 996.58 997.64 
24.66 39.67 995.85 996.94 
24.90 40.28 996.83 997.95 
26.49 37.48 995.97 997.03 
25.63 39.79 996.95 998.07 
24.90 41.02 995.85 997.00 
24.66 37.96 997.68 998.71 
28.69 36.62 995.48 996.57 
24.17 39.79 997.68 998.77 
27.47 38.45 994.26 995.38 
21.73 41.87 998.05 999.16 
27.71 35.28 993.65 994.66 
25.27 40.16 999.02 1000.15 
22.83 43.58 995.48 996.70 
26.73 36.87 996.09 997.13 
25.63 38.33 997.56 998.62 
25.02 40.16 995.97 997.10 
26.12 37.84 996.58 997.64 
25.76 39.31 996.46 997.57 
25.15 39.43 996.46 997.56 
24.78 40.65 996.58 997.72 
24.41 40.41 996.46 997.58 
26.98 36.50 995.85 996.88 
23.56 41.99 996.09 997.26 
28.20 35.03 997.31 998.33 
22.83 41.99 995.00 996.14 
28.08 38.33 996.22 997.35 
24.41 39.06 996.83 997.89 
24.66 39.55 995.85 996.94 
25.76 39.06 996.58 997.68 
26.25 38.82 995.97 997.07 
25.76 39.18 996.58 997.68 
24.90 40.41 996.70 997.83 
26.25 38.94 996.34 997.44 
25.39 39.43 996.22 997.32 
25.39 39.31 995.97 997.07 
25.02 38.94 997.68 998.75 
26.25 39.31 995.24 996.36 
24.90 39.55 996.70 997.80 
25.39 40.28 996.58 997.72 
26.12 39.67 996.58 997.71 
25.76 39.31 996.70 997.81 
25.51 38.70 996.46 997.54 
25.02 39.31 996.83 997.91 
24.78 39.79 997.80 998.90 
25.15 39.43 995.36 996.46 
25.02 38.82 997.19 998.26 
25.27 39.79 997.19 998.31 
25.39 39.43 996.22 997.32 
25.39 39.43 996.83 997.93 
24.54 39.67 996.58 997.67 
24.90 40.04 996.09 997.21 
25.02 39.18 996.46 997.54 
25.39 39.18 997.31 998.41 
25.39 39.55 995.85 996.96 
26.00 39.06 995.85 996.95 
25.51 39.92 996.83 997.95 
25.51 39.92 996.58 997.71 
26.00 39.06 996.83 997.93 
25.02 39.43 995.85 996.94 
26.25 39.67 996.34 997.47 
25.02 39.79 997.44 998.54 
25.27 39.79 996.09 997.21 
25.88 40.28 996.58 997.73 
25.02 40.28 997.80 998.93 
26.00 40.16 995.85 997.00 
25.51 39.31 996.70 997.81 
25.76 39.06 996.58 997.68 
25.27 40.16 996.58 997.71 
26.12 39.92 995.85 996.99 
26.12 38.94 995.97 997.07 
26.00 39.79 996.34 997.47 
25.27 39.79 996.22 997.33 
24.90 40.53 997.31 998.45 
24.78 39.55 996.58 997.67 
26.49 39.43 996.58 997.71 
25.88 40.53 997.56 998.72 
25.76 38.70 996.46 997.54 
26.49 39.92 996.46 997.61 
25.63 39.31 996.34 997.44 
26.73 38.21 994.38 995.48 
25.39 39.18 997.56 998.65 
25.02 39.55 996.95 998.05 
25.88 38.57 995.85 996.93 
25.15 37.84 996.70 997.74 
24.05 39.67 997.68 998.76 
27.47 40.04 995.00 996.18 
25.27 39.31 997.56 998.65 
26.12 39.55 996.34 997.46 
24.54 39.92 997.44 998.54 
26.00 39.67 996.58 997.71 
26.73 39.67 995.97 997.12 
25.51 39.67 996.95 998.06 
26.61 38.45 995.85 996.95 
26.00 39.06 994.75 995.86 
25.88 40.28 996.83 997.98 
26.00 39.92 996.70 997.84 
26.37 39.18 995.48 996.60 
25.51 39.55 996.83 997.94 
26.37 39.79 996.46 997.60 
25.88 40.89 996.09 997.27 
25.76 39.55 996.09 997.21 
26.25 39.06 996.58 997.69 
25.27 40.04 996.58 997.71 
25.63 40.28 997.19 998.33 
26.61 38.82 995.48 996.60 
25.15 39.67 997.19 998.30 
26.00 41.26 995.36 996.56 
25.76 38.94 996.95 998.04 
25.39 41.38 995.97 997.15 
27.22 38.82 998.29 999.42 
25.51 41.38 993.77 994.96 
25.27 40.04 997.80 998.93 
26.25 38.57 994.51 995.60 
24.90 38.57 997.80 998.86 
24.90 41.63 995.36 996.54 
27.34 37.11 997.07 998.14 
24.90 40.89 996.46 997.61 
25.76 40.41 995.48 996.64 
25.76 38.94 997.19 998.28 
25.63 40.53 996.70 997.86 
25.63 39.67 996.34 997.46 
26.12 39.18 996.58 997.69 
25.63 40.28 995.48 996.63 
26.25 40.41 996.09 997.26 
25.76 40.28 996.70 997.85 
25.39 40.16 996.09 997.23 
25.15 39.55 997.19 998.29 
25.63 40.28 995.24 996.38 
25.76 39.06 995.61 996.70 
26.49 39.43 995.61 996.74 
24.54 39.31 997.80 998.88 
25.63 40.41 996.58 997.73 
25.88 40.77 996.46 997.63 
25.39 40.89 995.97 997.13 
24.66 40.28 997.07 998.19 
25.51 40.16 996.22 997.35 
25.39 40.28 996.46 997.60 
26.12 40.04 996.22 997.36 
25.63 40.65 996.83 997.98 
26.12 40.16 995.85 997.00 
25.27 39.92 995.97 997.09 
25.88 39.18 995.97 997.08 
24.90 40.04 996.70 997.82 
24.54 40.53 996.83 997.95 
25.51 39.79 996.34 997.46 
26.00 38.57 994.38 995.47 
24.29 41.14 998.05 999.19 
25.63 41.02 997.07 998.24 
25.88 39.43 995.12 996.23 
25.51 40.04 996.22 997.35 
25.27 39.31 997.92 999.02 
25.02 41.26 995.85 997.02 
25.63 40.16 996.22 997.35 
25.88 40.28 996.83 997.98 
24.66 41.99 997.44 998.62 
25.27 40.53 996.22 997.36 
26.12 40.04 995.73 996.87 
25.15 41.14 996.58 997.75 
25.76 40.53 996.09 997.25 
24.90 40.77 996.83 997.97 
26.73 39.67 996.34 997.49 
26.37 39.79 996.22 997.36 
25.51 40.53 996.09 997.24 
26.37 38.33 996.46 997.55 
24.29 42.48 994.51 995.71 
25.39 39.92 997.07 998.19 
24.29 41.87 996.95 998.12 
26.98 40.16 996.95 998.12 
25.76 40.41 996.58 997.73 
26.37 40.53 994.63 995.80 
25.63 39.79 996.22 997.34 
24.78 40.65 996.22 997.35 
24.78 41.02 997.19 998.34 
26.00 40.28 995.85 997.00 
24.90 40.16 995.73 996.85 
25.88 41.99 998.41 999.63 
27.71 40.77 997.19 998.41 
25.51 40.53 995.61 996.76 
26.61 39.67 995.85 996.99 
23.80 42.11 997.19 998.37 
27.10 41.50 995.73 996.96 
25.39 41.38 996.22 997.40 
25.51 41.26 996.22 997.40 
25.27 40.53 996.83 997.97 
26.37 40.53 995.97 997.14 
25.27 40.89 995.12 996.28 
24.90 41.38 996.34 997.51 
24.90 40.77 996.22 997.36 
26.73 39.31 996.09 997.23 
24.29 40.53 996.22 997.34 
27.10 38.94 996.95 998.08 
25.27 41.14 995.97 997.14 
26.49 40.28 995.61 996.77 
25.02 40.77 997.19 998.34 
26.49 39.79 994.63 995.78 
25.27 40.04 996.22 997.34 
25.02 40.41 997.31 998.45 
25.63 39.55 995.73 996.84 
25.63 40.28 997.07 998.21 
25.39 40.65 995.85 997.00 
25.88 40.41 995.36 996.52 
25.88 40.04 995.73 996.87 
25.39 40.28 996.95 998.08 
25.39 40.41 995.24 996.38 
26.37 39.92 996.46 997.61 
26.61 40.41 995.36 996.54 
25.15 40.53 996.58 997.72 
26.37 39.79 996.83 997.97 
25.15 40.28 995.61 996.74 
25.88 39.92 995.12 996.25 
25.51 39.79 996.95 998.07 
24.54 41.50 994.87 996.04 
28.69 37.60 997.44 998.56 
22.58 43.21 995.85 997.04 
26.37 39.55 996.09 997.23 
24.66 40.89 996.83 997.97 
26.00 41.14 995.00 996.18 
25.63 40.28 996.95 998.09 
25.27 40.04 995.97 997.10 
26.00 39.67 996.09 997.22 
25.88 40.41 996.83 997.98 
26.00 40.04 995.73 996.87 
25.39 39.79 996.22 997.33 
25.15 41.26 995.85 997.02 
25.02 39.79 995.73 996.84 
27.10 40.04 996.70 997.88 
25.27 40.53 996.09 997.24 
26.49 39.55 996.83 997.96 
24.66 40.53 994.87 996.00 
29.66 37.48 997.80 998.95 
21.97 42.85 994.63 995.79 
28.20 38.45 998.29 999.43 
23.19 41.63 995.48 996.62 
26.61 39.92 996.22 997.37 
25.02 40.89 997.68 998.83 
25.27 38.94 994.87 995.96 
24.90 40.28 997.44 998.56 
26.00 39.92 996.22 997.35 
25.88 39.43 996.34 997.45 
25.27 39.92 997.19 998.31 
26.49 39.55 996.22 997.35 
25.51 40.16 995.36 996.50 
24.29 41.26 996.95 998.10 
26.61 38.33 995.85 996.94 
25.27 39.55 996.22 997.32 
26.00 39.43 996.22 997.33 
25.63 40.16 996.58 997.72 
24.90 41.02 995.48 996.64 
25.63 39.18 996.34 997.44 
25.76 39.55 995.48 996.60 
24.78 41.50 996.22 997.39 
25.76 39.55 996.83 997.94 
25.02 39.79 996.83 997.93 
26.00 39.31 996.34 997.45 
26.00 39.92 995.97 997.11 
24.54 40.16 996.58 997.69 
25.76 39.31 996.22 997.32 
25.76 39.43 996.22 997.33 
25.27 40.77 996.95 998.10 
24.54 40.28 995.12 996.23 
26.61 39.06 996.83 997.95 
24.41 41.99 996.70 997.89 
26.37 40.04 995.85 997.00 
25.39 39.55 996.83 997.93 
25.27 39.67 996.22 997.33 
24.78 40.41 995.73 996.86 
25.02 39.92 996.83 997.94 
25.63 40.04 996.70 997.84 
25.76 40.41 996.95 998.10 
25.39 39.92 996.22 997.34 
24.90 39.92 996.58 997.69 
25.39 40.04 996.22 997.34 
24.90 40.16 996.34 997.46 
26.00 39.18 995.97 997.08 
23.93 41.50 998.05 999.20 
25.88 38.70 995.12 996.21 
24.78 39.67 997.44 998.53 
24.78 39.67 996.34 997.44 
26.25 39.55 996.58 997.71 
25.27 40.65 996.83 997.97 
25.51 39.18 995.97 997.07 
24.90 39.55 996.34 997.43 
25.39 39.67 995.73 996.84 
26.25 40.04 996.83 997.98 
24.90 40.41 996.34 997.47 
25.39 39.55 995.61 996.71 
25.02 40.28 996.34 997.47 
25.88 39.92 995.85 996.99 
24.90 39.92 996.70 997.81 
25.27 40.04 996.58 997.71 
25.63 39.92 996.95 998.08 
25.27 40.28 996.34 997.47 
25.39 40.28 996.34 997.48 
25.15 39.67 997.07 998.18 
25.27 39.79 996.22 997.33 
24.90 40.41 996.46 997.59 
24.78 40.65 996.58 997.72 
24.90 40.28 996.83 997.95 
24.78 40.89 996.46 997.61 
25.76 39.55 995.97 997.09 
25.02 39.92 996.95 998.06 
25.27 40.04 996.46 997.58 
25.02 40.16 996.34 997.46 
25.39 39.18 995.48 996.58 
25.27 40.41 996.58 997.72 
25.02 39.79 996.70 997.81 
25.15 39.79 995.85 996.96 
25.39 40.28 996.34 997.48 
25.76 40.16 996.46 997.60 
25.02 39.67 996.46 997.56 
26.00 40.28 995.97 997.13 
25.51 40.41 996.34 997.48 
25.39 40.16 996.34 997.47 
25.02 39.43 996.83 997.92 
25.27 40.16 995.97 997.10 
25.76 40.28 995.61 996.75 
24.78 40.16 996.70 997.82 
24.78 39.92 995.85 996.96 
25.88 40.04 995.97 997.11 
25.02 40.28 996.83 997.95 
24.78 40.04 996.58 997.69 
26.00 40.41 996.46 997.62 
24.90 40.16 996.95 998.07 
25.63 40.41 995.85 997.00 
25.51 40.16 996.83 997.96 
24.05 39.92 996.22 997.31 
25.39 39.92 995.61 996.73 
25.02 40.04 996.34 997.46 
25.15 40.04 996.83 997.95 
25.27 40.16 996.34 997.47 
25.27 40.53 996.22 997.36 
25.88 40.28 996.70 997.85 
24.78 40.53 995.97 997.10 
26.12 39.55 995.85 996.98 
25.27 40.41 996.22 997.35 
25.39 39.79 995.61 996.72 
25.15 39.31 996.34 997.43 
24.05 40.77 996.46 997.58 
24.78 39.92 995.73 996.84 
25.51 40.16 996.46 997.60 
25.02 40.89 995.48 996.64 
25.02 39.55 996.83 997.92 
25.63 39.67 996.09 997.21 
25.27 39.67 996.09 997.20 
25.02 40.53 996.09 997.23 
24.90 39.92 996.95 998.06 
25.27 40.41 996.09 997.23 
24.78 40.28 996.34 997.46 
24.78 39.92 995.97 997.08 
25.15 38.94 996.34 997.42 
25.15 40.41 996.09 997.23 
24.78 40.28 996.70 997.83 
26.12 40.77 996.34 997.51 
24.90 39.92 996.83 997.94 
24.54 40.28 996.22 997.33 
25.02 40.65 996.46 997.60 
24.78 39.43 996.22 997.30 
24.90 40.16 995.97 997.09 
25.02 39.55 996.34 997.44 
25.27 40.16 996.95 998.08 
24.29 40.28 996.22 997.33 
25.76 39.55 995.97 997.09 
24.54 40.77 997.07 998.21 
25.02 39.31 996.09 997.18 
25.63 40.16 996.34 997.48 
24.78 40.04 996.70 997.82 
24.66 40.28 996.22 997.33 
25.15 39.67 995.85 996.96 
25.02 40.16 996.95 998.07 
24.90 41.02 996.58 997.74 
25.27 40.41 996.34 997.48 
25.39 39.43 995.97 997.08 
25.27 40.65 996.09 997.24 
25.27 39.31 995.85 996.95 
24.90 39.92 995.97 997.08 
24.66 40.16 996.83 997.94 
24.66 40.28 996.34 997.46 
25.39 40.16 995.97 997.10 
25.27 39.31 996.09 997.19 
24.66 39.79 996.22 997.32 
24.90 40.28 996.09 997.22 
25.02 39.92 996.58 997.70 
24.78 39.92 996.46 997.57 
25.63 39.67 996.46 997.58 
25.39 39.55 995.48 996.59 
24.54 39.79 996.58 997.68 
25.27 40.16 996.58 997.71 
24.78 39.79 996.58 997.68 
25.51 40.28 995.12 996.26 
25.02 39.92 996.22 997.33 
25.15 40.16 995.97 997.10 
25.63 40.28 996.46 997.60 
25.27 40.28 996.46 997.59 
25.02 40.04 996.22 997.33 
25.27 40.04 996.09 997.22 
25.63 40.04 996.22 997.35 
24.90 39.67 996.58 997.68 
25.02 39.55 996.09 997.19 
25.02 39.79 996.46 997.57 
25.51 40.16 996.09 997.23 
25.39 39.79 996.22 997.33 
25.39 39.55 996.09 997.20 
24.66 40.41 996.70 997.83 
25.27 39.18 995.36 996.45 
25.39 39.55 996.70 997.81 
25.27 40.28 995.97 997.11 
26.00 39.55 996.46 997.58 
25.39 40.41 996.22 997.36 
25.02 40.28 995.97 997.10 
24.29 39.55 996.34 997.42 
26.25 39.67 996.09 997.23 
25.02 39.67 996.58 997.69 
24.66 39.79 996.95 998.05 
26.00 39.92 996.09 997.23 
25.15 39.79 996.46 997.57 
25.15 39.79 996.22 997.33 
25.15 38.33 996.46 997.51 
25.88 39.67 996.46 997.59 
24.90 39.79 996.46 997.57 
24.78 39.06 996.22 997.29 
24.90 40.28 996.46 997.58 
25.02 39.43 996.46 997.55 
25.02 38.94 996.58 997.66 
24.78 39.31 995.85 996.93 
24.90 38.82 995.48 996.55 
25.02 39.18 995.85 996.93 
25.02 39.55 996.70 997.80 
25.76 40.04 996.46 997.60 
25.51 39.55 996.46 997.57 
25.63 40.04 996.34 997.47 
24.90 40.16 996.46 997.58 
25.02 39.43 995.97 997.07 
25.27 39.43 996.46 997.56 
25.39 39.67 995.97 997.08 
25.39 40.04 995.73 996.86 
24.90 39.55 996.95 998.04 
25.02 40.16 996.09 997.22 
25.15 40.65 996.34 997.48 
24.17 40.65 996.34 997.46 
26.73 38.70 996.34 997.45 
25.02 40.04 996.58 997.70 
25.51 39.18 997.07 998.17 
25.27 39.06 996.46 997.55 
23.80 41.99 996.09 997.26 
24.17 40.28 996.22 997.32 
26.73 38.33 996.58 997.68 
24.41 41.38 996.95 998.11 
25.51 38.94 996.09 997.18 
24.29 40.77 996.22 997.35 
24.78 39.43 995.97 997.06 
24.66 40.16 996.22 997.33 
25.76 38.82 996.46 997.55 
25.27 40.16 996.22 997.35 
25.02 39.55 996.46 997.56 
24.54 40.77 996.46 997.60 
25.27 38.70 996.09 997.17 
25.39 38.94 996.09 997.18 
24.66 40.77 995.85 996.99 
25.63 39.18 997.80 998.90 
27.22 39.31 996.09 997.24 
24.29 41.02 995.48 996.62 
26.25 39.31 996.46 997.58 
25.39 40.65 996.34 997.49 
25.39 40.28 995.85 996.99 
25.76 38.94 996.58 997.68 
25.63 39.18 995.97 997.07 
25.76 39.55 996.34 997.46 
25.51 40.53 996.95 998.10 
26.12 39.55 996.09 997.22 
24.54 40.28 996.58 997.70 
25.76 39.06 995.48 996.58 
24.78 39.67 996.70 997.80 
25.63 40.16 996.09 997.23 
25.39 39.92 996.70 997.83 
25.63 39.79 996.34 997.46 
24.78 39.92 996.22 997.32 
25.63 40.28 996.70 997.85 
25.02 40.65 996.34 997.48 
25.02 39.67 996.22 997.32 
25.15 40.04 996.09 997.22 
25.88 38.94 995.61 996.70 
24.90 39.18 996.34 997.42 
25.15 40.04 996.46 997.58 
24.78 40.41 996.83 997.95 
24.29 39.43 996.46 997.54 
25.15 39.06 996.09 997.18 
24.78 39.67 996.34 997.44 
25.27 39.43 996.22 997.32 
25.27 38.94 996.22 997.30 
24.66 40.41 995.73 996.85 
24.41 41.14 997.44 998.58 
26.86 37.60 995.97 997.04 
24.29 40.65 996.09 997.22 
25.39 38.70 996.58 997.66 
24.29 40.04 994.87 995.97 
25.39 39.31 996.34 997.44 
24.41 40.04 995.85 996.95 
25.63 39.67 995.97 997.09 
25.15 40.16 996.34 997.46 
25.27 39.92 996.58 997.70 
25.51 39.06 996.70 997.80 
24.90 39.67 995.73 996.83 
24.66 39.92 996.22 997.32 
25.39 40.41 996.34 997.48 
24.78 39.79 996.22 997.32 
24.66 40.16 996.34 997.45 
25.15 40.41 996.95 998.08 
25.27 39.92 996.09 997.21 
25.51 39.06 995.85 996.94 
25.88 39.67 996.22 997.34 
24.90 40.04 996.22 997.33 
25.39 39.31 995.61 996.70 
25.27 40.28 997.07 998.20 
25.63 38.82 996.09 997.18 
24.66 40.16 996.95 998.06 
24.90 40.53 996.34 997.47 
24.78 40.04 996.58 997.69 
24.66 39.92 995.61 996.71 
25.76 38.94 996.09 997.19 
25.51 39.31 996.58 997.68 
24.54 40.04 995.61 996.71 
24.90 39.67 996.09 997.19 
25.51 39.67 996.95 998.06 
24.90 40.41 996.09 997.22 
24.66 40.89 995.61 996.75 
24.90 39.67 996.70 997.80 
26.00 39.55 996.22 997.34 
24.90 38.94 996.09 997.17 
25.76 38.57 996.46 997.54 
24.41 41.38 995.12 996.28 
23.80 40.77 998.90 1000.02 
25.88 39.55 991.70 992.82 
25.63 38.94 999.88 1000.96 
22.71 42.11 994.51 995.66 
27.47 37.23 996.09 997.17 
23.44 41.02 997.56 998.68 
26.25 39.67 994.26 995.40 
25.51 39.06 996.95 998.04 
24.41 40.89 995.61 996.74 
25.63 39.67 996.34 997.46 
25.27 40.04 996.58 997.71 
24.90 40.16 995.97 997.09 
24.54 39.92 996.58 997.68 
24.41 40.04 995.73 996.83 
25.51 39.43 996.34 997.44 
25.15 40.53 995.97 997.11 
24.66 40.28 995.85 996.97 
24.17 39.31 996.09 997.16 
25.15 40.04 995.73 996.85 
24.90 39.55 995.97 997.07 
26.00 39.55 996.70 997.83 
24.66 40.65 996.58 997.72 
24.90 39.79 995.85 996.96 
25.15 39.67 995.85 996.96 
23.93 40.16 996.22 997.31 
25.02 39.67 995.97 997.08 
25.76 39.43 996.09 997.21 
25.15 39.55 996.09 997.20 
24.78 40.28 996.70 997.83 
24.90 40.53 996.22 997.35 
24.05 40.04 995.85 996.94 
24.54 40.16 996.22 997.33 
25.15 40.28 995.73 996.86 
24.90 40.28 995.85 996.98 
24.54 40.16 996.95 998.06 
25.02 39.43 995.85 996.94 
25.27 40.04 996.22 997.34 
24.17 39.43 996.09 997.17 
24.90 40.04 996.83 997.94 
25.02 40.04 995.85 996.97 
24.90 40.16 995.97 997.09 
24.29 39.79 996.58 997.67 
24.78 40.53 996.22 997.35 
25.27 39.67 996.22 997.33 
24.78 40.16 995.97 997.09 
25.39 40.16 995.85 996.98 
23.56 40.89 995.85 996.97 
26.12 37.60 996.58 997.63 
24.17 39.43 995.61 996.68 
24.78 40.41 996.09 997.22 
24.54 40.28 996.83 997.94 
24.17 40.41 996.46 997.57 
26.00 38.94 995.48 996.58 
24.78 40.65 997.07 998.21 
24.78 40.65 995.12 996.26 
25.63 39.31 996.58 997.69 
24.54 39.31 995.73 996.81 
25.02 39.67 996.34 997.44 
22.83 42.48 995.73 996.89 
27.10 37.84 997.92 999.01 
24.78 39.92 995.97 997.08 
25.15 39.31 996.09 997.19 
25.02 39.06 996.58 997.66 
25.15 39.43 996.95 998.04 
24.41 40.04 996.09 997.20 
24.66 40.41 996.09 997.22 
25.27 39.92 995.85 996.97 
24.66 40.89 996.22 997.36 
25.15 38.45 995.61 996.67 
24.17 40.65 997.80 998.92 
25.88 39.18 992.68 993.79 
24.54 41.38 999.51 1000.67 
24.78 39.18 993.90 994.98 
25.39 39.67 995.12 996.23 
25.88 39.79 997.80 998.93 
24.66 40.77 995.48 996.62 
26.49 38.33 996.22 997.30 
25.76 39.67 996.58 997.70 
24.66 40.04 995.61 996.72 
24.41 39.18 998.05 999.11 
24.29 39.43 992.92 994.00 
31.37 34.42 997.44 998.52 
15.50 50.66 995.61 997.01 
28.93 36.99 994.87 995.98 
24.29 37.48 996.95 997.95 
