62.01 -83.74 -1012.21 1017.56 
60.79 -84.47 -1011.72 1017.06 
60.55 -85.57 -1011.60 1017.01 
61.40 -85.69 -1012.21 1017.68 
61.04 -83.86 -1010.74 1016.05 
61.89 -84.35 -1011.60 1016.99 
60.18 -87.65 -1012.33 1017.90 
61.52 -84.47 -1012.21 1017.59 
61.52 -84.47 -1010.25 1015.64 
62.01 -80.32 -1012.70 1017.77 
60.06 -87.77 -1012.21 1017.78 
61.52 -83.50 -1011.60 1016.90 
61.77 -85.45 -1012.33 1017.80 
60.55 -88.62 -1011.47 1017.15 
61.28 -87.40 -1010.62 1016.24 
61.16 -87.52 -1012.08 1017.70 
60.42 -89.11 -1011.35 1017.07 
61.40 -85.69 -1011.96 1017.44 
61.04 -86.18 -1011.47 1016.97 
59.94 -87.77 -1012.21 1017.77 
60.91 -86.43 -1010.50 1016.01 
62.26 -86.43 -1012.57 1018.16 
61.04 -88.75 -1011.96 1017.68 
61.52 -86.30 -1011.72 1017.26 
61.04 -89.60 -1010.74 1016.54 
61.52 -87.89 -1012.21 1017.88 
60.79 -89.48 -1011.23 1017.00 
60.67 -90.45 -1011.60 1017.44 
60.67 -91.06 -1010.99 1016.89 
60.91 -89.60 -1011.96 1017.75 
61.16 -87.77 -1010.86 1016.51 
61.04 -88.75 -1011.72 1017.44 
60.42 -90.21 -1011.84 1017.65 
61.28 -89.36 -1011.72 1017.50 
60.67 -91.55 -1012.21 1018.15 
60.30 -91.55 -1010.99 1016.91 
61.16 -90.94 -1010.99 1016.91 
60.42 -92.29 -1011.72 1017.71 
59.20 -93.02 -1011.84 1017.83 
61.77 -88.38 -1011.72 1017.45 
60.42 -89.48 -1010.86 1016.61 
60.18 -94.24 -1011.72 1017.88 
61.16 -91.19 -1011.47 1017.42 
60.67 -91.67 -1011.11 1017.07 
60.30 -92.53 -1011.96 1017.97 
60.18 -92.65 -1011.23 1017.25 
61.65 -91.55 -1011.96 1017.96 
59.94 -94.48 -1010.13 1016.31 
60.55 -92.04 -1011.23 1017.21 
59.94 -92.29 -1012.21 1018.17 
60.55 -93.38 -1010.99 1017.09 
60.06 -93.51 -1011.47 1017.56 
60.55 -93.75 -1010.38 1016.52 
60.30 -94.73 -1011.60 1017.81 
60.18 -95.70 -1010.99 1017.29 
59.81 -96.31 -1011.23 1017.57 
59.94 -97.41 -1010.99 1017.44 
60.55 -96.68 -1010.62 1017.04 
60.67 -97.05 -1011.23 1017.69 
59.57 -97.05 -1011.35 1017.74 
61.04 -97.29 -1010.99 1017.49 
60.67 -97.41 -1010.13 1016.63 
60.30 -98.75 -1010.38 1016.98 
59.81 -98.51 -1011.35 1017.90 
59.94 -98.63 -1011.11 1017.67 
61.04 -96.19 -1011.47 1017.87 
58.72 -99.49 -1010.25 1016.84 
59.45 -99.12 -1011.60 1018.18 
60.18 -96.80 -1010.38 1016.79 
59.45 -99.73 -1010.38 1017.03 
62.99 -93.38 -1012.45 1018.70 
57.13 -103.39 -1009.89 1016.77 
60.79 -99.12 -1010.13 1016.80 
59.33 -99.37 -1011.84 1018.44 
58.72 -100.59 -1010.38 1017.07 
60.91 -98.63 -1011.60 1018.22 
59.08 -100.46 -1010.99 1017.68 
61.65 -95.21 -1011.84 1018.18 
57.50 -102.66 -1009.28 1016.11 
61.04 -97.66 -1010.50 1017.04 
59.94 -97.53 -1011.35 1017.81 
58.59 -100.46 -1010.62 1017.29 
60.79 -96.92 -1010.62 1017.08 
60.79 -97.05 -1010.99 1017.45 
60.18 -99.49 -1010.86 1017.53 
60.18 -97.78 -1011.23 1017.73 
59.45 -99.61 -1010.50 1017.13 
60.79 -96.92 -1010.99 1017.44 
60.30 -95.58 -1010.74 1017.04 
60.30 -96.92 -1011.35 1017.77 
60.30 -96.68 -1011.23 1017.63 
59.94 -98.02 -1011.11 1017.62 
60.42 -97.90 -1011.11 1017.63 
59.57 -98.02 -1010.25 1016.74 
59.81 -98.27 -1010.86 1017.39 
60.79 -98.51 -1011.60 1018.20 
59.33 -97.41 -1010.62 1017.04 
59.69 -99.12 -1010.25 1016.86 
59.08 -100.71 -1011.11 1017.83 
60.30 -98.88 -1010.74 1017.36 
60.42 -99.00 -1011.72 1018.35 
58.72 -101.68 -1010.50 1017.30 
61.65 -95.21 -1011.47 1017.81 
58.11 -101.68 -1009.77 1016.53 
60.79 -96.92 -1011.47 1017.92 
61.04 -97.90 -1010.99 1017.55 
60.06 -97.41 -1011.47 1017.93 
60.91 -96.80 -1011.96 1018.41 
58.96 -99.98 -1010.50 1017.14 
59.45 -98.02 -1010.99 1017.47 
60.67 -96.56 -1011.23 1017.64 
59.33 -95.83 -1009.52 1015.79 
60.06 -97.78 -1012.21 1018.69 
60.18 -95.34 -1010.74 1017.01 
60.18 -96.92 -1010.38 1016.80 
60.55 -97.17 -1011.72 1018.18 
58.35 -99.85 -1010.99 1017.58 
61.52 -96.19 -1011.23 1017.66 
59.33 -97.53 -1011.11 1017.53 
60.42 -96.44 -1011.11 1017.49 
60.18 -97.41 -1011.23 1017.69 
59.81 -97.78 -1010.50 1016.98 
59.69 -97.29 -1011.23 1017.65 
59.69 -97.17 -1010.86 1017.28 
61.04 -95.95 -1011.35 1017.73 
59.57 -98.63 -1011.11 1017.65 
59.81 -94.12 -1010.86 1017.00 
59.20 -97.41 -1011.60 1018.00 
60.30 -96.19 -1011.47 1017.83 
60.06 -96.31 -1011.23 1017.58 
59.81 -97.29 -1010.99 1017.42 
60.67 -93.87 -1011.72 1017.87 
59.69 -95.83 -1010.99 1017.27 
59.81 -96.80 -1010.99 1017.37 
59.08 -98.14 -1011.60 1018.06 
60.55 -93.02 -1011.72 1017.79 
59.57 -97.41 -1011.23 1017.66 
60.30 -97.17 -1011.47 1017.92 
59.20 -98.02 -1011.60 1018.06 
61.28 -97.29 -1011.11 1017.62 
59.69 -98.63 -1011.23 1017.78 
60.42 -96.92 -1010.74 1017.18 
59.69 -97.29 -1010.74 1017.17 
60.42 -97.17 -1010.99 1017.44 
60.67 -97.53 -1011.72 1018.22 
60.42 -97.90 -1010.99 1017.51 
59.81 -97.78 -1011.23 1017.71 
60.18 -97.17 -1011.11 1017.55 
59.69 -100.71 -1010.86 1017.62 
60.18 -97.05 -1011.72 1018.14 
59.20 -98.63 -1010.62 1017.15 
59.57 -99.73 -1010.99 1017.64 
60.91 -96.31 -1010.25 1016.66 
59.33 -100.10 -1011.72 1018.39 
59.94 -99.49 -1010.74 1017.39 
60.18 -98.51 -1011.72 1018.28 
59.94 -97.90 -1011.11 1017.60 
58.72 -99.85 -1010.86 1017.48 
59.20 -99.85 -1011.47 1018.11 
61.65 -96.07 -1011.84 1018.26 
59.33 -98.27 -1010.01 1016.51 
59.33 -100.95 -1012.70 1019.44 
60.55 -96.80 -1010.01 1016.44 
61.16 -97.53 -1011.84 1018.37 
57.37 -101.20 -1010.50 1017.17 
61.04 -97.29 -1011.84 1018.34 
59.45 -98.39 -1010.74 1017.26 
58.59 -99.12 -1011.35 1017.89 
61.28 -96.68 -1010.38 1016.84 
60.67 -99.49 -1011.60 1018.29 
59.57 -100.22 -1011.35 1018.05 
60.91 -97.29 -1011.72 1018.21 
59.20 -99.49 -1010.13 1016.74 
60.79 -98.14 -1011.11 1017.68 
60.30 -98.39 -1011.11 1017.67 
59.33 -99.85 -1010.25 1016.91 
60.67 -95.46 -1011.47 1017.78 
59.81 -99.12 -1010.38 1016.99 
59.94 -97.53 -1011.35 1017.81 
59.45 -98.39 -1010.74 1017.26 
61.04 -93.87 -1011.23 1017.41 
59.45 -98.88 -1010.74 1017.31 
59.69 -97.41 -1011.60 1018.03 
60.67 -97.17 -1011.23 1017.70 
58.47 -96.56 -1011.35 1017.63 
60.91 -97.41 -1011.72 1018.22 
60.55 -97.29 -1010.62 1017.10 
61.04 -95.09 -1011.60 1017.89 
58.72 -100.10 -1010.74 1017.38 
60.06 -95.58 -1010.86 1017.15 
61.77 -96.80 -1011.47 1017.97 
58.84 -99.37 -1010.99 1017.56 
60.67 -96.80 -1011.60 1018.03 
59.33 -98.27 -1010.74 1017.24 
62.13 -93.14 -1011.11 1017.29 
58.96 -100.95 -1011.11 1017.84 
59.94 -95.46 -1010.86 1017.13 
60.06 -96.31 -1011.47 1017.82 
59.20 -97.29 -1011.47 1017.87 
60.55 -95.83 -1010.62 1016.96 
61.52 -94.36 -1011.60 1017.85 
57.98 -98.02 -1010.25 1016.65 
59.57 -97.41 -1011.47 1017.90 
61.65 -93.26 -1011.60 1017.76 
59.20 -96.07 -1010.62 1016.90 
60.67 -96.44 -1012.21 1018.60 
58.96 -96.44 -1010.86 1017.16 
60.42 -95.70 -1011.23 1017.54 
60.18 -95.95 -1010.86 1017.19 
60.30 -96.68 -1011.72 1018.11 
60.18 -96.07 -1010.13 1016.47 
60.67 -96.31 -1012.21 1018.59 
58.72 -100.34 -1011.23 1017.89 
60.30 -97.05 -1010.86 1017.30 
60.06 -97.90 -1011.84 1018.34 
59.81 -98.39 -1010.74 1017.28 
57.98 -98.88 -1010.62 1017.10 
62.87 -90.94 -1011.60 1017.62 
58.84 -99.24 -1010.86 1017.43 
60.30 -94.60 -1010.13 1016.34 
59.94 -96.44 -1011.11 1017.46 
59.57 -97.90 -1011.60 1018.07 
59.45 -97.29 -1010.74 1017.15 
60.91 -97.66 -1011.84 1018.37 
59.81 -97.41 -1010.74 1017.19 
60.18 -98.63 -1010.38 1016.96 
59.20 -97.29 -1011.35 1017.74 
60.30 -97.05 -1010.74 1017.18 
59.45 -97.17 -1011.60 1017.99 
59.94 -97.41 -1010.38 1016.83 
60.06 -97.29 -1011.11 1017.55 
59.45 -98.75 -1011.72 1018.26 
60.42 -95.70 -1010.74 1017.06 
59.57 -96.19 -1011.35 1017.66 
60.42 -96.19 -1011.72 1018.08 
59.45 -97.78 -1010.62 1017.08 
60.42 -96.68 -1011.11 1017.52 
60.30 -95.58 -1011.96 1018.25 
60.79 -94.73 -1010.50 1016.75 
59.69 -98.39 -1011.96 1018.49 
59.57 -97.66 -1010.62 1017.07 
61.40 -94.73 -1011.60 1017.88 
57.98 -100.95 -1010.50 1017.18 
61.16 -94.24 -1011.47 1017.69 
59.57 -96.68 -1010.50 1016.86 
59.81 -99.12 -1011.35 1017.96 
60.06 -97.41 -1010.62 1017.08 
60.18 -97.90 -1011.84 1018.35 
60.06 -97.66 -1010.62 1017.10 
58.96 -99.85 -1011.35 1017.98 
59.69 -97.41 -1010.50 1016.94 
59.94 -99.12 -1010.99 1017.60 
59.81 -97.90 -1010.01 1016.50 
59.57 -101.07 -1011.84 1018.62 
59.57 -97.05 -1010.86 1017.26 
60.06 -99.73 -1011.47 1018.15 
59.94 -95.95 -1011.11 1017.42 
59.81 -99.12 -1010.99 1017.59 
58.47 -101.56 -1010.74 1017.51 
62.26 -93.63 -1012.33 1018.55 
58.47 -100.46 -1009.77 1016.43 
60.55 -98.51 -1011.47 1018.06 
59.20 -97.78 -1011.11 1017.55 
59.69 -99.73 -1010.01 1016.68 
60.42 -97.05 -1012.45 1018.88 
58.35 -99.61 -1010.13 1016.71 
61.16 -95.58 -1011.35 1017.70 
59.33 -99.98 -1010.74 1017.41 
58.96 -99.37 -1010.62 1017.20 
61.89 -96.19 -1011.72 1018.16 
59.08 -99.85 -1011.72 1018.35 
60.18 -96.68 -1010.38 1016.77 
60.55 -99.37 -1011.72 1018.39 
59.33 -99.49 -1011.23 1017.84 
59.94 -97.17 -1010.86 1017.29 
60.18 -99.37 -1011.72 1018.37 
60.42 -97.90 -1010.50 1017.03 
61.04 -95.83 -1011.23 1017.59 
58.72 -100.83 -1010.74 1017.45 
60.91 -96.31 -1010.86 1017.27 
60.91 -96.56 -1011.35 1017.78 
58.96 -99.12 -1011.23 1017.79 
60.67 -96.68 -1011.72 1018.14 
59.57 -99.73 -1011.11 1017.76 
61.40 -98.63 -1011.23 1017.88 
58.47 -102.54 -1011.47 1018.34 
59.33 -97.53 -1010.62 1017.05 
59.94 -99.85 -1011.35 1018.04 
60.55 -98.14 -1010.99 1017.54 
59.45 -98.88 -1010.74 1017.31 
58.96 -100.71 -1010.50 1017.21 
59.69 -100.10 -1011.60 1018.29 
60.42 -99.49 -1010.86 1017.54 
59.20 -99.12 -1008.79 1015.37 
60.42 -98.02 -1011.84 1018.37 
58.72 -100.95 -1010.74 1017.47 
60.18 -99.12 -1011.72 1018.34 
58.84 -99.49 -1011.72 1018.30 
60.06 -99.24 -1010.01 1016.65 
59.69 -99.98 -1011.23 1017.91 
59.57 -99.12 -1011.84 1018.43 
60.30 -96.92 -1010.13 1016.56 
60.79 -97.41 -1010.62 1017.12 
59.57 -99.61 -1010.74 1017.38 
60.06 -98.75 -1010.38 1016.97 
59.69 -98.02 -1011.35 1017.84 
60.18 -98.39 -1011.23 1017.79 
58.59 -99.61 -1010.62 1017.21 
60.55 -97.41 -1011.84 1018.32 
58.47 -100.22 -1009.64 1016.29 
60.67 -96.68 -1011.60 1018.02 
59.57 -100.95 -1011.11 1017.88 
58.84 -99.98 -1010.62 1017.26 
60.30 -96.68 -1010.62 1017.02 
58.96 -99.85 -1010.86 1017.49 
60.18 -99.61 -1011.11 1017.78 
60.18 -99.73 -1010.62 1017.31 
58.96 -101.32 -1011.72 1018.49 
59.94 -100.95 -1011.60 1018.39 
59.20 -99.73 -1010.50 1017.13 
60.18 -99.73 -1011.11 1017.80 
61.65 -99.00 -1011.11 1017.81 
57.25 -105.47 -1010.38 1017.48 
64.45 -95.46 -1011.96 1018.50 
56.27 -103.76 -1010.25 1017.13 
61.40 -99.49 -1011.11 1017.84 
58.84 -102.05 -1011.23 1018.07 
61.04 -95.83 -1010.50 1016.86 
59.81 -100.22 -1011.11 1017.82 
60.30 -98.88 -1011.84 1018.45 
58.11 -103.15 -1009.89 1016.80 
60.67 -99.73 -1012.21 1018.92 
62.62 -95.34 -1010.86 1017.28 
56.03 -107.06 -1008.67 1015.88 
60.18 -101.32 -1011.35 1018.20 
61.52 -101.32 -1011.72 1018.64 
58.72 -102.66 -1008.42 1015.33 
60.91 -104.37 -1012.57 1019.76 
57.86 -106.69 -1009.28 1016.55 
60.18 -102.29 -1010.99 1017.93 
59.81 -104.00 -1010.13 1017.23 
58.23 -106.08 -1010.99 1018.20 
59.33 -104.86 -1010.62 1017.78 
58.23 -104.13 -1011.11 1018.12 
59.20 -103.88 -1010.25 1017.30 
59.57 -103.52 -1011.23 1018.26 
58.23 -105.22 -1009.77 1016.90 
61.28 -103.76 -1011.11 1018.26 
57.74 -106.69 -1009.40 1016.66 
60.55 -101.20 -1011.47 1018.33 
57.98 -104.98 -1009.28 1016.38 
59.94 -103.39 -1011.35 1018.39 
58.72 -105.22 -1011.47 1018.63 
59.69 -103.39 -1009.03 1016.07 
59.94 -102.66 -1012.45 1019.41 
59.69 -104.49 -1010.38 1017.52 
58.72 -105.22 -1010.74 1017.90 
59.08 -103.52 -1009.89 1016.90 
59.81 -102.29 -1010.25 1017.18 
59.81 -104.49 -1011.60 1018.74 
58.96 -102.42 -1010.62 1017.51 
60.55 -102.17 -1010.38 1017.33 
58.96 -104.98 -1011.23 1018.37 
59.33 -104.61 -1010.01 1017.14 
59.94 -103.03 -1010.86 1017.87 
58.35 -106.32 -1010.25 1017.51 
59.20 -104.61 -1010.50 1017.62 
59.33 -104.25 -1010.38 1017.47 
59.08 -102.29 -1010.99 1017.86 
60.18 -106.08 -1012.08 1019.41 
58.72 -105.71 -1010.62 1017.83 
60.06 -103.03 -1010.13 1017.15 
59.20 -104.13 -1011.47 1018.54 
58.59 -102.17 -1010.25 1017.10 
59.69 -101.68 -1012.08 1018.93 
59.45 -102.91 -1010.50 1017.46 
60.42 -99.85 -1011.23 1017.94 
57.37 -106.69 -1009.77 1017.01 
62.13 -100.22 -1012.21 1019.05 
57.37 -104.37 -1009.40 1016.40 
59.08 -104.61 -1011.23 1018.34 
59.81 -99.85 -1010.50 1017.18 
57.74 -104.98 -1010.99 1018.06 
61.52 -101.32 -1010.13 1017.06 
60.06 -102.05 -1011.84 1018.75 
59.57 -101.68 -1010.13 1016.98 
60.42 -102.91 -1011.96 1018.97 
58.35 -104.25 -1009.52 1016.57 
60.18 -101.68 -1011.35 1018.23 
59.08 -103.39 -1010.74 1017.73 
59.94 -100.71 -1010.62 1017.39 
59.81 -101.32 -1010.99 1017.81 
57.86 -104.25 -1010.74 1017.75 
60.18 -101.07 -1010.38 1017.20 
59.45 -101.93 -1011.60 1018.46 
59.45 -102.78 -1010.62 1017.57 
59.57 -100.46 -1010.86 1017.59 
59.08 -101.20 -1010.62 1017.39 
59.57 -100.46 -1010.86 1017.59 
58.96 -102.29 -1011.35 1018.22 
59.81 -100.34 -1010.50 1017.23 
59.94 -100.34 -1010.86 1017.60 
58.96 -103.27 -1009.89 1016.86 
60.55 -99.12 -1011.72 1018.36 
59.69 -102.17 -1010.13 1017.04 
58.35 -104.25 -1010.01 1017.05 
60.42 -99.85 -1011.96 1018.67 
60.67 -99.98 -1010.01 1016.76 
59.08 -102.54 -1011.35 1018.25 
58.23 -104.74 -1010.38 1017.46 
61.52 -99.12 -1011.84 1018.54 
59.08 -103.27 -1009.40 1016.39 
60.18 -100.95 -1011.60 1018.40 
58.35 -102.54 -1010.62 1017.48 
59.33 -105.22 -1010.50 1017.69 
60.42 -99.85 -1011.47 1018.19 
59.33 -102.42 -1010.25 1017.16 
60.42 -100.10 -1010.50 1017.24 
59.69 -102.05 -1011.23 1018.12 
59.45 -99.73 -1010.50 1017.15 
59.45 -100.34 -1010.62 1017.33 
60.42 -98.14 -1010.86 1017.41 
57.98 -105.71 -1011.23 1018.39 
60.79 -100.59 -1012.08 1018.89 
59.08 -101.44 -1010.13 1016.93 
59.94 -101.07 -1010.62 1017.43 
59.81 -100.71 -1010.25 1017.02 
60.06 -100.83 -1011.60 1018.38 
59.57 -100.59 -1010.62 1017.36 
59.33 -101.32 -1010.99 1017.78 
60.91 -101.20 -1011.47 1018.35 
58.11 -104.61 -1009.28 1016.35 
61.52 -98.39 -1011.72 1018.35 
59.08 -104.25 -1010.25 1017.34 
59.94 -101.07 -1010.99 1017.79 
58.96 -103.03 -1011.23 1018.17 
59.81 -102.66 -1010.38 1017.34 
58.72 -102.78 -1011.84 1018.74 
59.20 -103.88 -1009.77 1016.82 
59.69 -103.03 -1010.99 1017.97 
61.28 -101.20 -1010.50 1017.40 
58.96 -103.27 -1010.62 1017.59 
59.33 -105.47 -1011.11 1018.32 
60.18 -100.34 -1009.64 1016.40 
59.81 -101.20 -1011.47 1018.28 
59.20 -103.64 -1010.50 1017.52 
59.45 -101.93 -1010.25 1017.12 
59.20 -102.42 -1010.25 1017.16 
59.57 -104.00 -1010.74 1017.82 
60.42 -101.93 -1010.01 1016.94 
58.96 -100.95 -1011.23 1017.97 
59.33 -101.56 -1010.86 1017.68 
59.33 -103.03 -1011.96 1018.92 
59.33 -103.64 -1011.23 1018.26 
59.33 -103.76 -1009.03 1016.09 
59.57 -103.39 -1012.33 1019.34 
58.72 -104.49 -1009.89 1016.98 
59.69 -102.78 -1010.50 1017.46 
59.08 -101.93 -1011.35 1018.19 
59.45 -102.78 -1010.38 1017.33 
58.84 -104.25 -1010.74 1017.81 
59.20 -103.03 -1009.40 1016.37 
60.67 -100.22 -1010.38 1017.15 
60.06 -103.27 -1012.70 1019.72 
60.42 -101.68 -1011.47 1018.37 
58.96 -104.74 -1010.13 1017.26 
59.94 -102.78 -1010.38 1017.36 
60.06 -103.03 -1010.86 1017.87 
59.45 -103.76 -1010.25 1017.31 
59.94 -103.76 -1010.99 1018.06 
59.33 -104.13 -1010.74 1017.82 
59.33 -103.15 -1010.86 1017.84 
59.45 -104.13 -1010.74 1017.83 
59.08 -103.76 -1010.86 1017.89 
59.45 -104.37 -1010.01 1017.13 
58.72 -102.91 -1010.50 1017.42 
58.59 -104.61 -1011.11 1018.19 
59.94 -103.27 -1011.35 1018.38 
58.72 -104.25 -1010.13 1017.19 
61.28 -100.59 -1011.72 1018.55 
58.35 -105.35 -1009.64 1016.80 
58.84 -104.25 -1010.74 1017.81 
60.06 -101.68 -1010.62 1017.50 
59.20 -103.76 -1010.38 1017.41 
58.59 -103.64 -1010.74 1017.73 
59.20 -104.37 -1010.99 1018.08 
59.08 -104.00 -1010.50 1017.55 
59.57 -102.17 -1010.50 1017.40 
59.45 -104.00 -1010.99 1018.06 
59.81 -104.25 -1010.50 1017.62 
59.08 -103.39 -1010.38 1017.37 
59.33 -103.88 -1010.99 1018.04 
59.81 -103.88 -1011.11 1018.19 
59.20 -102.91 -1010.74 1017.69 
58.96 -104.49 -1010.62 1017.72 
59.81 -104.13 -1010.99 1018.09 
58.96 -104.61 -1010.86 1017.97 
59.20 -105.10 -1010.74 1017.92 
59.45 -104.86 -1010.62 1017.78 
58.96 -103.88 -1010.50 1017.53 
59.94 -104.98 -1010.86 1018.07 
59.81 -104.13 -1010.50 1017.61 
59.33 -105.71 -1010.86 1018.11 
59.20 -105.35 -1011.11 1018.30 
59.81 -104.00 -1010.25 1017.35 
59.20 -105.35 -1010.99 1018.18 
59.69 -105.10 -1010.25 1017.46 
59.20 -105.35 -1010.50 1017.70 
59.20 -105.59 -1011.47 1018.69 
58.96 -105.71 -1010.01 1017.24 
58.47 -107.67 -1009.40 1016.81 
59.33 -106.20 -1010.74 1018.04 
59.08 -105.59 -1010.50 1017.72 
58.23 -106.81 -1010.13 1017.43 
59.45 -105.71 -1011.11 1018.36 
59.20 -106.81 -1010.50 1017.85 
59.94 -107.18 -1010.13 1017.57 
59.20 -106.20 -1010.01 1017.30 
58.72 -106.20 -1010.50 1017.76 
59.45 -106.20 -1010.13 1017.44 
59.08 -107.06 -1010.62 1017.99 
58.84 -106.08 -1010.50 1017.75 
59.81 -105.71 -1010.01 1017.29 
59.20 -107.30 -1011.35 1018.75 
59.69 -107.18 -1010.62 1018.04 
59.45 -107.18 -1010.13 1017.54 
58.35 -106.93 -1010.50 1017.81 
58.47 -108.52 -1010.01 1017.50 
59.20 -108.64 -1010.99 1018.53 
58.47 -109.01 -1010.01 1017.56 
60.06 -106.20 -1010.86 1018.20 
58.96 -107.42 -1009.77 1017.17 
59.94 -108.76 -1011.23 1018.83 
58.96 -106.93 -1009.28 1016.64 
59.33 -108.89 -1010.86 1018.44 
58.35 -109.74 -1009.52 1017.14 
59.08 -108.15 -1010.01 1017.50 
58.47 -108.64 -1010.13 1017.64 
59.08 -108.28 -1009.89 1017.39 
59.81 -107.06 -1010.38 1017.79 
59.33 -108.52 -1010.13 1017.68 
58.96 -107.54 -1009.89 1017.31 
59.33 -107.30 -1010.25 1017.67 
59.45 -108.28 -1010.38 1017.90 
58.72 -108.15 -1010.38 1017.84 
59.45 -107.30 -1010.86 1018.28 
58.84 -109.62 -1009.89 1017.52 
59.08 -109.13 -1010.38 1017.97 
58.47 -107.91 -1010.01 1017.44 
59.45 -108.40 -1010.25 1017.79 
59.20 -108.28 -1010.01 1017.52 
58.11 -110.72 -1010.50 1018.20 
58.96 -108.40 -1010.01 1017.52 
59.20 -107.79 -1010.99 1018.44 
58.59 -108.15 -1009.77 1017.23 
59.20 -107.42 -1010.13 1017.55 
58.72 -108.28 -1010.25 1017.73 
59.08 -107.30 -1010.13 1017.53 
58.96 -106.69 -1010.25 1017.58 
58.84 -107.06 -1010.50 1017.86 
59.08 -106.32 -1010.50 1017.79 
59.45 -106.57 -1010.62 1017.96 
59.08 -107.06 -1010.50 1017.87 
58.72 -106.32 -1009.89 1017.17 
58.47 -106.20 -1010.99 1018.23 
59.69 -105.96 -1010.25 1017.55 
58.84 -106.32 -1010.13 1017.41 
59.33 -105.83 -1011.47 1018.73 
59.69 -105.83 -1010.25 1017.53 
58.59 -106.81 -1010.38 1017.69 
59.81 -105.83 -1010.74 1018.03 
59.94 -105.59 -1010.62 1017.89 
59.45 -106.32 -1010.74 1018.06 
58.72 -106.20 -1010.50 1017.76 
57.98 -108.03 -1009.89 1017.30 
59.69 -104.86 -1011.11 1018.28 
61.16 -104.00 -1010.25 1017.43 
57.86 -109.37 -1009.77 1017.32 
58.84 -107.18 -1011.72 1019.08 
60.42 -104.13 -1009.16 1016.31 
58.11 -109.50 -1010.62 1018.19 
59.45 -107.67 -1010.13 1017.59 
60.06 -104.86 -1010.38 1017.58 
58.35 -110.11 -1010.38 1018.03 
59.94 -106.08 -1011.11 1018.42 
60.67 -104.25 -1010.74 1017.91 
57.62 -109.37 -1010.50 1018.03 
59.57 -106.81 -1010.74 1018.11 
59.08 -106.45 -1010.13 1017.44 
58.84 -106.57 -1010.25 1017.56 
60.67 -104.25 -1010.50 1017.67 
60.42 -105.47 -1010.74 1018.02 
56.76 -111.33 -1009.77 1017.47 
59.57 -105.22 -1010.38 1017.59 
59.69 -104.86 -1010.86 1018.04 
58.84 -105.96 -1010.38 1017.62 
59.94 -106.45 -1011.11 1018.46 
58.59 -107.30 -1010.13 1017.50 
59.45 -106.08 -1010.01 1017.30 
57.86 -107.67 -1010.62 1017.98 
59.94 -104.25 -1010.62 1017.75 
57.62 -109.86 -1009.89 1017.48 
59.94 -104.25 -1011.35 1018.48 
62.13 -101.07 -1010.13 1017.08 
56.15 -112.67 -1010.13 1017.95 
61.65 -103.76 -1010.62 1017.80 
57.74 -110.11 -1009.52 1017.15 
58.23 -107.79 -1009.89 1017.29 
59.69 -108.28 -1011.35 1018.88 
58.59 -106.93 -1010.13 1017.46 
59.94 -108.28 -1010.86 1018.41 
58.35 -107.42 -1010.62 1017.99 
59.45 -106.69 -1009.64 1017.00 
59.33 -106.93 -1011.35 1018.72 
59.33 -105.83 -1010.13 1017.39 
58.72 -107.54 -1010.86 1018.26 
59.94 -103.88 -1010.38 1017.47 
59.57 -104.74 -1009.89 1017.05 
58.96 -106.81 -1010.13 1017.47 
58.72 -106.57 -1009.64 1016.95 
59.69 -105.83 -1010.86 1018.14 
59.08 -105.10 -1010.25 1017.42 
59.81 -105.35 -1011.11 1018.34 
59.57 -106.08 -1010.50 1017.80 
58.35 -107.06 -1009.77 1017.10 
59.69 -106.08 -1010.50 1017.80 
58.47 -107.18 -1009.40 1016.76 
60.55 -105.83 -1011.11 1018.43 
57.98 -107.30 -1010.01 1017.35 
58.72 -107.42 -1010.01 1017.40 
58.72 -107.79 -1011.35 1018.77 
59.57 -107.79 -1010.50 1017.98 
58.96 -106.57 -1010.74 1018.05 
59.81 -107.54 -1010.62 1018.08 
58.59 -109.01 -1009.52 1017.08 
58.84 -106.57 -1010.13 1017.44 
59.08 -104.25 -1010.25 1017.34 
58.84 -108.15 -1011.11 1018.58 
57.86 -107.54 -1009.64 1017.00 
59.20 -105.35 -1010.86 1018.06 
58.47 -106.93 -1010.38 1017.70 
59.33 -106.45 -1010.62 1017.94 
59.45 -105.22 -1010.01 1017.21 
58.84 -105.47 -1009.89 1017.08 
58.84 -105.22 -1010.38 1017.54 
59.08 -106.81 -1010.25 1017.60 
59.08 -106.45 -1010.74 1018.05 
60.30 -106.32 -1010.99 1018.35 
59.45 -108.52 -1009.89 1017.44 
57.98 -108.52 -1010.62 1018.08 
60.06 -104.86 -1010.50 1017.70 
59.33 -106.08 -1010.13 1017.42 
57.98 -109.37 -1009.77 1017.33 
58.59 -108.40 -1010.38 1017.86 
59.45 -106.93 -1010.25 1017.64 
58.84 -107.91 -1010.50 1017.95 
59.33 -106.57 -1010.50 1017.83 
58.59 -106.81 -1010.25 1017.57 
60.55 -105.59 -1009.52 1016.83 
58.72 -108.64 -1011.23 1018.74 
58.47 -108.15 -1009.40 1016.86 
59.57 -106.32 -1011.23 1018.55 
60.79 -102.29 -1009.03 1016.03 
58.59 -108.28 -1011.84 1019.30 
58.47 -107.06 -1009.77 1017.11 
59.69 -108.52 -1010.50 1018.06 
58.35 -108.03 -1010.25 1017.69 
59.57 -105.83 -1009.40 1016.68 
58.84 -107.30 -1011.47 1018.85 
59.33 -107.67 -1010.01 1017.46 
59.94 -107.30 -1010.74 1018.19 
58.96 -109.99 -1010.01 1017.69 
58.96 -108.64 -1010.74 1018.27 
59.45 -108.52 -1010.13 1017.68 
59.57 -107.42 -1010.50 1017.94 
58.96 -109.25 -1010.13 1017.73 
59.33 -108.64 -1010.13 1017.69 
58.35 -109.01 -1010.25 1017.79 
59.33 -111.08 -1010.50 1018.32 
58.59 -109.01 -1010.25 1017.81 
59.08 -109.86 -1010.25 1017.93 
59.20 -110.35 -1009.77 1017.50 
58.96 -108.40 -1009.89 1017.40 
58.84 -110.47 -1010.13 1017.86 
58.59 -108.76 -1010.50 1018.02 
59.08 -107.91 -1010.13 1017.60 
58.72 -108.40 -1010.50 1017.99 
58.59 -109.25 -1009.89 1017.47 
58.72 -109.37 -1010.50 1018.09 
60.06 -108.89 -1010.50 1018.12 
59.45 -108.52 -1009.89 1017.44 
58.84 -110.11 -1009.64 1017.33 
58.84 -107.42 -1009.77 1017.17 
58.96 -109.37 -1010.50 1018.11 
59.81 -109.62 -1010.50 1018.18 
58.23 -110.11 -1010.01 1017.66 
59.33 -108.89 -1010.62 1018.20 
57.13 -111.57 -1009.89 1017.64 
61.65 -105.71 -1010.13 1017.52 
57.50 -111.08 -1009.64 1017.36 
58.47 -109.01 -1009.77 1017.31 
58.96 -108.40 -1010.62 1018.13 
59.08 -108.28 -1010.01 1017.51 
59.08 -110.23 -1010.25 1017.97 
58.84 -108.28 -1009.77 1017.26 
59.33 -110.35 -1010.13 1017.87 
59.08 -107.91 -1010.50 1017.96 
60.30 -106.93 -1010.25 1017.69 
57.37 -112.18 -1009.64 1017.48 
59.33 -109.74 -1010.38 1018.05 
59.57 -107.67 -1011.11 1018.57 
59.45 -108.28 -1009.40 1016.93 
59.69 -109.01 -1011.11 1018.72 
57.25 -109.13 -1009.28 1016.77 
59.69 -108.89 -1010.86 1018.46 
57.62 -109.01 -1009.77 1017.27 
59.57 -108.52 -1010.50 1018.05 
57.98 -110.84 -1010.25 1017.97 
58.35 -109.74 -1009.64 1017.26 
59.08 -111.21 -1010.13 1017.95 
59.08 -108.40 -1009.77 1017.28 
58.72 -110.96 -1010.13 1017.90 
61.40 -103.52 -1010.99 1018.13 
55.30 -115.23 -1009.16 1017.22 
60.55 -105.59 -1010.74 1018.04 
58.72 -109.74 -1010.13 1017.77 
57.62 -110.47 -1009.40 1017.06 
59.69 -108.76 -1010.50 1018.09 
57.86 -110.23 -1010.38 1018.02 
59.20 -110.35 -1009.64 1017.38 
58.72 -108.03 -1009.89 1017.35 
58.84 -110.35 -1009.77 1017.48 
58.11 -110.84 -1011.23 1018.94 
59.45 -104.61 -1009.28 1016.42 
57.37 -112.30 -1010.74 1018.58 
60.18 -105.22 -1011.11 1018.35 
56.76 -112.67 -1008.54 1016.41 
60.06 -106.45 -1010.74 1018.10 
58.59 -108.52 -1010.50 1018.00 
58.11 -108.03 -1009.40 1016.83 
59.69 -108.40 -1010.38 1017.93 
58.47 -109.62 -1010.01 1017.62 
58.59 -107.18 -1010.13 1017.49 
59.20 -108.28 -1010.99 1018.49 
58.59 -108.64 -1010.01 1017.52 
58.84 -108.15 -1009.89 1017.37 
59.08 -108.15 -1010.50 1017.99 
58.11 -107.79 -1010.01 1017.41 
58.59 -109.01 -1010.50 1018.05 
60.06 -108.64 -1010.25 1017.85 
58.96 -109.25 -1010.01 1017.61 
59.20 -108.52 -1011.47 1019.00 
58.59 -107.67 -1009.52 1016.94 
57.98 -108.15 -1010.38 1017.80 
59.08 -108.15 -1009.64 1017.14 
58.35 -109.37 -1010.38 1017.95 
59.20 -108.15 -1010.74 1018.23 
59.69 -107.42 -1010.50 1017.94 
58.47 -108.40 -1010.01 1017.49 
59.20 -109.50 -1010.01 1017.65 
59.69 -106.45 -1010.01 1017.36 
59.33 -107.91 -1009.77 1017.25 
58.96 -109.37 -1011.35 1018.96 
58.96 -109.01 -1010.50 1018.07 
59.08 -108.89 -1010.74 1018.31 
58.72 -109.86 -1010.01 1017.66 
58.96 -109.62 -1010.38 1018.01 
58.47 -110.11 -1009.40 1017.07 
59.94 -108.40 -1011.47 1019.03 
58.84 -110.23 -1009.64 1017.35 
60.18 -108.52 -1010.62 1018.21 
58.59 -110.72 -1010.74 1018.48 
58.96 -110.72 -1010.25 1018.01 
59.20 -109.50 -1010.01 1017.65 
58.11 -112.18 -1010.01 1017.88 
59.08 -108.28 -1010.74 1018.24 
58.35 -110.23 -1009.89 1017.56 
58.72 -110.96 -1010.01 1017.78 
57.98 -112.06 -1010.86 1018.71 
62.99 -104.49 -1010.62 1017.96 
55.30 -117.80 -1008.91 1017.27 
59.08 -112.06 -1009.28 1017.20 
59.94 -110.84 -1010.62 1018.45 
56.76 -113.40 -1008.18 1016.12 
60.55 -111.94 -1011.47 1019.45 
57.01 -115.23 -1009.40 1017.55 
60.18 -110.23 -1009.64 1017.42 
59.08 -112.18 -1010.62 1018.54 
57.62 -115.84 -1009.16 1017.42 
59.33 -112.30 -1009.52 1017.48 
57.62 -114.38 -1009.77 1017.86 
58.23 -112.92 -1009.52 1017.48 
58.72 -112.92 -1009.89 1017.88 
58.84 -113.28 -1009.77 1017.80 
59.08 -114.01 -1009.89 1018.02 
57.98 -113.53 -1010.13 1018.14 
57.86 -113.16 -1009.64 1017.61 
58.47 -113.53 -1009.77 1017.81 
58.35 -114.62 -1009.16 1017.32 
58.35 -113.40 -1009.40 1017.42 
57.98 -114.01 -1009.77 1017.83 
58.11 -113.65 -1008.91 1016.95 
58.59 -112.79 -1009.89 1017.85 
58.47 -114.38 -1010.01 1018.15 
59.08 -113.40 -1009.52 1017.59 
58.35 -113.28 -1009.64 1017.65 
57.98 -114.62 -1010.13 1018.27 
58.35 -113.65 -1009.89 1017.94 
