.76 
-11.23 997.31 -55.42 998.92 
-9.40 994.87 -51.39 996.24 
-10.01 996.09 -54.69 997.64 
-7.93 993.53 -50.17 994.83 
-8.18 997.92 -53.83 999.41 
-10.99 992.55 -45.41 993.65 
-9.16 996.70 -53.71 998.19 
-6.96 992.68 -50.42 993.98 
-8.79 998.17 -52.61 999.59 
-9.03 992.31 -47.49 993.49 
-7.45 997.19 -53.71 998.67 
-7.20 995.61 -45.41 996.67 
-6.96 990.11 -45.41 991.18 
-9.16 996.83 -52.37 998.24 
-8.06 996.46 -50.29 997.76 
-9.77 993.53 -50.29 994.85 
-10.99 993.77 -38.94 994.60 
-11.11 994.26 -51.39 995.65 
-2.08 999.27 -62.99 1001.25 
-5.98 993.04 -51.51 994.40 
-13.43 996.09 -46.88 997.29 
-4.76 995.73 -57.25 997.38 
-5.86 992.07 -42.11 992.98 
-9.89 995.97 -49.68 997.26 
-4.76 994.87 -51.27 996.20 
-3.05 993.53 -40.28 994.35 
-13.18 997.56 -53.71 999.09 
-4.88 994.63 -48.95 995.84 
-9.28 994.87 -45.04 995.94 
-6.59 996.46 -51.03 997.79 
-5.86 994.02 -42.85 994.96 
-8.06 994.02 -46.02 995.12 
-6.96 997.31 -45.41 998.37 
-6.23 991.21 -41.99 992.12 
-6.84 996.70 -46.88 997.83 
-9.16 995.97 -47.49 997.15 
-5.62 994.02 -41.14 994.89 
-8.30 993.53 -47.12 994.68 
-9.28 997.56 -49.68 998.84 
-5.00 993.90 -40.04 994.72 
-10.01 996.46 -47.73 997.65 
-5.49 994.02 -45.65 995.08 
-8.91 994.51 -44.43 995.54 
-8.18 997.19 -46.26 998.30 
-6.84 995.24 -41.26 996.12 
-9.77 994.51 -47.97 995.71 
-6.59 995.00 -43.46 995.97 
-8.42 995.85 -44.07 996.86 
-9.52 995.00 -48.71 996.23 
-6.71 995.24 -43.58 996.22 
-5.74 992.31 -36.74 993.01 
-14.16 999.51 -54.32 1001.09 
-3.30 989.99 -28.56 990.41 
-11.84 1000.37 -49.68 1001.67 
-10.38 993.41 -44.43 994.46 
-4.15 994.63 -39.55 995.42 
-13.43 996.70 -46.75 997.89 
-6.35 994.75 -42.97 995.70 
-9.28 993.77 -36.38 994.48 
-8.79 996.46 -49.68 997.74 
-7.93 992.68 -36.87 993.39 
-6.59 995.73 -44.07 996.72 
-10.38 995.48 -41.87 996.42 
-6.84 996.09 -42.72 997.03 
-8.79 994.14 -39.43 994.96 
-7.57 995.00 -43.70 995.98 
-9.16 996.34 -43.58 997.33 
-6.59 995.24 -39.31 996.04 
-8.67 994.51 -43.95 995.52 
-9.16 994.51 -37.84 995.27 
-7.32 996.70 -45.65 997.78 
-5.86 993.77 -40.77 994.63 
-8.18 996.46 -39.79 997.29 
-8.30 992.92 -42.60 993.87 
-7.45 997.56 -41.63 998.45 
-8.91 993.65 -40.04 994.50 
-7.32 995.61 -38.82 996.39 
-9.77 996.09 -41.75 997.02 
-7.93 993.04 -39.18 993.85 
-7.45 997.44 -38.21 998.20 
-9.16 996.09 -42.36 997.04 
-9.28 994.14 -35.89 994.83 
-6.10 994.51 -40.16 995.34 
-8.18 994.02 -36.99 994.74 
-9.28 996.58 -42.85 997.55 
-11.72 995.85 -37.96 996.64 
-5.86 995.73 -37.72 996.46 
-12.08 994.38 -36.38 995.12 
-7.45 996.46 -36.99 997.17 
-11.35 995.61 -35.16 996.29 
-6.59 994.26 -33.45 994.85 
-8.67 995.12 -39.43 995.94 
-7.20 994.38 -33.20 994.97 
-11.47 995.73 -35.16 996.41 
-8.18 994.87 -36.25 995.57 
-8.42 996.46 -40.16 997.30 
-7.32 994.63 -32.10 995.17 
-9.03 996.95 -40.41 997.81 
-6.96 994.26 -32.59 994.82 
-9.16 996.09 -37.48 996.84 
-7.20 997.07 -36.01 997.75 
-10.01 991.82 -28.20 992.27 
-6.59 994.51 -31.25 995.02 
-7.45 999.76 -35.40 1000.41 
-7.32 992.31 -27.10 992.71 
-10.01 995.48 -31.49 996.03 
-8.06 997.92 -31.37 998.45 
-9.28 993.77 -32.23 994.34 
-7.45 996.09 -35.28 996.75 
-8.79 997.07 -30.40 997.57 
-10.86 993.04 -26.61 993.46 
-5.37 994.75 -27.10 995.13 
-11.11 995.97 -34.55 996.63 
-9.52 995.97 -28.69 996.43 
-8.06 994.14 -24.90 994.49 
-8.54 997.56 -36.01 998.24 
-8.91 994.26 -30.40 994.77 
-7.93 997.07 -30.27 997.56 
-9.28 992.80 -28.32 993.25 
-11.47 995.85 -30.52 996.38 
-9.03 999.63 -35.16 1000.29 
-7.57 992.92 -26.37 993.30 
-10.13 994.75 -29.17 995.23 
-9.28 996.09 -31.74 996.64 
-12.45 995.36 -29.17 995.87 
-8.18 996.09 -30.27 996.59 
-10.99 994.14 -27.47 994.58 
-9.40 996.83 -31.62 997.37 
-9.89 993.65 -28.44 994.11 
-10.01 995.48 -29.54 995.97 
-8.42 996.46 -31.86 997.00 
-9.89 993.16 -24.90 993.53 
-10.01 996.83 -31.98 997.39 
-9.77 995.00 -28.93 995.46 
-7.93 995.61 -31.01 996.12 
-9.64 993.77 -27.10 994.19 
-11.23 997.19 -31.25 997.75 
-9.16 996.09 -27.47 996.51 
-10.01 993.65 -22.09 993.95 
-9.03 1000.00 -36.62 1000.71 
-10.13 990.23 -17.70 990.44 
-10.01 999.27 -32.35 999.84 
-8.79 993.65 -22.71 993.95 
-11.60 995.85 -31.13 996.40 
-7.93 995.00 -27.22 995.40 
-10.13 995.12 -23.19 995.44 
-9.89 996.83 -33.08 997.42 
-9.52 995.00 -24.90 995.35 
-9.03 995.24 -28.08 995.68 
-11.84 995.73 -25.15 996.12 
-12.21 995.73 -31.37 996.30 
-4.52 994.14 -28.44 994.56 
-12.21 995.24 -25.27 995.63 
-10.01 997.07 -29.42 997.55 
-11.35 995.73 -28.32 996.19 
-7.57 995.61 -29.79 996.08 
-11.35 993.90 -26.49 994.31 
-9.16 1000.73 -31.74 1001.28 
-12.45 987.67 -21.73 987.99 
-10.01 1000.73 -30.52 1001.25 
-10.74 992.55 -30.15 993.07 
-12.21 994.87 -30.64 995.42 
-11.96 997.68 -32.10 998.27 
-10.38 994.14 -25.76 994.53 
-10.99 994.75 -35.03 995.43 
-9.52 998.05 -39.79 998.89 
-8.91 995.61 -36.13 996.30 
-10.99 994.38 -25.76 994.78 
-12.57 997.31 -36.13 998.05 
-11.35 991.09 -24.29 991.45 
-8.79 997.68 -27.34 998.09 
-12.33 995.97 -29.30 996.48 
-9.16 993.77 -28.93 994.24 
-10.74 998.29 -27.34 998.72 
-9.28 993.77 -29.17 994.25 
-10.62 994.51 -27.22 994.94 
-10.74 996.95 -29.54 997.44 
-11.72 994.51 -26.73 994.94 
-8.54 996.46 -27.47 996.87 
-12.94 995.61 -31.74 996.20 
-11.11 992.55 -23.68 992.90 
-9.03 998.41 -34.91 999.06 
-11.96 992.92 -24.17 993.29 
-9.40 997.68 -31.49 998.22 
-12.45 993.77 -27.10 994.22 
-11.72 996.22 -30.03 996.74 
-8.42 991.82 -29.42 992.29 
-14.65 998.17 -30.52 998.74 
-9.52 995.61 -28.32 996.05 
-8.06 995.24 -28.44 995.68 
-14.40 997.07 -32.59 997.71 
-4.39 993.77 -25.51 994.11 
-19.29 992.55 -22.09 992.99 
-13.06 1000.49 -34.55 1001.17 
-8.06 990.36 -21.97 990.63 
-11.23 997.80 -33.94 998.44 
-9.03 994.75 -26.37 995.14 
-14.65 993.41 -25.27 993.84 
-8.91 996.70 -31.98 997.26 
-10.01 994.14 -25.15 994.51 
-10.38 995.24 -26.00 995.63 
-12.33 995.97 -33.20 996.60 
-7.69 994.63 -19.65 994.85 
-15.99 996.34 -30.52 996.93 
-8.06 996.09 -33.08 996.68 
-11.96 995.00 -23.07 995.33 
-10.50 995.85 -30.40 996.37 
-12.08 995.12 -23.80 995.48 
-9.64 994.38 -25.51 994.76 
-12.45 998.78 -30.03 999.31 
-10.01 992.31 -22.71 992.62 
-9.03 997.31 -22.95 997.62 
-13.43 995.61 -29.42 996.13 
-7.93 993.90 -25.76 994.26 
-12.57 996.83 -24.17 997.20 
-11.60 996.46 -30.27 996.99 
-11.11 994.51 -27.34 994.94 
-9.64 996.58 -24.29 996.92 
-13.67 994.14 -28.20 994.63 
-6.84 997.56 -17.21 997.73 
-15.01 991.70 -23.19 992.08 
-9.28 997.19 -25.88 997.57 
-12.70 997.44 -27.47 997.90 
-11.84 992.07 -22.71 992.40 
-11.60 997.92 -27.34 998.37 
-11.72 994.14 -25.02 994.52 
-11.60 996.70 -26.73 997.13 
-12.94 994.02 -22.83 994.36 
-11.47 995.12 -26.49 995.54 
-12.21 995.48 -29.17 995.99 
-10.86 994.75 -26.49 995.16 
-12.45 996.58 -26.98 997.02 
-10.86 994.14 -27.22 994.57 
-11.60 997.07 -27.83 997.53 
-10.86 995.97 -27.34 996.41 
-12.21 993.53 -24.17 993.90 
-11.47 996.83 -29.91 997.34 
-11.35 993.41 -26.61 993.83 
-11.60 997.56 -29.54 998.06 
-12.57 995.61 -23.44 995.96 
-11.84 995.24 -26.49 995.66 
-15.26 994.87 -24.66 995.30 
-6.96 994.63 -20.75 994.87 
-14.77 997.07 -37.72 997.89 
-11.47 994.02 -22.83 994.35 
-13.79 996.95 -28.32 997.45 
-11.47 992.80 -24.78 993.17 
-12.70 999.88 -27.83 1000.35 
-15.14 992.43 -22.95 992.81 
-11.84 996.95 -30.64 997.49 
-15.01 995.73 -28.08 996.24 
-12.45 994.87 -25.27 995.27 
-11.23 995.61 -25.02 995.98 
-16.97 995.12 -31.25 995.75 
-11.60 995.48 -27.34 995.93 
-14.77 998.17 -27.59 998.66 
-11.47 995.61 -28.69 996.08 
-15.01 994.14 -25.76 994.59 
-10.25 997.44 -27.71 997.87 
-15.63 994.38 -25.02 994.82 
-13.79 994.75 -23.44 995.12 
-13.55 996.09 -27.10 996.55 
-11.47 995.61 -20.87 995.89 
-16.36 992.68 -24.17 993.10 
-11.96 997.92 -28.44 998.40 
-11.72 996.95 -31.62 997.52 
-11.47 990.97 -21.61 991.27 
-15.75 997.68 -26.12 998.15 
-13.18 995.73 -31.13 996.30 
-10.86 993.41 -21.12 993.69 
-14.04 997.19 -30.52 997.76 
-12.21 994.87 -25.51 995.27 
-13.06 993.65 -23.19 994.01 
-14.04 996.34 -28.08 996.83 
-13.06 995.61 -28.69 996.10 
-13.55 997.31 -24.78 997.71 
-12.94 994.63 -25.63 995.04 
-13.43 996.46 -28.69 996.96 
-13.79 996.09 -27.83 996.58 
-14.16 994.63 -24.66 995.04 
-12.82 996.34 -26.86 996.78 
-12.70 995.36 -27.95 995.83 
-13.31 995.61 -26.86 996.06 
-12.57 994.02 -25.15 994.42 
-14.28 995.73 -26.37 996.18 
-13.06 995.61 -26.98 996.06 
-13.55 995.73 -24.29 996.12 
-13.31 995.36 -24.17 995.74 
-12.57 997.68 -28.69 998.17 
-12.70 994.63 -22.83 994.97 
-13.06 995.73 -26.61 996.17 
-13.67 994.02 -22.95 994.38 
-14.77 996.70 -27.83 997.20 
-14.16 994.26 -22.95 994.63 
-14.77 994.51 -23.44 994.89 
-13.06 997.31 -28.44 997.81 
-12.57 998.41 -23.56 998.77 
-17.94 992.07 -29.66 992.67 
-8.91 996.22 -21.12 996.48 
-14.04 994.87 -18.19 995.14 
-14.04 995.73 -33.94 996.40 
-15.14 997.31 -22.34 997.68 
-11.60 993.41 -21.61 993.71 
-15.75 996.46 -27.71 996.97 
-12.08 997.19 -28.69 997.68 
-12.94 991.70 -18.68 991.96 
-12.45 999.15 -28.81 999.64 
-14.16 992.80 -25.39 993.22 
-11.23 997.07 -25.88 997.47 
-14.40 995.48 -19.90 995.79 
-14.65 994.26 -28.20 994.77 
-10.50 995.00 -22.83 995.31 
-16.36 996.83 -21.61 997.19 
-12.33 992.55 -28.32 993.03 
-11.23 998.66 -23.44 999.00 
-12.57 994.63 -26.61 995.06 
-13.18 994.75 -19.17 995.02 
-11.35 996.34 -25.76 996.74 
-11.47 995.73 -29.79 996.24 
-13.18 994.14 -23.07 994.50 
-12.82 997.56 -28.20 998.04 
-12.82 994.87 -25.76 995.29 
-12.33 997.07 -26.12 997.49 
-11.72 994.51 -23.80 994.86 
-14.77 996.46 -23.44 996.84 
-11.96 993.90 -23.07 994.24 
-12.70 997.07 -26.73 997.51 
-12.21 995.36 -23.93 995.72 
-14.04 996.22 -23.44 996.59 
-13.06 995.73 -24.05 996.10 
-11.84 993.29 -23.19 993.63 
-8.91 996.83 -26.61 997.22 
-14.53 995.85 -21.00 996.18 
-10.74 994.63 -21.24 994.91 
-12.57 995.24 -23.32 995.59 
-10.50 994.75 -20.51 995.02 
-12.21 998.29 -26.61 998.72 
-12.57 992.80 -23.93 993.17 
-12.33 996.70 -23.80 997.06 
-12.45 995.48 -24.17 995.85 
-10.13 993.65 -19.29 993.89 
-15.38 997.92 -26.98 998.41 
-10.25 993.77 -20.14 994.03 
-10.86 996.58 -26.00 996.98 
-14.16 994.38 -23.56 994.76 
-7.81 997.31 -19.90 997.54 
-13.92 991.58 -24.05 991.97 
-13.43 999.39 -21.73 999.72 
-11.72 993.41 -17.58 993.63 
-12.82 998.54 -25.15 998.93 
-10.86 993.41 -21.36 993.70 
-12.82 995.48 -18.92 995.75 
-14.40 995.97 -24.54 996.38 
-10.38 994.51 -20.14 994.76 
-7.81 996.09 -27.59 996.51 
-16.85 995.00 -23.19 995.41 
-8.54 995.61 -15.99 995.77 
-16.36 995.97 -29.42 996.54 
-10.74 993.77 -17.58 993.99 
-8.91 997.19 -19.41 997.42 
-14.28 993.04 -23.56 993.42 
-13.31 999.51 -28.56 1000.01 
-9.64 990.60 -10.62 990.70 
-13.31 1000.37 -31.49 1000.95 
-13.18 992.92 -20.63 993.22 
-13.31 996.83 -19.41 997.10 
-11.60 996.22 -28.56 996.69 
-11.96 995.73 -21.36 996.03 
-10.62 994.26 -21.00 994.54 
-11.96 996.22 -27.47 996.67 
-12.57 995.61 -18.68 995.86 
-15.14 995.48 -21.24 995.83 
-10.38 995.61 -21.97 995.90 
-14.40 993.53 -15.50 993.76 
-13.67 999.88 -33.81 1000.54 
-9.16 991.94 -19.17 992.17 
-14.89 996.95 -18.68 997.23 
-13.79 996.58 -21.61 996.91 
-9.77 996.46 -20.02 996.71 
-15.26 995.48 -9.64 995.65 
-12.94 994.51 -16.85 994.73 
-10.13 998.05 -20.87 998.32 
-11.96 994.51 -17.70 994.74 
-13.92 995.24 -18.68 995.51 
-12.08 995.73 -19.78 996.00 
-12.08 994.38 -18.19 994.62 
-12.70 996.46 -21.48 996.77 
-9.89 996.46 -22.22 996.76 
-14.40 993.77 -21.48 994.11 
-13.18 998.17 -19.90 998.45 
-13.92 995.36 -17.94 995.62 
-10.50 996.09 -20.02 996.35 
-9.40 994.75 -19.41 994.98 
-15.99 999.27 -27.83 999.78 
-11.23 992.07 -9.40 992.17 
-12.94 996.70 -18.07 996.95 
-13.67 994.02 -20.26 994.32 
-13.06 996.83 -15.63 997.03 
-11.96 995.85 -19.65 996.12 
-15.26 993.04 -9.52 993.20 
-13.31 1000.12 -27.22 1000.58 
-6.96 992.80 -19.78 993.02 
-14.65 996.46 -15.75 996.69 
-16.11 997.80 -23.68 998.21 
-9.16 993.16 -16.60 993.35 
-14.04 995.36 -19.17 995.64 
-10.86 997.44 -20.14 997.70 
-12.33 991.94 -13.55 992.11 
-15.01 998.41 -21.00 998.75 
-8.67 993.65 -19.04 993.87 
-14.40 996.83 -16.24 997.06 
-11.72 995.73 -22.09 996.04 
-14.28 994.51 -15.87 994.74 
-10.38 995.48 -20.63 995.75 
-13.06 996.09 -18.55 996.35 
-11.35 995.00 -20.26 995.27 
-12.45 995.85 -19.41 996.12 
-10.99 995.00 -17.21 995.20 
-13.43 995.61 -17.82 995.86 
-13.55 994.26 -17.82 994.51 
-13.31 998.66 -19.41 998.93 
-9.89 993.77 -15.87 993.95 
-13.92 995.00 -15.63 995.22 
-11.11 997.44 -22.34 997.75 
-11.72 995.00 -13.67 995.16 
-12.45 995.24 -15.63 995.44 
-10.74 995.97 -17.09 996.18 
-13.55 994.38 -14.04 994.58 
-10.50 997.07 -18.68 997.30 
-14.04 993.90 -11.96 994.07 
-11.35 996.22 -17.46 996.43 
-13.31 995.48 -14.53 995.68 
-10.01 996.46 -15.63 996.63 
-12.21 993.77 -10.50 993.90 
-17.82 997.56 -15.26 997.83 
-8.54 995.12 -17.46 995.31 
-14.16 996.70 -13.55 996.90 
-9.52 994.51 -15.38 994.67 
-13.79 996.22 -14.53 996.42 
-11.35 994.87 -15.75 995.06 
-14.04 995.73 -14.04 995.93 
-11.23 995.97 -17.09 996.18 
-12.70 995.85 -11.47 996.00 
-12.70 995.61 -16.97 995.83 
-13.18 995.73 -13.18 995.90 
-11.84 995.24 -15.75 995.43 
-13.67 995.24 -11.11 995.40 
-11.35 996.34 -17.09 996.55 
-13.55 995.24 -12.57 995.41 
-15.14 995.97 -11.96 996.16 
-11.60 993.29 -10.86 993.41 
-11.35 1001.34 -34.06 1001.99 
-7.20 991.09 -9.28 991.16 
-12.57 995.00 -9.40 995.12 
-12.08 997.31 -17.21 997.54 
-11.23 996.58 -15.38 996.76 
-9.40 992.19 -9.40 992.28 
-11.47 998.90 -15.63 999.09 
-10.74 992.55 -15.01 992.73 
-12.57 999.15 -19.41 999.41 
-9.52 991.33 -6.96 991.40 
-11.96 998.17 -16.85 998.38 
-11.60 994.75 -17.58 994.97 
-10.99 994.63 -7.45 994.72 
-13.67 997.56 -14.28 997.75 
-11.11 993.41 -10.86 993.53 
-11.35 995.36 -12.45 995.50 
-11.23 996.58 -18.43 996.82 
-11.23 996.70 -12.45 996.85 
-9.89 992.07 -14.04 992.21 
-13.06 998.54 -17.82 998.78 
-15.75 989.62 1.46 989.75 
-15.99 1000.12 -15.63 1000.37 
-13.79 995.48 -15.99 995.71 
-12.33 995.36 -18.80 995.62 
-6.71 996.34 -13.06 996.45 
-15.26 995.85 -17.94 996.13 
-10.99 993.77 -7.32 993.86 
-13.67 995.00 -10.38 995.14 
-13.67 995.61 -7.81 995.73 
-12.45 995.48 -17.58 995.72 
-8.42 995.24 -9.64 995.32 
-14.77 998.05 -20.14 998.36 
-12.21 991.82 -6.59 991.92 
-11.84 997.07 -10.86 997.20 
-15.63 994.38 -13.31 994.60 
-12.33 996.22 -18.92 996.47 
-12.82 996.34 -12.21 996.50 
-13.92 996.34 -18.07 996.60 
-13.92 994.26 -12.45 994.44 
-12.45 997.19 -20.51 997.48 
-12.45 995.61 -15.14 995.80 
-15.50 995.00 -13.55 995.21 
-11.47 994.87 -10.25 994.99 
-19.78 995.61 -10.50 995.86 
-9.64 994.63 -11.23 994.74 
-12.94 993.77 -14.65 993.97 
-16.60 999.02 -18.68 999.34 
-15.75 993.53 -8.54 993.69 
-9.64 997.31 -21.36 997.59 
-13.79 995.24 -11.84 995.41 
-14.77 994.51 -10.01 994.67 
-17.58 997.19 -17.33 997.50 
-11.23 994.75 -7.81 994.85 
-16.24 996.83 -12.33 997.03 
-13.79 995.73 -13.67 995.92 
-13.18 998.05 -14.16 998.23 
-14.16 990.36 -7.20 990.48 
-10.13 999.51 -22.83 999.82 
-19.04 991.82 -8.79 992.04 
-15.75 998.90 -18.31 999.19 
-14.77 996.09 -12.08 996.28 
-12.45 994.63 -10.50 994.76 
-16.72 995.61 -18.43 995.92 
-12.82 994.63 -12.08 994.78 
-18.92 994.14 -9.16 994.36 
-13.55 999.02 -22.34 999.36 
-16.24 993.41 -12.08 993.61 
-12.94 994.63 -9.89 994.76 
-14.89 998.05 -17.70 998.31 
-14.16 993.65 -10.25 993.81 
-15.01 995.00 -13.67 995.20 
-15.75 996.95 -13.43 997.16 
-14.04 993.90 -11.11 994.06 
-13.79 996.83 -13.79 997.02 
-14.40 994.26 -12.57 994.45 
-14.89 997.56 -18.31 997.84 
-12.45 993.65 -8.91 993.77 
-16.24 997.31 -13.79 997.54 
-13.31 992.80 -13.18 992.97 
-14.28 996.95 -10.99 997.11 
-15.14 995.85 -15.14 996.08 
-12.94 994.63 -9.40 994.76 
-14.89 995.61 -13.67 995.81 
-14.28 995.61 -13.43 995.80 
-14.40 995.73 -13.31 995.92 
-14.77 997.31 -14.04 997.52 
-15.26 991.70 -11.23 991.88 
-15.38 998.78 -17.09 999.04 
-12.21 992.55 -8.42 992.66 
-17.58 997.56 -20.39 997.92 
-14.28 994.75 -8.06 994.89 
-12.08 994.26 -12.94 994.42 
-15.01 996.22 -14.53 996.43 
-15.14 995.85 -18.55 996.14 
-15.50 996.34 -16.36 996.59 
-15.75 995.97 -11.23 996.16 
-14.65 996.34 -12.94 996.53 
-18.07 994.75 -7.93 994.95 
-13.79 995.00 -14.89 995.20 
-13.67 995.36 -11.23 995.52 
-14.53 995.85 -12.70 996.04 
-13.79 996.70 -13.67 996.89 
-14.04 992.68 -10.25 992.83 
-16.48 998.78 -19.04 999.10 
-13.92 994.51 -14.28 994.71 
-15.99 996.22 -13.79 996.44 
-13.67 996.58 -14.89 996.79 
-13.92 994.14 -11.35 994.30 
-19.17 995.24 -12.82 995.51 
-12.21 996.58 -19.29 996.84 
-16.48 995.00 -14.65 995.24 
-15.01 995.61 -14.16 995.82 
-15.87 996.58 -16.36 996.84 
-14.65 994.02 -17.46 994.28 
-13.55 996.46 -8.06 996.58 
-18.19 995.85 -20.14 996.22 
-14.16 991.58 -6.71 991.70 
-15.01 1000.37 -21.85 1000.72 
-16.85 993.41 -11.60 993.62 
-13.43 996.95 -13.92 997.14 
-18.80 992.68 -9.77 992.90 
-14.28 997.56 -16.36 997.79 
-14.89 994.63 -12.08 994.81 
-16.36 995.48 -16.24 995.75 
-15.75 996.95 -15.01 997.19 
-14.04 994.87 -12.21 995.05 
-15.63 995.73 -16.85 995.99 
-17.21 995.12 -13.55 995.36 
-16.72 994.75 -10.86 994.95 
-13.67 996.58 -15.87 996.80 
-16.72 995.73 -13.43 995.96 
-15.99 995.00 -13.92 995.22 
-15.26 995.24 -16.36 995.49 
-16.48 994.51 -11.23 994.71 
-15.01 995.12 -12.94 995.31 
-17.21 994.63 -15.50 994.90 
-15.01 996.46 -12.94 996.66 
-15.99 996.09 -15.99 996.35 
-15.87 996.22 -15.38 996.46 
-13.31 994.87 -13.92 995.06 
-17.94 994.75 -10.62 994.97 
-14.89 997.07 -16.36 997.32 
-15.99 993.16 -11.84 993.36 
-18.19 995.85 -11.72 996.08 
-14.65 995.61 -13.55 995.81 
-16.72 995.97 -12.82 996.19 
-17.33 996.46 -17.94 996.77 
-16.97 995.85 -13.92 996.09 
-16.24 994.63 -12.21 994.84 
-16.11 995.73 -13.06 995.94 
-18.07 995.24 -12.94 995.49 
-15.75 996.58 -13.92 996.80 
-17.94 994.63 -9.52 994.84 
-16.36 997.31 -12.33 997.52 
-17.58 994.63 -9.52 994.83 
-18.19 996.34 -15.50 996.62 
-17.46 994.87 -10.01 995.08 
-15.75 995.73 -12.94 995.94 
-16.36 995.12 -12.08 995.32 
-20.87 997.31 -11.23 997.60 
-17.33 994.26 -12.94 994.50 
-16.24 996.22 -11.96 996.42 
-18.68 994.63 -10.86 994.86 
-17.33 995.97 -14.16 996.22 
-17.21 995.00 -11.35 995.21 
-16.24 996.22 -9.64 996.39 
-16.48 995.85 -13.79 996.08 
-20.75 995.85 -7.93 996.10 
-19.78 995.48 -7.81 995.71 
-15.50 994.63 -13.67 994.84 
-17.94 996.22 -14.53 996.48 
-19.17 994.75 -9.28 994.98 
-16.48 995.97 -13.06 996.19 
-17.33 995.73 -13.31 995.97 
-18.68 996.46 -14.77 996.74 
-16.24 993.16 -9.40 993.34 
-19.41 997.44 -13.18 997.71 
-15.99 995.00 -12.94 995.21 
-18.80 995.85 -10.74 996.08 
-18.19 994.14 -8.91 994.35 
-19.04 997.07 -13.55 997.34 
-16.11 994.63 -14.04 994.86 
-18.07 995.36 -10.38 995.58 
-16.48 995.61 -11.11 995.80 
-18.80 994.75 -11.35 994.99 
-16.60 995.48 -11.35 995.69 
-20.14 995.24 -9.64 995.49 
-17.09 995.97 -11.35 996.18 
-18.43 993.65 -9.40 993.87 
-18.31 997.19 -12.57 997.44 
-17.82 993.16 -10.13 993.38 
-19.17 996.22 -11.60 996.47 
-17.21 995.36 -15.01 995.62 
-19.65 995.24 -7.08 995.46 
-15.99 995.24 -7.32 995.39 
-18.55 995.73 -13.18 995.99 
-16.48 993.90 -8.91 994.07 
-18.19 995.48 -10.25 995.70 
-16.11 997.19 -14.77 997.43 
-17.21 993.90 -7.57 994.07 
-18.43 995.73 -12.33 995.97 
-19.29 997.68 -13.67 997.96 
-16.60 992.31 -8.79 992.49 
-19.29 997.56 -15.26 997.86 
-16.24 995.48 -12.57 995.70 
-19.65 995.61 -10.74 995.86 
-17.94 995.36 -13.06 995.61 
-19.65 994.38 -10.38 994.63 
-18.19 996.70 -13.06 996.96 
-18.68 994.51 -8.91 994.72 
-20.26 995.36 -10.99 995.63 
-17.46 996.09 -12.82 996.33 
-18.92 995.36 -11.60 995.61 
-18.19 995.24 -12.21 995.48 
-19.17 996.58 -13.06 996.85 
-18.43 994.75 -11.47 994.99 
-19.29 995.97 -13.31 996.25 
-19.17 996.70 -13.43 996.98 
-17.82 994.87 -12.21 995.11 
-18.68 994.02 -10.13 994.25 
-19.65 997.31 -14.53 997.61 
-19.53 994.14 -10.25 994.39 
-19.53 996.09 -15.63 996.41 
-18.43 994.87 -11.60 995.11 
-20.26 997.44 -14.16 997.74 
-17.58 993.29 -8.42 993.48 
-19.65 998.17 -16.24 998.49 
-19.04 993.29 -12.94 993.55 
-18.80 997.56 -14.40 997.84 
-19.65 993.65 -11.47 993.91 
-19.04 996.34 -8.79 996.56 
-20.87 995.73 -15.38 996.07 
-18.43 995.61 -10.50 995.83 
-18.19 992.80 -6.71 992.99 
-17.70 998.66 -18.07 998.98 
-21.24 989.50 -5.25 989.74 
-17.21 999.76 -15.50 1000.02 
-20.51 994.14 -9.16 994.39 
-16.97 996.46 -11.84 996.67 
-18.43 994.26 -11.96 994.51 
-21.48 995.48 -9.89 995.76 
-16.97 995.85 -14.28 996.10 
-17.33 994.14 -10.38 994.35 
-20.02 995.36 -9.64 995.61 
-17.70 995.85 -12.21 996.08 
-18.19 994.51 -10.99 994.73 
-18.80 997.80 -13.79 998.08 
-19.17 993.65 -9.77 993.89 
-19.17 996.22 -11.96 996.47 
-15.87 995.12 -11.84 995.31 
-20.75 997.31 -13.06 997.62 
-17.46 994.38 -12.57 994.62 
-18.31 995.61 -11.84 995.84 
-16.85 995.97 -13.79 996.21 
-19.78 994.87 -11.84 995.14 
-18.19 996.09 -10.62 996.32 
-18.07 994.75 -10.74 994.97 
-18.68 994.75 -9.64 994.97 
-18.68 994.75 -13.67 995.02 
-17.21 996.83 -12.45 997.05 
-20.26 996.46 -10.86 996.73 
-17.70 995.12 -14.40 995.38 
-18.68 996.34 -11.47 996.58 
-20.26 991.70 -7.32 991.93 
-17.58 998.54 -16.72 998.83 
-20.63 992.80 -7.20 993.04 
-18.55 996.34 -10.99 996.57 
-19.78 995.85 -13.92 996.14 
-17.82 997.80 -12.57 998.04 
-20.87 991.70 -9.16 991.96 
-20.39 997.56 -15.75 997.89 
-18.19 994.26 -11.47 994.50 
-20.39 997.68 -14.40 997.99 
-16.48 992.07 -9.16 992.24 
-22.46 998.54 -13.43 998.88 
-16.48 994.02 -13.67 994.25 
-21.36 997.44 -8.79 997.70 
-21.00 995.12 -9.64 995.39 
-21.24 994.26 -12.57 994.57 
-16.60 996.34 -12.08 996.55 
-20.26 996.09 -5.25 996.31 
-20.51 994.26 -15.26 994.59 
-18.43 995.85 -7.81 996.05 
-19.41 996.22 -12.08 996.48 
-21.00 995.85 -12.57 996.15 
-17.82 995.73 -9.52 995.93 
-18.68 992.55 -2.44 992.73 
-23.32 1001.10 -24.05 1001.66 
-16.97 990.60 0.00 990.75 
-21.97 998.66 -15.14 999.01 
-19.53 995.97 -15.38 996.28 
-18.43 993.41 -3.42 993.59 
-19.04 997.31 -13.55 997.59 
-21.00 993.77 -11.60 994.06 
-18.55 996.46 -14.40 996.74 
-17.33 996.70 -10.01 996.91 
-20.26 993.65 -13.06 993.94 
-17.70 996.34 -8.91 996.53 
-20.75 996.22 -13.43 996.52 
-16.97 996.22 -8.06 996.39 
-17.94 993.77 -5.25 993.95 
-23.68 997.68 -12.57 998.04 
-20.51 995.24 -15.50 995.57 
-18.07 994.51 -4.52 994.68 
-19.65 997.31 -13.06 997.59 
-18.92 993.53 -5.13 993.72 
-22.22 998.29 -14.77 998.65 
-16.36 993.16 -9.89 993.35 
-21.48 996.34 -11.60 996.64 
-17.46 995.85 -7.32 996.03 
-20.14 995.97 -13.43 996.27 
-17.82 993.16 -10.38 993.38 
-20.63 996.58 -9.28 996.84 
-19.17 994.87 -9.03 995.10 
-20.39 994.26 -8.30 994.51 
-21.00 997.80 -14.16 998.12 
-19.53 993.41 -8.67 993.64 
-22.71 996.70 -12.70 997.04 
-17.70 995.00 -9.40 995.20 
-19.29 995.00 -9.40 995.23 
-19.78 995.85 -12.08 996.12 
-19.65 996.09 -15.26 996.40 
-20.26 994.75 -9.52 995.00 
-19.53 996.34 -12.57 996.61 
-20.39 995.12 -8.79 995.36 
-21.00 996.58 -11.60 996.87 
-20.02 994.14 -4.64 994.35 
-20.26 996.58 -12.08 996.86 
-17.58 994.14 -8.67 994.33 
-20.51 996.09 -10.86 996.36 
-19.53 996.09 -12.08 996.36 
-20.63 995.00 -9.52 995.25 
-18.55 995.61 -11.23 995.84 
-19.78 994.75 -9.28 994.99 
-21.24 995.85 -11.72 996.15 
-17.33 993.41 -10.25 993.61 
-19.04 996.83 -12.21 997.08 
-18.92 995.24 -10.38 995.47 
-21.61 996.46 -12.57 996.77 
-18.68 993.65 -10.01 993.88 
-19.41 996.83 -12.94 997.10 
-19.53 994.26 -10.01 994.50 
-19.04 995.24 -11.72 995.49 
-19.17 995.61 -11.11 995.85 
-20.63 996.09 -13.79 996.40 
-17.09 994.63 -12.94 994.86 
-21.48 995.36 -12.33 995.67 
-18.80 995.36 -11.72 995.61 
-18.31 995.97 -12.33 996.22 
-20.51 994.38 -11.60 994.66 
-19.53 995.73 -10.62 995.98 
-21.12 995.00 -9.64 995.27 
-19.41 996.34 -11.96 996.60 
-19.78 993.77 -8.30 994.01 
-21.12 995.48 -11.84 995.78 
-19.90 996.95 -12.45 997.22 
