STEVAL-MKI197V1 (LSM6DSOX)

A_X [mg] 	 A_Y [mg] 	 A_Z [mg] 

-56.52 -1020.26 95.46
-57.01 -1020.32 95.58
-56.7 -1019.65 95.52
-56.46 -1020.45 95.34
-56.21 -1019.84 95.46
-56.64 -1020.02 95.4
-56.34 -1019.84 95.7
-56.21 -1019.9 95.46
-56.7 -1020.14 95.15
-56.46 -1020.94 94.85
-56.58 -1020.32 95.52
-57.07 -1020.2 95.21
-56.58 -1019.59 95.58
-57.13 -1020.32 95.46
-56.95 -1020.2 95.15
-56.7 -1020.14 95.15
-56.64 -1020.39 95.21
-56.82 -1020.26 95.76
-56.88 -1020.14 95.15
-56.52 -1020.08 95.03
-56.52 -1020.14 95.4
-56.88 -1020.63 95.83
-57.19 -1020.08 95.7
-57.07 -1020.69 95.64
-56.7 -1019.84 95.4
-56.82 -1020.63 95.4
-56.52 -1020.26 95.52
-57.07 -1020.26 96.19
-56.4 -1020.57 95.64
-56.27 -1020.51 95.34
-56.64 -1020.51 95.46
-56.7 -1019.96 95.64
-56.52 -1020.02 95.83
-56.88 -1020.08 95.95
-57.07 -1020.26 95.09
-57.19 -1019.96 95.52
-56.64 -1019.96 95.7
-56.52 -1020.39 95.76
-56.52 -1020.2 95.15
-56.76 -1020.69 94.91
-56.82 -1020.39 95.03
-56.88 -1019.96 95.4
-56.76 -1019.65 95.52
-56.21 -1020.39 95.76
-56.4 -1020.57 95.09
-56.21 -1020.2 95.09
-56.4 -1019.78 95.34
-56.7 -1020.02 95.03
-56.76 -1020.02 95.58
-56.4 -1019.84 95.28
-55.97 -1020.2 95.28
-56.46 -1020.32 95.52
-56.88 -1019.9 95.34
-56.27 -1020.45 95.46
-56.34 -1020.75 95.03
-56.76 -1020.02 95.21
-56.34 -1020.2 95.4
-57.01 -1019.9 95.46
-56.7 -1020.32 95.21
-56.58 -1020.57 94.97
-56.88 -1019.59 95.15
-57.13 -1020.2 95.46
-56.76 -1020.08 95.09
-56.58 -1019.84 95.34
-57.07 -1019.71 94.91
-56.76 -1020.02 95.28
-56.15 -1020.14 95.21
-56.58 -1019.78 95.52
-56.52 -1020.2 95.21
-56.4 -1020.02 94.79
-56.76 -1020.02 95.34
-56.64 -1019.84 95.52
-56.76 -1020.26 95.21
-57.31 -1019.96 95.21
-56.15 -1019.96 95.21
-56.64 -1020.14 95.34
-56.88 -1019.78 95.28
-56.58 -1020.2 95.09
-57.01 -1019.96 95.7
-56.76 -1020.45 94.97
-56.4 -1020.08 95.21
-56.95 -1020.26 95.15
-56.95 -1020.14 95.58
-56.34 -1020.2 95.4
-56.46 -1020.81 95.28
-57.07 -1020.32 94.97
-57.07 -1020.08 95.76
-57.07 -1020.02 95.64
-57.19 -1020.02 95.03
-56.27 -1020.08 94.97
-56.58 -1020.39 95.58
-56.88 -1019.84 95.28
-57.07 -1019.96 95.03
-56.58 -1019.96 95.21
-56.7 -1019.53 95.03
-56.58 -1020.2 95.28
-56.88 -1020.14 95.21
-56.64 -1019.1 95.46
-56.4 -1020.14 94.97
-56.03 -1020.14 95.15
-56.76 -1020.51 95.21
-57.01 -1020.26 94.91
-56.46 -1020.08 95.09
-56.15 -1019.96 95.34
-57.25 -1019.9 95.15
-57.01 -1019.96 95.34
-56.88 -1019.84 95.15
-56.88 -1019.9 94.73
-57.13 -1019.59 94.85
-56.46 -1020.02 95.46
-57.25 -1019.9 94.91
-56.58 -1019.59 95.34
-56.46 -1019.78 94.85
-56.64 -1020.14 94.97
-56.4 -1019.65 94.97
-56.82 -1020.32 95.09
-56.76 -1020.45 95.28
-57.37 -1019.96 95.4
-56.15 -1020.26 95.21
-56.82 -1020.2 94.79
-57.25 -1020.2 95.15
-57.01 -1020.14 94.97
-56.76 -1020.26 95.52
-57.13 -1020.32 95.15
-56.76 -1019.96 95.15
-57.01 -1019.96 95.52
-56.58 -1020.14 95.21
-56.88 -1019.65 94.91
-56.58 -1019.9 95.09
-56.46 -1019.53 95.09
-56.76 -1020.08 94.91
-56.76 -1019.84 95.21
-56.76 -1019.59 95.46
-56.64 -1020.08 95.15
-56.7 -1020.08 94.85
-56.76 -1020.2 95.09
-56.27 -1020.08 95.21
-56.76 -1020.2 95.03
-56.4 -1020.69 95.09
-56.64 -1020.08 95.52
-56.95 -1020.08 95.58
-56.27 -1019.96 95.21
-56.82 -1020.02 95.28
-56.7 -1019.96 95.28
-56.52 -1020.2 95.21
-56.76 -1019.65 95.15
-56.64 -1019.9 95.46
-56.21 -1019.9 95.21
-56.7 -1019.65 95.03
-56.76 -1020.2 95.09
-56.76 -1019.78 94.97
-56.7 -1020.32 95.15
-56.52 -1019.96 95.58
-56.88 -1019.78 95.28
-55.91 -1020.14 95.09
-56.76 -1020.14 94.91
-56.27 -1020.14 95.34
-56.27 -1019.65 94.91
-56.76 -1020.02 95.03
-56.21 -1020.2 94.91
-56.34 -1020.14 95.21
-55.85 -1019.84 95.15
-56.58 -1020.32 95.09
-56.76 -1020.2 94.91
-56.88 -1020.08 95.28
-56.7 -1019.84 94.67
-56.7 -1019.78 95.28
-56.82 -1019.71 94.79
-57.07 -1019.78 95.09
-56.34 -1019.84 95.03
-56.4 -1019.84 95.15
-56.27 -1020.14 94.97
-56.21 -1020.39 94.91
-56.58 -1020.51 95.15
-56.34 -1020.02 95.28
-56.46 -1020.39 94.97
-56.09 -1019.84 95.28
-56.34 -1020.02 95.21
-56.34 -1019.78 95.34
-56.58 -1019.71 94.97
-56.52 -1020.26 95.03
-56.64 -1019.65 95.03
-56.21 -1019.78 95.52
-56.64 -1020.08 95.4
-56.4 -1019.71 94.85
-56.64 -1020.02 95.21
-56.34 -1020.32 95.34
-56.64 -1020.51 94.91
-56.95 -1020.2 94.97
-56.46 -1020.26 95.4
-56.09 -1019.84 94.91
-56.46 -1020.14 94.73
-56.7 -1019.47 94.97
-56.88 -1019.96 95.09
-57.01 -1019.65 95.21
-56.64 -1019.35 94.79
-56.82 -1020.14 95.21
-57.07 -1020.08 95.4
-56.52 -1019.9 95.09
-56.21 -1020.02 95.64
-57.01 -1019.71 94.97
-56.21 -1020.14 95.34
-56.95 -1019.71 95.34
-57.43 -1020.08 95.03
-57.13 -1020.26 95.4
-57.07 -1020.32 94.73
-56.52 -1020.14 95.46
-56.4 -1019.84 95.64
-56.82 -1020.2 95.09
-56.64 -1020.2 94.85
-56.46 -1020.02 94.97
-56.58 -1020.08 95.09
-56.27 -1020.26 94.85
-57.01 -1020.69 95.52
-56.27 -1019.78 95.28
-57.13 -1020.26 95.34
-57.07 -1019.78 95.34
-56.82 -1019.47 94.91
-56.7 -1019.71 94.79
-56.46 -1020.69 95.58
-56.34 -1020.08 95.15
-56.64 -1020.51 95.03
-57.01 -1020.45 94.97
-56.52 -1020.08 95.4
-56.95 -1020.14 95.58
-56.27 -1020.08 95.21
-55.91 -1020.08 94.73
-56.09 -1019.84 95.03
-56.95 -1020.02 95.03
-56.4 -1020.14 95.15
-56.34 -1019.78 95.09
-57.07 -1019.78 94.85
-57.07 -1020.2 95.28
-56.82 -1020.32 95.15
-56.27 -1019.96 95.09
-56.27 -1019.78 95.15
-56.7 -1019.65 95.09
-56.58 -1020.02 95.03
-56.82 -1019.84 95.03
-56.34 -1019.84 94.91
-56.82 -1020.14 94.91
-56.4 -1020.26 94.79
-56.64 -1020.14 94.79
-56.64 -1019.9 95.4
-56.82 -1020.14 94.85
-56.95 -1020.08 95.15
-56.95 -1020.08 95.52
-56.7 -1019.9 95.28
-56.58 -1020.45 95.21
-56.88 -1020.32 94.97
-56.46 -1020.2 94.97
-56.76 -1019.78 95.15
-56.4 -1019.71 95.21
-56.76 -1019.78 95.28
-56.82 -1020.02 95.4
-56.27 -1019.59 94.79
-56.46 -1019.53 94.79
-56.52 -1019.84 94.79
-56.46 -1020.08 95.21
-56.64 -1020.14 94.91
-56.64 -1020.02 95.03
-56.7 -1020.02 94.85
-57.43 -1019.96 95.03
-56.7 -1020.08 95.09
-57.25 -1020.2 94.91
-56.76 -1020.26 94.85
-56.76 -1019.78 95.03
-56.7 -1019.84 95.15
-56.64 -1020.2 95.03
-57.01 -1020.69 95.15
-57.25 -1019.71 94.85
-56.64 -1020.2 95.03
-56.15 -1020.02 95.34
-57.07 -1019.78 95.15
-56.88 -1019.96 95.15
-56.58 -1020.02 94.97
-56.76 -1019.84 94.85
-56.82 -1019.78 95.15
-56.64 -1020.26 94.73
-56.15 -1019.35 95.09
-56.58 -1020.02 94.54
-56.52 -1020.45 95.28
-56.7 -1020.45 95.34
-56.76 -1019.53 94.48
-56.27 -1020.14 95.34
-56.76 -1020.69 95.21
-56.76 -1019.9 94.67
-56.4 -1020.02 95.03
-56.46 -1020.39 94.97
-56.52 -1020.57 94.73
-57.01 -1020.2 95.58
-56.52 -1019.9 95.09
-56.46 -1020.2 94.67
-56.4 -1020.08 94.67
-56.64 -1019.9 95.03
-56.7 -1020.2 95.21
-56.34 -1020.51 94.97
-56.95 -1019.96 95.03
-56.52 -1020.14 94.97
-56.4 -1019.84 95.09
-56.58 -1019.47 95.15
-56.46 -1019.9 95.28
-56.58 -1019.9 95.09
-56.58 -1019.65 95.15
-56.52 -1019.96 95.15
-56.15 -1020.08 94.97
-57.25 -1020.08 94.85
-56.76 -1020.14 94.79
-56.64 -1020.02 95.58
-56.82 -1020.02 94.97
-56.46 -1019.71 94.91
-56.7 -1019.71 94.85
-57.31 -1019.84 94.73
-56.7 -1019.96 94.91
-56.58 -1020.08 95.46
-56.7 -1019.71 95.09
-56.52 -1020.08 94.97
-56.21 -1020.69 94.97
-56.4 -1019.84 95.15
-57.19 -1020.2 94.73
-56.52 -1019.9 94.85
-56.58 -1019.9 94.91
-56.09 -1019.65 94.67
-56.03 -1020.32 95.09
-56.64 -1019.59 95.34
-56.76 -1020.26 94.91
-57.07 -1020.39 95.34
-56.76 -1020.02 95.03
-56.21 -1020.26 95.09
-56.52 -1020.57 95.09
-56.95 -1019.84 94.85
-57.01 -1019.59 94.85
-56.58 -1020.02 95.21
-55.85 -1019.71 95.21
-56.4 -1019.84 94.97
-56.46 -1019.96 94.97
-57.19 -1020.2 95.21
-56.64 -1020.26 95.46
-56.52 -1020.45 95.28
-56.64 -1020.08 94.67
-56.76 -1020.26 95.15
-57.74 -1020.32 94.97
-56.76 -1019.96 94.97
-57.13 -1020.32 95.03
-56.88 -1019.65 94.97
-56.82 -1020.2 94.97
-56.46 -1019.59 94.97
-57.25 -1019.53 95.03
-56.88 -1019.9 94.85
-56.34 -1020.2 94.91
-56.7 -1020.02 95.09
-56.7 -1019.65 94.91
-56.27 -1020.14 95.09
-56.46 -1020.57 95.09
-56.27 -1020.32 95.21
-57.01 -1019.96 94.85
-56.95 -1020.26 95.09
-57.07 -1019.96 94.67
-56.76 -1019.47 95.15
-56.52 -1020.32 95.4
-56.34 -1020.2 94.91
-56.82 -1019.35 94.97
-56.34 -1020.02 95.34
-57.01 -1020.26 95.03
-56.52 -1019.84 95.15
-57.13 -1020.14 94.79
-56.7 -1020.26 95.21
-57.07 -1019.65 95.15
-56.15 -1020.51 95.21
-56.58 -1019.59 95.4
-56.82 -1020.14 95.15
-57.43 -1020.32 95.15
-56.52 -1019.71 95.28
-56.64 -1019.71 95.21
-57.25 -1019.65 94.6
-56.76 -1020.02 94.85
-56.7 -1020.32 95.03
-57.13 -1020.08 95.03
-57.07 -1020.08 95.4
-56.88 -1020.32 95.09
-56.34 -1020.02 95.03
-57.19 -1019.84 95.28
-56.58 -1019.35 95.28
-56.64 -1019.96 94.91
-56.15 -1019.47 95.28
-56.34 -1019.65 94.42
-56.15 -1019.29 95.4
-56.09 -1019.65 95.28
-56.7 -1020.26 94.91
-56.64 -1020.08 95.46
-56.46 -1020.69 95.21
-56.52 -1019.84 94.6
-56.58 -1019.78 95.03
-56.46 -1020.14 94.67
-56.4 -1020.14 95.03
-56.34 -1019.71 95.03
-56.7 -1020.14 95.34
-56.15 -1019.96 95.15
-56.58 -1020.32 94.97
-56.46 -1020.2 94.91
-56.58 -1019.78 95.21
-57.19 -1019.9 94.67
-56.76 -1020.32 94.91
-56.88 -1019.53 94.85
-56.34 -1019.9 95.03
-56.4 -1019.9 94.79
-56.76 -1020.2 95.03
-56.21 -1019.96 94.6
-56.34 -1020.08 94.97
-56.15 -1019.96 94.85
-56.4 -1019.9 95.03
-57.13 -1020.02 94.54
-56.76 -1019.96 95.03
-56.46 -1019.41 94.97
-56.95 -1020.14 94.73
-56.27 -1020.2 95.03
-55.91 -1019.96 95.21
-56.34 -1020.32 95.21
-57.25 -1020.14 95.28
-56.52 -1020.2 94.79
-56.58 -1020.26 94.67
-56.76 -1020.2 94.79
-56.82 -1019.9 94.91
-56.76 -1020.08 94.67
-56.76 -1019.96 94.67
-56.52 -1020.08 95.15
-56.82 -1020.26 95.09
-56.64 -1019.9 95.09
-57.01 -1019.65 94.67
-57.01 -1020.14 94.79
-56.88 -1020.39 94.79
-56.46 -1019.53 94.79
-56.4 -1019.71 94.91
-56.64 -1020.14 95.03
-56.64 -1020.14 94.54
-56.82 -1020.39 94.67
-56.21 -1020.26 95.15
-56.46 -1019.96 95.03
-56.76 -1020.45 95.03
-56.88 -1020.39 94.85
-56.7 -1019.78 95.03
-56.52 -1019.9 94.85
-56.03 -1020.08 94.97
-56.15 -1020.26 94.85
-56.4 -1020.14 95.03
-56.4 -1020.39 95.15
-56.88 -1020.08 95.03
-56.7 -1020.08 95.09
-57.01 -1020.45 94.97
-56.82 -1019.71 95.52
-56.7 -1019.9 95.09
-56.09 -1019.96 95.34
-56.7 -1020.02 95.03
-56.58 -1020.2 94.6
-56.15 -1019.78 95.09
-56.52 -1019.96 94.91
-56.34 -1019.78 95.28
-56.52 -1020.02 94.97
-56.52 -1019.71 94.91
-56.03 -1019.84 95.09
-56.76 -1019.53 94.91
-56.4 -1019.71 95.03
-56.46 -1019.84 94.97
-56.64 -1020.32 95.03
-56.52 -1020.39 94.79
-56.15 -1020.45 94.85
-56.46 -1020.26 94.73
-56.82 -1020.39 94.97
-56.7 -1020.57 94.67
-56.52 -1020.57 94.85
-57.01 -1020.57 95.09
-57.01 -1020.08 94.85
-56.46 -1020.26 94.97
-56.95 -1020.26 95.52
-56.58 -1019.84 95.09
-56.76 -1019.9 95.4
-56.82 -1020.39 95.09
-56.58 -1020.02 94.91
-56.7 -1019.84 94.73
-56.7 -1019.53 94.91
-56.64 -1019.9 94.97
-56.82 -1019.59 95.15
-56.27 -1020.2 94.97
-56.34 -1020.32 95.15
-56.82 -1020.02 94.79
-56.46 -1019.41 94.79
-56.46 -1020.08 94.79
-56.95 -1020.08 95.03
-56.64 -1019.71 94.79
-56.7 -1020.14 94.6
-57.01 -1019.59 94.91
-56.46 -1019.47 94.85
-55.97 -1019.78 94.97
-56.46 -1019.65 94.97
-56.52 -1020.14 94.67
-56.82 -1020.45 94.67
-56.7 -1019.96 95.03
-57.13 -1020.39 94.91
-56.46 -1020.02 94.91
-56.64 -1020.2 95.09
-56.46 -1019.9 94.97
-56.46 -1019.96 95.03
-56.7 -1019.96 94.48
-56.7 -1019.96 94.6
-56.7 -1019.78 94.79
-56.27 -1020.26 95.03
-56.27 -1019.59 94.54
-56.95 -1019.65 95.21
-56.46 -1019.96 94.73
-56.21 -1019.65 94.73
-57.19 -1019.9 94.73
-56.46 -1020.45 94.73
-56.4 -1020.14 94.85
-56.03 -1020.02 94.73
-56.27 -1019.78 95.09
-56.7 -1020.26 94.79
-56.46 -1019.84 95.03
-56.7 -1020.02 95.21
-56.4 -1019.84 95.09
-56.64 -1020.39 94.73
-56.64 -1020.2 94.79
-56.7 -1020.08 94.97
-57.19 -1020.08 94.67
-56.21 -1019.41 94.48
-56.76 -1019.65 95.09
-56.82 -1020.02 94.85
-56.03 -1020.08 94.97
-56.88 -1020.2 94.85
-56.95 -1020.02 94.97
-55.97 -1020.32 94.85
-56.7 -1020.2 94.97
-55.91 -1019.84 94.97
-56.88 -1020.08 94.91
-56.21 -1019.9 95.64
-56.46 -1019.65 94.79
-57.07 -1019.59 94.73
-56.7 -1019.96 94.18
-56.95 -1019.71 94.97
-56.58 -1020.45 94.97
-56.58 -1020.39 94.85
-56.52 -1020.45 95.34
-56.34 -1020.45 94.85
-56.7 -1019.41 95.52
-56.82 -1020.39 94.73
-56.46 -1020.14 94.97
-56.82 -1020.08 95.09
-56.82 -1020.32 94.91
-56.82 -1019.78 94.97
-56.58 -1019.9 94.85
-56.64 -1019.78 94.85
-56.64 -1019.71 95.09
-56.46 -1019.96 94.97
-56.7 -1019.65 95.03
-56.52 -1020.08 94.85
-56.15 -1020.26 94.85
-56.7 -1019.47 94.67
-56.7 -1020.26 94.67
-56.15 -1020.08 94.73
-56.76 -1019.35 94.67
-56.52 -1020.02 94.85
-56.4 -1019.9 94.42
-56.4 -1019.65 94.67
-56.52 -1020.02 94.67
-56.52 -1019.59 94.73
-56.58 -1019.96 94.91
-57.01 -1020.32 94.6
-56.03 -1020.26 94.48
-56.46 -1020.39 94.6
-56.34 -1019.84 94.73
-56.95 -1019.84 94.73
-56.27 -1020.26 94.73
-56.46 -1019.84 95.09
-57.01 -1020.14 94.91
-56.52 -1019.65 95.03
-56.58 -1020.02 95.09
-56.64 -1020.08 95.03
-56.52 -1020.02 94.91
-56.09 -1019.71 94.79
-56.27 -1019.59 94.42
-56.21 -1020.08 94.85
-56.88 -1019.9 94.85
-56.82 -1019.9 94.85
-56.46 -1019.53 94.85
-56.15 -1020.14 94.54
-57.07 -1020.08 95.28
-56.27 -1020.45 94.97
-56.09 -1019.41 94.79
-56.76 -1020.08 94.6
-56.82 -1019.96 94.85
-56.76 -1019.96 94.6
-56.88 -1019.9 94.67
-56.58 -1020.08 94.79
-56.03 -1020.32 94.73
-56.4 -1020.02 94.67
-56.27 -1020.14 94.97
-56.34 -1019.9 94.79
-56.7 -1019.04 94.91
-56.4 -1019.9 94.67
-56.34 -1020.02 94.79
-56.46 -1020.2 94.85
-56.82 -1019.9 94.3
-56.7 -1020.32 94.54
-56.21 -1019.84 95.15
-56.52 -1020.14 94.85
-56.76 -1019.71 94.73
-56.34 -1020.02 94.97
-56.58 -1019.71 94.91
-57.13 -1019.96 95.15
-56.34 -1019.65 95.4
-56.46 -1019.96 94.79
-55.97 -1019.71 95.03
-56.46 -1019.96 95.21
-56.46 -1020.32 94.97
-56.4 -1020.32 95.09
-56.7 -1019.96 94.97
-56.82 -1020.08 95.15
-56.58 -1019.9 95.03
-56.4 -1020.32 95.03
-56.34 -1020.39 95.21
-56.7 -1019.9 94.67
-56.82 -1019.78 95.15
-57.07 -1019.1 94.79
-56.52 -1019.41 94.91
-56.21 -1019.78 95.03
-56.7 -1020.14 95.28
-56.82 -1020.39 94.79
-56.88 -1019.96 94.97
-56.88 -1020.14 95.28
-57.01 -1020.39 94.91
-56.76 -1019.96 94.79
-57.01 -1019.78 95.09
-56.15 -1020.02 95.03
-56.58 -1020.32 95.15
-56.82 -1019.96 94.97
-56.27 -1019.65 95.03
-56.4 -1020.14 94.85
-56.7 -1019.84 94.85
-56.15 -1019.9 95.03
-56.34 -1020.08 95.15
-56.76 -1020.14 94.85
-56.95 -1020.14 94.97
-56.52 -1020.02 94.85
-56.7 -1020.02 94.79
-56.88 -1020.2 95.46
-56.27 -1019.78 95.21
-56.76 -1020.08 94.67
-56.4 -1020.08 94.97
-56.27 -1019.65 95.09
-56.88 -1020.02 95.28
-56.4 -1020.02 94.79
-56.34 -1020.32 94.97
-56.58 -1020.02 94.54
-56.76 -1019.96 94.79
-56.46 -1019.35 94.97
-56.15 -1019.84 95.34
-56.82 -1020.2 95.03
-56.27 -1020.14 94.79
-56.4 -1020.26 95.15
-56.88 -1019.78 95.03
-56.09 -1019.96 94.91
-56.46 -1019.78 94.91
-56.7 -1020.08 94.97
-56.76 -1020.57 94.79
-56.46 -1020.26 95.21
-56.09 -1020.39 95.15
-57.13 -1019.84 94.85
-56.46 -1019.53 94.91
-56.15 -1019.78 95.15
-56.27 -1019.65 94.85
-56.4 -1019.9 94.97
-56.7 -1020.14 95.09
-57.19 -1020.2 95.03
-56.64 -1020.08 94.91
-56.95 -1019.53 95.03
-56.15 -1019.71 94.79
-57.01 -1020.14 95.15
-56.58 -1019.65 94.73
-56.76 -1019.78 95.15
-56.7 -1019.96 95.15
-56.58 -1020.2 95.21
-57.07 -1020.08 94.91
-56.15 -1019.71 95.09
-56.7 -1020.32 94.97
-56.76 -1019.96 95.09
-56.52 -1020.32 95.03
-56.76 -1019.47 95.15
-56.4 -1019.35 95.03
-56.64 -1019.41 94.54
-56.46 -1020.2 94.91
-57.31 -1020.57 94.91
-56.52 -1020.14 94.79
-56.7 -1020.08 95.34
-56.82 -1020.2 94.79
-56.27 -1020.63 95.4
-56.76 -1020.26 94.73
-57.37 -1019.65 95.52
-57.13 -1020.32 95.15
-56.88 -1019.78 95.34
-56.82 -1020.08 95.4
-56.64 -1020.26 95.09
-56.95 -1019.84 94.91
-56.95 -1020.08 94.6
-56.4 -1019.23 94.79
-56.76 -1019.59 94.97
-56.7 -1019.41 95.58
-56.46 -1019.9 95.03
-57.19 -1019.65 94.48
-57.07 -1019.9 94.42
-56.52 -1020.08 94.91
-56.46 -1020.57 95.28
-56.34 -1020.2 95.21
-56.52 -1019.71 95.34
-56.7 -1020.26 95.28
-56.88 -1020.39 95.03
-56.4 -1020.08 95.09
-56.34 -1019.84 95.15
-56.34 -1020.14 95.15
-56.95 -1020.2 94.91
-56.4 -1019.84 94.97
-56.4 -1020.57 94.54
-57.13 -1019.47 94.54
-57.01 -1020.08 95.15
-56.58 -1019.53 95.28
-56.58 -1020.08 95.15
-56.7 -1019.9 94.73
-56.82 -1020.2 94.91
-56.82 -1019.84 94.97
-56.4 -1020.45 95.4
-56.95 -1019.78 94.85
-56.76 -1020.14 95.46
-56.34 -1019.84 95.03
-56.34 -1019.78 95.03
-56.95 -1019.96 94.79
-56.03 -1020.2 95.09
-56.09 -1019.96 94.85
-56.82 -1020.32 95.03
-56.64 -1020.32 95.28
-56.34 -1020.63 94.91
-57.07 -1020.87 94.73
-56.27 -1020.2 94.79
-56.34 -1019.96 94.91
-56.64 -1019.96 95.09
-56.95 -1020.14 94.91
-56.21 -1020.08 95.21
-56.46 -1019.84 94.85
-57.31 -1019.96 95.09
-57.01 -1019.9 94.67
-56.88 -1020.2 94.79
-56.09 -1020.14 94.79
-56.7 -1019.9 94.97
-56.64 -1020.69 94.6
-56.58 -1020.14 94.97
-57.01 -1019.84 94.79
-56.21 -1019.96 95.03
-56.52 -1020.26 95.09
-56.76 -1020.45 94.85
-56.27 -1020.45 95.03
-56.15 -1019.71 95.15
-56.27 -1019.96 95.09
-57.01 -1019.59 95.28
-56.88 -1020.02 94.79
-56.7 -1019.9 94.85
-56.88 -1019.96 95.21
-56.58 -1020.08 95.15
-56.95 -1019.96 95.21
-57.19 -1020.32 95.09
-56.7 -1019.84 94.67
-56.76 -1019.53 94.67
-56.4 -1020.32 94.91
-56.64 -1020.08 94.97
-57.07 -1020.51 94.79
-56.76 -1020.14 94.79
-56.76 -1019.65 94.73
-56.52 -1020.39 95.03
-56.76 -1019.84 94.67
-56.34 -1019.41 94.67
-56.46 -1019.96 95.03
-56.27 -1020.2 94.73
-56.64 -1020.14 94.42
-56.7 -1020.2 94.79
-56.76 -1020.2 94.73
-57.07 -1020.32 94.91
-56.15 -1019.96 94.73
-56.64 -1020.02 94.97
-57.07 -1019.9 94.97
-56.82 -1020.2 94.79
-56.52 -1019.78 95.21
-56.27 -1020.08 94.97
-57.19 -1020.02 95.03
-56.52 -1019.29 94.85
-56.88 -1019.84 95.15
-56.4 -1019.96 94.97
-57.01 -1019.53 94.73
-56.58 -1019.71 94.54
-56.4 -1019.47 95.15
-57.13 -1020.57 94.67
-56.64 -1019.47 94.42
-56.58 -1020.39 94.6
-56.46 -1020.02 94.91
-56.27 -1020.2 95.21
-56.52 -1020.32 94.73
-56.64 -1020.32 94.3
-56.7 -1019.84 95.21
-56.21 -1020.02 95.34
-56.76 -1020.32 94.67
-56.95 -1020.69 95.03
