STEVAL-MKI197V1 (LSM6DSOX)

A_X [mg] 	 A_Y [mg] 	 A_Z [mg] 

-56.52 -1020.26 95.46 0 1 
-57.01 -1020.32 95.58 0 1 
-56.70 -1019.65 95.52 0 1 
-56.46 -1020.45 95.34 0 1 
-56.21 -1019.84 95.46 0 1 
-56.64 -1020.02 95.40 0 1 
-56.34 -1019.84 95.70 0 1 
-56.21 -1019.90 95.46 0 1 
-56.70 -1020.14 95.15 0 1 
-56.46 -1020.94 94.85 0 1 
-56.58 -1020.32 95.52 0 1 
-57.07 -1020.20 95.21 0 1 
-56.58 -1019.59 95.58 0 1 
-57.13 -1020.32 95.46 0 1 
-56.95 -1020.20 95.15 0 1 
-56.70 -1020.14 95.15 0 1 
-56.64 -1020.39 95.21 0 1 
-56.82 -1020.26 95.76 0 1 
-56.88 -1020.14 95.15 0 1 
-56.52 -1020.08 95.03 0 1 
-56.52 -1020.14 95.40 0 1 
-56.88 -1020.63 95.83 0 1 
-57.19 -1020.08 95.70 0 1 
-57.07 -1020.69 95.64 0 1 
-56.70 -1019.84 95.40 0 1 
-56.82 -1020.63 95.40 0 1 
-56.52 -1020.26 95.52 0 1 
-57.07 -1020.26 96.19 0 1 
-56.40 -1020.57 95.64 0 1 
-56.27 -1020.51 95.34 0 1 
-56.64 -1020.51 95.46 0 1 
-56.70 -1019.96 95.64 0 1 
-56.52 -1020.02 95.83 0 1 
-56.88 -1020.08 95.95 0 1 
-57.07 -1020.26 95.09 0 1 
-57.19 -1019.96 95.52 0 1 
-56.64 -1019.96 95.70 0 1 
-56.52 -1020.39 95.76 0 1 
-56.52 -1020.20 95.15 0 1 
-56.76 -1020.69 94.91 0 1 
-56.82 -1020.39 95.03 0 1 
-56.88 -1019.96 95.40 0 1 
-56.76 -1019.65 95.52 0 1 
-56.21 -1020.39 95.76 0 1 
-56.40 -1020.57 95.09 0 1 
-56.21 -1020.20 95.09 0 1 
-56.40 -1019.78 95.34 0 1 
-56.70 -1020.02 95.03 0 1 
-56.76 -1020.02 95.58 0 1 
-56.40 -1019.84 95.28 0 1 
-55.97 -1020.20 95.28 0 1 
-56.46 -1020.32 95.52 0 1 
-56.88 -1019.90 95.34 0 1 
-56.27 -1020.45 95.46 0 1 
-56.34 -1020.75 95.03 0 1 
-56.76 -1020.02 95.21 0 1 
-56.34 -1020.20 95.40 0 1 
-57.01 -1019.90 95.46 0 1 
-56.70 -1020.32 95.21 0 1 
-56.58 -1020.57 94.97 0 1 
-56.88 -1019.59 95.15 0 1 
-57.13 -1020.20 95.46 0 1 
-56.76 -1020.08 95.09 0 1 
-56.58 -1019.84 95.34 0 1 
-57.07 -1019.71 94.91 0 1 
-56.76 -1020.02 95.28 0 1 
-56.15 -1020.14 95.21 0 1 
-56.58 -1019.78 95.52 0 1 
-56.52 -1020.20 95.21 0 1 
-56.40 -1020.02 94.79 0 1 
-56.76 -1020.02 95.34 0 1 
-56.64 -1019.84 95.52 0 1 
-56.76 -1020.26 95.21 0 1 
-57.31 -1019.96 95.21 0 1 
-56.15 -1019.96 95.21 0 1 
-56.64 -1020.14 95.34 0 1 
-56.88 -1019.78 95.28 0 1 
-56.58 -1020.20 95.09 0 1 
-57.01 -1019.96 95.70 0 1 
-56.76 -1020.45 94.97 0 1 
-56.40 -1020.08 95.21 0 1 
-56.95 -1020.26 95.15 0 1 
-56.95 -1020.14 95.58 0 1 
-56.34 -1020.20 95.40 0 1 
-56.46 -1020.81 95.28 0 1 
-57.07 -1020.32 94.97 0 1 
-57.07 -1020.08 95.76 0 1 
-57.07 -1020.02 95.64 0 1 
-57.19 -1020.02 95.03 0 1 
-56.27 -1020.08 94.97 0 1 
-56.58 -1020.39 95.58 0 1 
-56.88 -1019.84 95.28 0 1 
-57.07 -1019.96 95.03 0 1 
-56.58 -1019.96 95.21 0 1 
-56.70 -1019.53 95.03 0 1 
-56.58 -1020.20 95.28 0 1 
-56.88 -1020.14 95.21 0 1 
-56.64 -1019.10 95.46 0 1 
-56.40 -1020.14 94.97 0 1 
-56.03 -1020.14 95.15 0 1 
-56.76 -1020.51 95.21 0 1 
-57.01 -1020.26 94.91 0 1 
-56.46 -1020.08 95.09 0 1 
-56.15 -1019.96 95.34 0 1 
-57.25 -1019.90 95.15 0 1 
-57.01 -1019.96 95.34 0 1 
-56.88 -1019.84 95.15 0 1 
-56.88 -1019.90 94.73 0 1 
-57.13 -1019.59 94.85 0 1 
-56.46 -1020.02 95.46 0 1 
-57.25 -1019.90 94.91 0 1 
-56.58 -1019.59 95.34 0 1 
-56.46 -1019.78 94.85 0 1 
-56.64 -1020.14 94.97 0 1 
-56.40 -1019.65 94.97 0 1 
-56.82 -1020.32 95.09 0 1 
-56.76 -1020.45 95.28 0 1 
-57.37 -1019.96 95.40 0 1 
-56.15 -1020.26 95.21 0 1 
-56.82 -1020.20 94.79 0 1 
-57.25 -1020.20 95.15 0 1 
-57.01 -1020.14 94.97 0 1 
-56.76 -1020.26 95.52 0 1 
-57.13 -1020.32 95.15 0 1 
-56.76 -1019.96 95.15 0 1 
-57.01 -1019.96 95.52 0 1 
-56.58 -1020.14 95.21 0 1 
-56.88 -1019.65 94.91 0 1 
-56.58 -1019.90 95.09 0 1 
-56.46 -1019.53 95.09 0 1 
-56.76 -1020.08 94.91 0 1 
-56.76 -1019.84 95.21 0 1 
-56.76 -1019.59 95.46 0 1 
-56.64 -1020.08 95.15 0 1 
-56.70 -1020.08 94.85 0 1 
-56.76 -1020.20 95.09 0 1 
-56.27 -1020.08 95.21 0 1 
-56.76 -1020.20 95.03 0 1 
-56.40 -1020.69 95.09 0 1 
-56.64 -1020.08 95.52 0 1 
-56.95 -1020.08 95.58 0 1 
-56.27 -1019.96 95.21 0 1 
-56.82 -1020.02 95.28 0 1 
-56.70 -1019.96 95.28 0 1 
-56.52 -1020.20 95.21 0 1 
-56.76 -1019.65 95.15 0 1 
-56.64 -1019.90 95.46 0 1 
-56.21 -1019.90 95.21 0 1 
-56.70 -1019.65 95.03 0 1 
-56.76 -1020.20 95.09 0 1 
-56.76 -1019.78 94.97 0 1 
-56.70 -1020.32 95.15 0 1 
-56.52 -1019.96 95.58 0 1 
-56.88 -1019.78 95.28 0 1 
-55.91 -1020.14 95.09 0 1 
-56.76 -1020.14 94.91 0 1 
-56.27 -1020.14 95.34 0 1 
-56.27 -1019.65 94.91 0 1 
-56.76 -1020.02 95.03 0 1 
-56.21 -1020.20 94.91 0 1 
-56.34 -1020.14 95.21 0 1 
-55.85 -1019.84 95.15 0 1 
-56.58 -1020.32 95.09 0 1 
-56.76 -1020.20 94.91 0 1 
-56.88 -1020.08 95.28 0 1 
-56.70 -1019.84 94.67 0 1 
-56.70 -1019.78 95.28 0 1 
-56.82 -1019.71 94.79 0 1 
-57.07 -1019.78 95.09 0 1 
-56.34 -1019.84 95.03 0 1 
-56.40 -1019.84 95.15 0 1 
-56.27 -1020.14 94.97 0 1 
-56.21 -1020.39 94.91 0 1 
-56.58 -1020.51 95.15 0 1 
-56.34 -1020.02 95.28 0 1 
-56.46 -1020.39 94.97 0 1 
-56.09 -1019.84 95.28 0 1 
-56.34 -1020.02 95.21 0 1 
-56.34 -1019.78 95.34 0 1 
-56.58 -1019.71 94.97 0 1 
-56.52 -1020.26 95.03 0 1 
-56.64 -1019.65 95.03 0 1 
-56.21 -1019.78 95.52 0 1 
-56.64 -1020.08 95.40 0 1 
-56.40 -1019.71 94.85 0 1 
-56.64 -1020.02 95.21 0 1 
-56.34 -1020.32 95.34 0 1 
-56.64 -1020.51 94.91 0 1 
-56.95 -1020.20 94.97 0 1 
-56.46 -1020.26 95.40 0 1 
-56.09 -1019.84 94.91 0 1 
-56.46 -1020.14 94.73 0 1 
-56.70 -1019.47 94.97 0 1 
-56.88 -1019.96 95.09 0 1 
-57.01 -1019.65 95.21 0 1 
-56.64 -1019.35 94.79 0 1 
-56.82 -1020.14 95.21 0 1 
-57.07 -1020.08 95.40 0 1 
-56.52 -1019.90 95.09 0 1 
-56.21 -1020.02 95.64 0 1 
-57.01 -1019.71 94.97 0 1 
-56.21 -1020.14 95.34 0 1 
-56.95 -1019.71 95.34 0 1 
-57.43 -1020.08 95.03 0 1 
-57.13 -1020.26 95.40 0 1 
-57.07 -1020.32 94.73 0 1 
-56.52 -1020.14 95.46 0 1 
-56.40 -1019.84 95.64 0 1 
-56.82 -1020.20 95.09 0 1 
-56.64 -1020.20 94.85 0 1 
-56.46 -1020.02 94.97 0 1 
-56.58 -1020.08 95.09 0 1 
-56.27 -1020.26 94.85 0 1 
-57.01 -1020.69 95.52 0 1 
-56.27 -1019.78 95.28 0 1 
-57.13 -1020.26 95.34 0 1 
-57.07 -1019.78 95.34 0 1 
-56.82 -1019.47 94.91 0 1 
-56.70 -1019.71 94.79 0 1 
-56.46 -1020.69 95.58 0 1 
-56.34 -1020.08 95.15 0 1 
-56.64 -1020.51 95.03 0 1 
-57.01 -1020.45 94.97 0 1 
-56.52 -1020.08 95.40 0 1 
-56.95 -1020.14 95.58 0 1 
-56.27 -1020.08 95.21 0 1 
-55.91 -1020.08 94.73 0 1 
-56.09 -1019.84 95.03 0 1 
-56.95 -1020.02 95.03 0 1 
-56.40 -1020.14 95.15 0 1 
-56.34 -1019.78 95.09 0 1 
-57.07 -1019.78 94.85 0 1 
-57.07 -1020.20 95.28 0 1 
-56.82 -1020.32 95.15 0 1 
-56.27 -1019.96 95.09 0 1 
-56.27 -1019.78 95.15 0 1 
-56.70 -1019.65 95.09 0 1 
-56.58 -1020.02 95.03 0 1 
-56.82 -1019.84 95.03 0 1 
-56.34 -1019.84 94.91 0 1 
-56.82 -1020.14 94.91 0 1 
-56.40 -1020.26 94.79 0 1 
-56.64 -1020.14 94.79 0 1 
-56.64 -1019.90 95.40 0 1 
-56.82 -1020.14 94.85 0 1 
-56.95 -1020.08 95.15 0 1 
-56.95 -1020.08 95.52 0 1 
-56.70 -1019.90 95.28 0 1 
-56.58 -1020.45 95.21 0 1 
-56.88 -1020.32 94.97 0 1 
-56.46 -1020.20 94.97 0 1 
-56.76 -1019.78 95.15 0 1 
-56.40 -1019.71 95.21 0 1 
-56.76 -1019.78 95.28 0 1 
-56.82 -1020.02 95.40 0 1 
-56.27 -1019.59 94.79 0 1 
-56.46 -1019.53 94.79 0 1 
-56.52 -1019.84 94.79 0 1 
-56.46 -1020.08 95.21 0 1 
-56.64 -1020.14 94.91 0 1 
-56.64 -1020.02 95.03 0 1 
-56.70 -1020.02 94.85 0 1 
-57.43 -1019.96 95.03 0 1 
-56.70 -1020.08 95.09 0 1 
-57.25 -1020.20 94.91 0 1 
-56.76 -1020.26 94.85 0 1 
-56.76 -1019.78 95.03 0 1 
-56.70 -1019.84 95.15 0 1 
-56.64 -1020.20 95.03 0 1 
-57.01 -1020.69 95.15 0 1 
-57.25 -1019.71 94.85 0 1 
-56.64 -1020.20 95.03 0 1 
-56.15 -1020.02 95.34 0 1 
-57.07 -1019.78 95.15 0 1 
-56.88 -1019.96 95.15 0 1 
-56.58 -1020.02 94.97 0 1 
-56.76 -1019.84 94.85 0 1 
-56.82 -1019.78 95.15 0 1 
-56.64 -1020.26 94.73 0 1 
-56.15 -1019.35 95.09 0 1 
-56.58 -1020.02 94.54 0 1 
-56.52 -1020.45 95.28 0 1 
-56.70 -1020.45 95.34 0 1 
-56.76 -1019.53 94.48 0 1 
-56.27 -1020.14 95.34 0 1 
-56.76 -1020.69 95.21 0 1 
-56.76 -1019.90 94.67 0 1 
-56.40 -1020.02 95.03 0 1 
-56.46 -1020.39 94.97 0 1 
-56.52 -1020.57 94.73 0 1 
-57.01 -1020.20 95.58 0 1 
-56.52 -1019.90 95.09 0 1 
-56.46 -1020.20 94.67 0 1 
-56.40 -1020.08 94.67 0 1 
-56.64 -1019.90 95.03 0 1 
-56.70 -1020.20 95.21 0 1 
-56.34 -1020.51 94.97 0 1 
-56.95 -1019.96 95.03 0 1 
-56.52 -1020.14 94.97 0 1 
-56.40 -1019.84 95.09 0 1 
-56.58 -1019.47 95.15 0 1 
-56.46 -1019.90 95.28 0 1 
-56.58 -1019.90 95.09 0 1 
-56.58 -1019.65 95.15 0 1 
-56.52 -1019.96 95.15 0 1 
-56.15 -1020.08 94.97 0 1 
-57.25 -1020.08 94.85 0 1 
-56.76 -1020.14 94.79 0 1 
-56.64 -1020.02 95.58 0 1 
-56.82 -1020.02 94.97 0 1 
-56.46 -1019.71 94.91 0 1 
-56.70 -1019.71 94.85 0 1 
-57.31 -1019.84 94.73 0 1 
-56.70 -1019.96 94.91 0 1 
-56.58 -1020.08 95.46 0 1 
-56.70 -1019.71 95.09 0 1 
-56.52 -1020.08 94.97 0 1 
-56.21 -1020.69 94.97 0 1 
-56.40 -1019.84 95.15 0 1 
-57.19 -1020.20 94.73 0 1 
-56.52 -1019.90 94.85 0 1 
-56.58 -1019.90 94.91 0 1 
-56.09 -1019.65 94.67 0 1 
-56.03 -1020.32 95.09 0 1 
-56.64 -1019.59 95.34 0 1 
-56.76 -1020.26 94.91 0 1 
-57.07 -1020.39 95.34 0 1 
-56.76 -1020.02 95.03 0 1 
-56.21 -1020.26 95.09 0 1 
-56.52 -1020.57 95.09 0 1 
-56.95 -1019.84 94.85 0 1 
-57.01 -1019.59 94.85 0 1 
-56.58 -1020.02 95.21 0 1 
-55.85 -1019.71 95.21 0 1 
-56.40 -1019.84 94.97 0 1 
-56.46 -1019.96 94.97 0 1 
-57.19 -1020.20 95.21 0 1 
-56.64 -1020.26 95.46 0 1 
-56.52 -1020.45 95.28 0 1 
-56.64 -1020.08 94.67 0 1 
-56.76 -1020.26 95.15 0 1 
-57.74 -1020.32 94.97 0 1 
-56.76 -1019.96 94.97 0 1 
-57.13 -1020.32 95.03 0 1 
-56.88 -1019.65 94.97 0 1 
-56.82 -1020.20 94.97 0 1 
-56.46 -1019.59 94.97 0 1 
-57.25 -1019.53 95.03 0 1 
-56.88 -1019.90 94.85 0 1 
-56.34 -1020.20 94.91 0 1 
-56.70 -1020.02 95.09 0 1 
-56.70 -1019.65 94.91 0 1 
-56.27 -1020.14 95.09 0 1 
-56.46 -1020.57 95.09 0 1 
-56.27 -1020.32 95.21 0 1 
-57.01 -1019.96 94.85 0 1 
-56.95 -1020.26 95.09 0 1 
-57.07 -1019.96 94.67 0 1 
-56.76 -1019.47 95.15 0 1 
-56.52 -1020.32 95.40 0 1 
-56.34 -1020.20 94.91 0 1 
-56.82 -1019.35 94.97 0 1 
-56.34 -1020.02 95.34 0 1 
-57.01 -1020.26 95.03 0 1 
-56.52 -1019.84 95.15 0 1 
-57.13 -1020.14 94.79 0 1 
-56.70 -1020.26 95.21 0 1 
-57.07 -1019.65 95.15 0 1 
-56.15 -1020.51 95.21 0 1 
-56.58 -1019.59 95.40 0 1 
-56.82 -1020.14 95.15 0 1 
-57.43 -1020.32 95.15 0 1 
-56.52 -1019.71 95.28 0 1 
-56.64 -1019.71 95.21 0 1 
-57.25 -1019.65 94.60 0 1 
-56.76 -1020.02 94.85 0 1 
-56.70 -1020.32 95.03 0 1 
-57.13 -1020.08 95.03 0 1 
-57.07 -1020.08 95.40 0 1 
-56.88 -1020.32 95.09 0 1 
-56.34 -1020.02 95.03 0 1 
-57.19 -1019.84 95.28 0 1 
-56.58 -1019.35 95.28 0 1 
-56.64 -1019.96 94.91 0 1 
-56.15 -1019.47 95.28 0 1 
-56.34 -1019.65 94.42 0 1 
-56.15 -1019.29 95.40 0 1 
-56.09 -1019.65 95.28 0 1 
-56.70 -1020.26 94.91 0 1 
-56.64 -1020.08 95.46 0 1 
-56.46 -1020.69 95.21 0 1 
-56.52 -1019.84 94.60 0 1 
-56.58 -1019.78 95.03 0 1 
-56.46 -1020.14 94.67 0 1 
-56.40 -1020.14 95.03 0 1 
-56.34 -1019.71 95.03 0 1 
-56.70 -1020.14 95.34 0 1 
-56.15 -1019.96 95.15 0 1 
-56.58 -1020.32 94.97 0 1 
-56.46 -1020.20 94.91 0 1 
-56.58 -1019.78 95.21 0 1 
-57.19 -1019.90 94.67 0 1 
-56.76 -1020.32 94.91 0 1 
-56.88 -1019.53 94.85 0 1 
-56.34 -1019.90 95.03 0 1 
-56.40 -1019.90 94.79 0 1 
-56.76 -1020.20 95.03 0 1 
-56.21 -1019.96 94.60 0 1 
-56.34 -1020.08 94.97 0 1 
-56.15 -1019.96 94.85 0 1 
-56.40 -1019.90 95.03 0 1 
-57.13 -1020.02 94.54 0 1 
-56.76 -1019.96 95.03 0 1 
-56.46 -1019.41 94.97 0 1 
-56.95 -1020.14 94.73 0 1 
-56.27 -1020.20 95.03 0 1 
-55.91 -1019.96 95.21 0 1 
-56.34 -1020.32 95.21 0 1 
-57.25 -1020.14 95.28 0 1 
-56.52 -1020.20 94.79 0 1 
-56.58 -1020.26 94.67 0 1 
-56.76 -1020.20 94.79 0 1 
-56.82 -1019.90 94.91 0 1 
-56.76 -1020.08 94.67 0 1 
-56.76 -1019.96 94.67 0 1 
-56.52 -1020.08 95.15 0 1 
-56.82 -1020.26 95.09 0 1 
-56.64 -1019.90 95.09 0 1 
-57.01 -1019.65 94.67 0 1 
-57.01 -1020.14 94.79 0 1 
-56.88 -1020.39 94.79 0 1 
-56.46 -1019.53 94.79 0 1 
-56.40 -1019.71 94.91 0 1 
-56.64 -1020.14 95.03 0 1 
-56.64 -1020.14 94.54 0 1 
-56.82 -1020.39 94.67 0 1 
-56.21 -1020.26 95.15 0 1 
-56.46 -1019.96 95.03 0 1 
-56.76 -1020.45 95.03 0 1 
-56.88 -1020.39 94.85 0 1 
-56.70 -1019.78 95.03 0 1 
-56.52 -1019.90 94.85 0 1 
-56.03 -1020.08 94.97 0 1 
-56.15 -1020.26 94.85 0 1 
-56.40 -1020.14 95.03 0 1 
-56.40 -1020.39 95.15 0 1 
-56.88 -1020.08 95.03 0 1 
-56.70 -1020.08 95.09 0 1 
-57.01 -1020.45 94.97 0 1 
-56.82 -1019.71 95.52 0 1 
-56.70 -1019.90 95.09 0 1 
-56.09 -1019.96 95.34 0 1 
-56.70 -1020.02 95.03 0 1 
-56.58 -1020.20 94.60 0 1 
-56.15 -1019.78 95.09 0 1 
-56.52 -1019.96 94.91 0 1 
-56.34 -1019.78 95.28 0 1 
-56.52 -1020.02 94.97 0 1 
-56.52 -1019.71 94.91 0 1 
-56.03 -1019.84 95.09 0 1 
-56.76 -1019.53 94.91 0 1 
-56.40 -1019.71 95.03 0 1 
-56.46 -1019.84 94.97 0 1 
-56.64 -1020.32 95.03 0 1 
-56.52 -1020.39 94.79 0 1 
-56.15 -1020.45 94.85 0 1 
-56.46 -1020.26 94.73 0 1 
-56.82 -1020.39 94.97 0 1 
-56.70 -1020.57 94.67 0 1 
-56.52 -1020.57 94.85 0 1 
-57.01 -1020.57 95.09 0 1 
-57.01 -1020.08 94.85 0 1 
-56.46 -1020.26 94.97 0 1 
-56.95 -1020.26 95.52 0 1 
-56.58 -1019.84 95.09 0 1 
-56.76 -1019.90 95.40 0 1 
-56.82 -1020.39 95.09 0 1 
-56.58 -1020.02 94.91 0 1 
-56.70 -1019.84 94.73 0 1 
-56.70 -1019.53 94.91 0 1 
-56.64 -1019.90 94.97 0 1 
-56.82 -1019.59 95.15 0 1 
-56.27 -1020.20 94.97 0 1 
-56.34 -1020.32 95.15 0 1 
-56.82 -1020.02 94.79 0 1 
-56.46 -1019.41 94.79 0 1 
-56.46 -1020.08 94.79 0 1 
-56.95 -1020.08 95.03 0 1 
-56.64 -1019.71 94.79 0 1 
-56.70 -1020.14 94.60 0 1 
-57.01 -1019.59 94.91 0 1 
-56.46 -1019.47 94.85 0 1 
-55.97 -1019.78 94.97 0 1 
-56.46 -1019.65 94.97 0 1 
-56.52 -1020.14 94.67 0 1 
-56.82 -1020.45 94.67 0 1 
-56.70 -1019.96 95.03 0 1 
-57.13 -1020.39 94.91 0 1 
-56.46 -1020.02 94.91 0 1 
-56.64 -1020.20 95.09 0 1 
-56.46 -1019.90 94.97 0 1 
-56.46 -1019.96 95.03 0 1 
-56.70 -1019.96 94.48 0 1 
-56.70 -1019.96 94.60 0 1 
-56.70 -1019.78 94.79 0 1 
-56.27 -1020.26 95.03 0 1 
-56.27 -1019.59 94.54 0 1 
-56.95 -1019.65 95.21 0 1 
-56.46 -1019.96 94.73 0 1 
-56.21 -1019.65 94.73 0 1 
-57.19 -1019.90 94.73 0 1 
-56.46 -1020.45 94.73 0 1 
-56.40 -1020.14 94.85 0 1 
-56.03 -1020.02 94.73 0 1 
-56.27 -1019.78 95.09 0 1 
-56.70 -1020.26 94.79 0 1 
-56.46 -1019.84 95.03 0 1 
-56.70 -1020.02 95.21 0 1 
-56.40 -1019.84 95.09 0 1 
-56.64 -1020.39 94.73 0 1 
-56.64 -1020.20 94.79 0 1 
-56.70 -1020.08 94.97 0 1 
-57.19 -1020.08 94.67 0 1 
-56.21 -1019.41 94.48 0 1 
-56.76 -1019.65 95.09 0 1 
-56.82 -1020.02 94.85 0 1 
-56.03 -1020.08 94.97 0 1 
-56.88 -1020.20 94.85 0 1 
-56.95 -1020.02 94.97 0 1 
-55.97 -1020.32 94.85 0 1 
-56.70 -1020.20 94.97 0 1 
-55.91 -1019.84 94.97 0 1 
-56.88 -1020.08 94.91 0 1 
-56.21 -1019.90 95.64 0 1 
-56.46 -1019.65 94.79 0 1 
-57.07 -1019.59 94.73 0 1 
-56.70 -1019.96 94.18 0 1 
-56.95 -1019.71 94.97 0 1 
-56.58 -1020.45 94.97 0 1 
-56.58 -1020.39 94.85 0 1 
-56.52 -1020.45 95.34 0 1 
-56.34 -1020.45 94.85 0 1 
-56.70 -1019.41 95.52 0 1 
-56.82 -1020.39 94.73 0 1 
-56.46 -1020.14 94.97 0 1 
-56.82 -1020.08 95.09 0 1 
-56.82 -1020.32 94.91 0 1 
-56.82 -1019.78 94.97 0 1 
-56.58 -1019.90 94.85 0 1 
-56.64 -1019.78 94.85 0 1 
-56.64 -1019.71 95.09 0 1 
-56.46 -1019.96 94.97 0 1 
-56.70 -1019.65 95.03 0 1 
-56.52 -1020.08 94.85 0 1 
-56.15 -1020.26 94.85 0 1 
-56.70 -1019.47 94.67 0 1 
-56.70 -1020.26 94.67 0 1 
-56.15 -1020.08 94.73 0 1 
-56.76 -1019.35 94.67 0 1 
-56.52 -1020.02 94.85 0 1 
-56.40 -1019.90 94.42 0 1 
-56.40 -1019.65 94.67 0 1 
-56.52 -1020.02 94.67 0 1 
-56.52 -1019.59 94.73 0 1 
-56.58 -1019.96 94.91 0 1 
-57.01 -1020.32 94.60 0 1 
-56.03 -1020.26 94.48 0 1 
-56.46 -1020.39 94.60 0 1 
-56.34 -1019.84 94.73 0 1 
-56.95 -1019.84 94.73 0 1 
-56.27 -1020.26 94.73 0 1 
-56.46 -1019.84 95.09 0 1 
-57.01 -1020.14 94.91 0 1 
-56.52 -1019.65 95.03 0 1 
-56.58 -1020.02 95.09 0 1 
-56.64 -1020.08 95.03 0 1 
-56.52 -1020.02 94.91 0 1 
-56.09 -1019.71 94.79 0 1 
-56.27 -1019.59 94.42 0 1 
-56.21 -1020.08 94.85 0 1 
-56.88 -1019.90 94.85 0 1 
-56.82 -1019.90 94.85 0 1 
-56.46 -1019.53 94.85 0 1 
-56.15 -1020.14 94.54 0 1 
-57.07 -1020.08 95.28 0 1 
-56.27 -1020.45 94.97 0 1 
-56.09 -1019.41 94.79 0 1 
-56.76 -1020.08 94.60 0 1 
-56.82 -1019.96 94.85 0 1 
-56.76 -1019.96 94.60 0 1 
-56.88 -1019.90 94.67 0 1 
-56.58 -1020.08 94.79 0 1 
-56.03 -1020.32 94.73 0 1 
-56.40 -1020.02 94.67 0 1 
-56.27 -1020.14 94.97 0 1 
-56.34 -1019.90 94.79 0 1 
-56.70 -1019.04 94.91 0 1 
-56.40 -1019.90 94.67 0 1 
-56.34 -1020.02 94.79 0 1 
-56.46 -1020.20 94.85 0 1 
-56.82 -1019.90 94.30 0 1 
-56.70 -1020.32 94.54 0 1 
-56.21 -1019.84 95.15 0 1 
-56.52 -1020.14 94.85 0 1 
-56.76 -1019.71 94.73 0 1 
-56.34 -1020.02 94.97 0 1 
-56.58 -1019.71 94.91 0 1 
-57.13 -1019.96 95.15 0 1 
-56.34 -1019.65 95.40 0 1 
-56.46 -1019.96 94.79 0 1 
-55.97 -1019.71 95.03 0 1 
-56.46 -1019.96 95.21 0 1 
-56.46 -1020.32 94.97 0 1 
-56.40 -1020.32 95.09 0 1 
-56.70 -1019.96 94.97 0 1 
-56.82 -1020.08 95.15 0 1 
-56.58 -1019.90 95.03 0 1 
-56.40 -1020.32 95.03 0 1 
-56.34 -1020.39 95.21 0 1 
-56.70 -1019.90 94.67 0 1 
-56.82 -1019.78 95.15 0 1 
-57.07 -1019.10 94.79 0 1 
-56.52 -1019.41 94.91 0 1 
-56.21 -1019.78 95.03 0 1 
-56.70 -1020.14 95.28 0 1 
-56.82 -1020.39 94.79 0 1 
-56.88 -1019.96 94.97 0 1 
-56.88 -1020.14 95.28 0 1 
-57.01 -1020.39 94.91 0 1 
-56.76 -1019.96 94.79 0 1 
-57.01 -1019.78 95.09 0 1 
-56.15 -1020.02 95.03 0 1 
-56.58 -1020.32 95.15 0 1 
-56.82 -1019.96 94.97 0 1 
-56.27 -1019.65 95.03 0 1 
-56.40 -1020.14 94.85 0 1 
-56.70 -1019.84 94.85 0 1 
-56.15 -1019.90 95.03 0 1 
-56.34 -1020.08 95.15 0 1 
-56.76 -1020.14 94.85 0 1 
-56.95 -1020.14 94.97 0 1 
-56.52 -1020.02 94.85 0 1 
-56.70 -1020.02 94.79 0 1 
-56.88 -1020.20 95.46 0 1 
-56.27 -1019.78 95.21 0 1 
-56.76 -1020.08 94.67 0 1 
-56.40 -1020.08 94.97 0 1 
-56.27 -1019.65 95.09 0 1 
-56.88 -1020.02 95.28 0 1 
-56.40 -1020.02 94.79 0 1 
-56.34 -1020.32 94.97 0 1 
-56.58 -1020.02 94.54 0 1 
-56.76 -1019.96 94.79 0 1 
-56.46 -1019.35 94.97 0 1 
-56.15 -1019.84 95.34 0 1 
-56.82 -1020.20 95.03 0 1 
-56.27 -1020.14 94.79 0 1 
-56.40 -1020.26 95.15 0 1 
-56.88 -1019.78 95.03 0 1 
-56.09 -1019.96 94.91 0 1 
-56.46 -1019.78 94.91 0 1 
-56.70 -1020.08 94.97 0 1 
-56.76 -1020.57 94.79 0 1 
-56.46 -1020.26 95.21 0 1 
-56.09 -1020.39 95.15 0 1 
-57.13 -1019.84 94.85 0 1 
-56.46 -1019.53 94.91 0 1 
-56.15 -1019.78 95.15 0 1 
-56.27 -1019.65 94.85 0 1 
-56.40 -1019.90 94.97 0 1 
-56.70 -1020.14 95.09 0 1 
-57.19 -1020.20 95.03 0 1 
-56.64 -1020.08 94.91 0 1 
-56.95 -1019.53 95.03 0 1 
-56.15 -1019.71 94.79 0 1 
-57.01 -1020.14 95.15 0 1 
-56.58 -1019.65 94.73 0 1 
-56.76 -1019.78 95.15 0 1 
-56.70 -1019.96 95.15 0 1 
-56.58 -1020.20 95.21 0 1 
-57.07 -1020.08 94.91 0 1 
-56.15 -1019.71 95.09 0 1 
-56.70 -1020.32 94.97 0 1 
-56.76 -1019.96 95.09 0 1 
-56.52 -1020.32 95.03 0 1 
-56.76 -1019.47 95.15 0 1 
-56.40 -1019.35 95.03 0 1 
-56.64 -1019.41 94.54 0 1 
-56.46 -1020.20 94.91 0 1 
-57.31 -1020.57 94.91 0 1 
-56.52 -1020.14 94.79 0 1 
-56.70 -1020.08 95.34 0 1 
-56.82 -1020.20 94.79 0 1 
-56.27 -1020.63 95.40 0 1 
-56.76 -1020.26 94.73 0 1 
-57.37 -1019.65 95.52 0 1 
-57.13 -1020.32 95.15 0 1 
-56.88 -1019.78 95.34 0 1 
-56.82 -1020.08 95.40 0 1 
-56.64 -1020.26 95.09 0 1 
-56.95 -1019.84 94.91 0 1 
-56.95 -1020.08 94.60 0 1 
-56.40 -1019.23 94.79 0 1 
-56.76 -1019.59 94.97 0 1 
-56.70 -1019.41 95.58 0 1 
-56.46 -1019.90 95.03 0 1 
-57.19 -1019.65 94.48 0 1 
-57.07 -1019.90 94.42 0 1 
-56.52 -1020.08 94.91 0 1 
-56.46 -1020.57 95.28 0 1 
-56.34 -1020.20 95.21 0 1 
-56.52 -1019.71 95.34 0 1 
-56.70 -1020.26 95.28 0 1 
-56.88 -1020.39 95.03 0 1 
-56.40 -1020.08 95.09 0 1 
-56.34 -1019.84 95.15 0 1 
-56.34 -1020.14 95.15 0 1 
-56.95 -1020.20 94.91 0 1 
-56.40 -1019.84 94.97 0 1 
-56.40 -1020.57 94.54 0 1 
-57.13 -1019.47 94.54 0 1 
-57.01 -1020.08 95.15 0 1 
-56.58 -1019.53 95.28 0 1 
-56.58 -1020.08 95.15 0 1 
-56.70 -1019.90 94.73 0 1 
-56.82 -1020.20 94.91 0 1 
-56.82 -1019.84 94.97 0 1 
-56.40 -1020.45 95.40 0 1 
-56.95 -1019.78 94.85 0 1 
-56.76 -1020.14 95.46 0 1 
-56.34 -1019.84 95.03 0 1 
-56.34 -1019.78 95.03 0 1 
-56.95 -1019.96 94.79 0 1 
-56.03 -1020.20 95.09 0 1 
-56.09 -1019.96 94.85 0 1 
-56.82 -1020.32 95.03 0 1 
-56.64 -1020.32 95.28 0 1 
-56.34 -1020.63 94.91 0 1 
-57.07 -1020.87 94.73 0 1 
-56.27 -1020.20 94.79 0 1 
-56.34 -1019.96 94.91 0 1 
-56.64 -1019.96 95.09 0 1 
-56.95 -1020.14 94.91 0 1 
-56.21 -1020.08 95.21 0 1 
-56.46 -1019.84 94.85 0 1 
-57.31 -1019.96 95.09 0 1 
-57.01 -1019.90 94.67 0 1 
-56.88 -1020.20 94.79 0 1 
-56.09 -1020.14 94.79 0 1 
-56.70 -1019.90 94.97 0 1 
-56.64 -1020.69 94.60 0 1 
-56.58 -1020.14 94.97 0 1 
-57.01 -1019.84 94.79 0 1 
-56.21 -1019.96 95.03 0 1 
-56.52 -1020.26 95.09 0 1 
-56.76 -1020.45 94.85 0 1 
-56.27 -1020.45 95.03 0 1 
-56.15 -1019.71 95.15 0 1 
-56.27 -1019.96 95.09 0 1 
-57.01 -1019.59 95.28 0 1 
-56.88 -1020.02 94.79 0 1 
-56.70 -1019.90 94.85 0 1 
-56.88 -1019.96 95.21 0 1 
-56.58 -1020.08 95.15 0 1 
-56.95 -1019.96 95.21 0 1 
-57.19 -1020.32 95.09 0 1 
-56.70 -1019.84 94.67 0 1 
-56.76 -1019.53 94.67 0 1 
-56.40 -1020.32 94.91 0 1 
-56.64 -1020.08 94.97 0 1 
-57.07 -1020.51 94.79 0 1 
-56.76 -1020.14 94.79 0 1 
-56.76 -1019.65 94.73 0 1 
-56.52 -1020.39 95.03 0 1 
-56.76 -1019.84 94.67 0 1 
-56.34 -1019.41 94.67 0 1 
-56.46 -1019.96 95.03 0 1 
-56.27 -1020.20 94.73 0 1 
-56.64 -1020.14 94.42 0 1 
-56.70 -1020.20 94.79 0 1 
-56.76 -1020.20 94.73 0 1 
-57.07 -1020.32 94.91 0 1 
-56.15 -1019.96 94.73 0 1 
-56.64 -1020.02 94.97 0 1 
-57.07 -1019.90 94.97 0 1 
-56.82 -1020.20 94.79 0 1 
-56.52 -1019.78 95.21 0 1 
-56.27 -1020.08 94.97 0 1 
-57.19 -1020.02 95.03 0 1 
-56.52 -1019.29 94.85 0 1 
-56.88 -1019.84 95.15 0 1 
-56.40 -1019.96 94.97 0 1 
-57.01 -1019.53 94.73 0 1 
-56.58 -1019.71 94.54 0 1 
-56.40 -1019.47 95.15 0 1 
-57.13 -1020.57 94.67 0 1 
-56.64 -1019.47 94.42 0 1 
-56.58 -1020.39 94.60 0 1 
-56.46 -1020.02 94.91 0 1 
-56.27 -1020.20 95.21 0 1 
-56.52 -1020.32 94.73 0 1 
-56.64 -1020.32 94.30 0 1 
-56.70 -1019.84 95.21 0 1 
-56.21 -1020.02 95.34 0 1 
-56.76 -1020.32 94.67 0 1 
-56.95 -1020.69 95.03 0 1 
