STEVAL-MKI197V1 (LSM6DSOX)

A_X [mg] 	 A_Y [mg] 	 A_Z [mg] 

-86.00 -1019.41 93.51 0 1 
-87.28 -1016.60 95.89 0 1 
-89.72 -1016.60 91.67 0 1 
-87.10 -1017.33 93.08 0 1 
-87.83 -1017.46 94.97 0 1 
-89.72 -1015.93 92.29 0 1 
-86.18 -1017.15 92.59 0 1 
-85.69 -1017.76 93.51 0 1 
-90.39 -1016.17 91.74 0 1 
-87.59 -1017.40 92.47 0 1 
-85.57 -1018.80 93.63 0 1 
-88.26 -1015.99 94.12 0 1 
-88.93 -1015.62 91.43 0 1 
-86.24 -1017.76 92.16 0 1 
-88.68 -1017.09 94.97 0 1 
-89.17 -1016.48 91.86 0 1 
-85.45 -1017.82 93.20 0 1 
-87.22 -1017.46 93.99 0 1 
-90.45 -1016.24 91.37 0 1 
-87.16 -1017.33 93.51 0 1 
-85.82 -1018.55 94.79 0 1 
-88.99 -1015.99 93.02 0 1 
-88.07 -1016.36 91.86 0 1 
-86.91 -1017.94 92.53 0 1 
-90.09 -1016.11 93.99 0 1 
-89.11 -1017.21 92.83 0 1 
-85.02 -1019.29 94.06 0 1 
-87.89 -1017.03 95.58 0 1 
-89.72 -1016.36 90.33 0 1 
-86.79 -1018.37 92.83 0 1 
-88.01 -1017.76 94.79 0 1 
-90.09 -1016.30 91.55 0 1 
-86.36 -1017.03 93.81 0 1 
-85.45 -1018.01 94.06 0 1 
-89.97 -1015.50 91.92 0 1 
-88.38 -1016.85 91.55 0 1 
-85.75 -1018.86 92.59 0 1 
-88.62 -1016.60 94.30 0 1 
-87.59 -1016.17 91.49 0 1 
-85.21 -1018.31 92.47 0 1 
-88.13 -1016.66 94.30 0 1 
-90.33 -1016.05 90.09 0 1 
-86.79 -1018.13 93.38 0 1 
-86.85 -1017.64 95.34 0 1 
-89.36 -1015.69 91.67 0 1 
-86.49 -1017.09 92.41 0 1 
-86.30 -1017.88 93.14 0 1 
-90.15 -1016.30 91.74 0 1 
-87.89 -1017.46 91.74 0 0 
-85.45 -1019.04 93.81 0 1 
-89.48 -1015.69 94.97 0 1 
-88.62 -1016.42 92.59 0 1 
-84.29 -1018.62 93.93 0 1 
-87.59 -1016.72 95.09 0 1 
-88.81 -1015.75 91.25 0 1 
-84.72 -1017.82 93.99 0 1 
-86.79 -1017.27 95.28 0 1 
-89.78 -1016.66 91.80 0 1 
-86.24 -1018.01 93.14 0 1 
-86.55 -1018.74 93.51 0 1 
-89.78 -1015.62 91.74 0 1 
-86.55 -1017.46 93.57 0 1 
-86.55 -1018.86 93.44 0 1 
-89.72 -1015.50 91.86 0 1 
-87.83 -1016.85 92.47 0 1 
-85.39 -1018.43 92.77 0 1 
-89.60 -1016.36 93.26 0 1 
-87.59 -1016.97 91.31 0 1 
-85.75 -1018.74 93.08 0 1 
-89.36 -1016.05 93.08 0 0 
-88.68 -1016.78 90.94 0 1 
-84.41 -1018.62 93.57 0 1 
-89.36 -1015.93 93.93 0 0 
-89.05 -1016.36 90.82 0 1 
-85.08 -1018.80 93.14 0 1 
-89.36 -1016.05 93.93 0 1 
-89.23 -1016.85 91.00 0 1 
-84.90 -1019.17 93.26 0 1 
-88.56 -1015.87 93.69 0 1 
-88.44 -1016.11 90.58 0 1 
-85.02 -1018.43 93.44 0 1 
-89.42 -1016.11 93.99 0 1 
-88.44 -1016.97 91.13 0 1 
-84.66 -1018.37 93.87 0 1 
-89.66 -1016.05 93.69 0 1 
-87.95 -1016.60 91.49 0 1 
-84.66 -1018.86 93.14 0 1 
-90.09 -1015.99 93.51 0 1 
-87.40 -1016.72 91.98 0 1 
-85.27 -1018.68 93.38 0 1 
-90.21 -1016.17 93.38 0 1 
-87.71 -1017.40 91.61 0 1 
-86.36 -1018.62 93.93 0 1 
-90.76 -1015.81 91.98 0 1 
-86.55 -1017.33 92.22 0 1 
-86.98 -1017.52 94.42 0 1 
-90.94 -1016.11 90.82 0 1 
-84.59 -1018.13 93.26 0 1 
-87.95 -1017.64 94.30 0 1 
-89.78 -1015.69 90.27 0 1 
-84.23 -1018.49 93.38 0 1 
-90.09 -1016.30 93.63 0 1 
-87.52 -1016.85 91.25 0 1 
-84.96 -1018.55 93.51 0 1 
-91.19 -1015.44 91.25 0 1 
-85.45 -1017.70 91.98 0 1 
-87.52 -1017.46 94.42 0 1 
-89.72 -1016.30 90.15 0 1 
-84.78 -1018.49 93.32 0 1 
-90.27 -1016.11 93.26 0 1 
-86.98 -1017.52 91.61 0 1 
-85.88 -1017.94 94.60 0 1 
-90.52 -1015.93 90.52 0 1 
-83.68 -1018.55 93.32 0 1 
-90.03 -1016.42 93.44 0 1 
-86.98 -1017.70 91.43 0 1 
-86.18 -1018.07 94.42 0 1 
-90.82 -1016.05 91.19 0 1 
-84.05 -1018.13 94.12 0 1 
-90.33 -1015.99 93.44 0 1 
-86.36 -1017.52 92.04 0 1 
-86.67 -1017.70 94.91 0 1 
-89.48 -1016.60 90.15 0 1 
-84.78 -1019.35 93.99 0 1 
-91.55 -1015.87 91.55 0 1 
-83.37 -1018.62 93.63 0 1 
-90.33 -1017.09 92.77 0 1 
-86.55 -1017.64 91.25 0 1 
-87.10 -1017.88 94.18 0 1 
-91.00 -1016.17 89.60 0 1 
-83.80 -1018.01 93.99 0 1 
-91.19 -1015.99 92.83 0 1 
-87.77 -1017.21 90.39 0 1 
-85.51 -1018.68 93.69 0 1 
-92.16 -1015.87 91.00 0 1 
-87.89 -1017.88 91.19 0 1 
-109.80 -1017.64 90.58 0 1 
-104.43 -1016.11 87.16 0 1 
-86.61 -1016.91 91.92 0 1 
-75.38 -1016.05 89.66 0 1 
-58.04 -1020.63 91.55 0 1 
-73.79 -1018.43 92.96 0 1 
-90.45 -1016.36 90.39 0 1 
-97.60 -1016.11 94.60 0 1 
-101.14 -1015.26 89.29 0 1 
-79.41 -1019.29 89.48 0 1 
-81.60 -1017.46 87.28 0 1 
-80.44 -1018.37 85.21 0 1 
-90.15 -1017.58 90.45 0 1 
-96.19 -1016.54 88.13 0 1 
-82.03 -1020.14 93.26 0 1 
-86.49 -1017.82 89.42 0 1 
-79.59 -1018.80 89.60 0 1 
-93.20 -1015.44 89.23 0 1 
-89.29 -1016.60 87.46 0 1 
-85.88 -1017.94 92.35 0 1 
-86.00 -1018.07 88.75 0 1 
-81.54 -1019.78 93.69 0 1 
-93.69 -1015.93 87.16 0 1 
-83.68 -1017.40 90.58 0 1 
-91.37 -1016.72 87.59 0 1 
-78.80 -1019.78 90.27 0 1 
-91.80 -1018.25 88.26 0 1 
-82.76 -1018.55 89.97 0 1 
-93.75 -1016.72 87.77 0 1 
-80.81 -1017.94 90.58 0 1 
-90.64 -1017.09 84.96 0 1 
-81.36 -1018.43 90.21 0 1 
-92.90 -1017.21 87.59 0 1 
-84.23 -1017.64 92.77 0 1 
-88.50 -1017.40 88.13 0 1 
-82.64 -1016.91 91.67 0 1 
-90.52 -1017.52 87.65 0 1 
-83.13 -1017.21 91.19 0 1 
-92.04 -1018.13 88.93 0 1 
-82.09 -1018.49 88.68 0 1 
-87.65 -1017.46 90.39 0 1 
-86.79 -1017.58 88.07 0 1 
-84.47 -1017.09 91.67 0 1 
-91.06 -1017.52 87.34 0 1 
-81.97 -1018.98 88.38 0 1 
-89.11 -1017.82 90.27 0 1 
-87.28 -1017.76 87.77 0 1 
-84.05 -1017.64 91.19 0 1 
-90.52 -1016.78 87.46 0 1 
-82.89 -1018.01 88.44 0 1 
-87.59 -1017.27 91.67 0 1 
-88.62 -1017.52 88.32 0 1 
-82.95 -1017.58 90.45 0 1 
-90.76 -1016.91 88.56 0 1 
-84.05 -1017.76 88.56 0 1 
-86.12 -1017.58 92.41 0 1 
-89.97 -1017.70 88.13 0 0 
-82.34 -1018.62 90.21 0 1 
-89.97 -1017.15 89.54 0 1 
-84.96 -1017.46 88.50 0 1 
-85.82 -1017.27 92.35 0 1 
-89.66 -1017.58 87.46 0 1 
-82.28 -1018.43 90.21 0 1 
-90.15 -1017.40 89.78 0 1 
-84.29 -1017.88 88.56 0 1 
-85.75 -1017.33 92.10 0 1 
-90.64 -1017.82 87.46 0 1 
-82.52 -1017.76 90.45 0 1 
-89.97 -1017.15 89.36 0 1 
-84.72 -1018.25 89.29 0 1 
-86.98 -1017.52 92.35 0 1 
-88.50 -1018.13 87.95 0 1 
-82.95 -1018.07 91.13 0 1 
-90.76 -1017.64 88.26 0 1 
-83.86 -1018.37 89.97 0 1 
-88.13 -1017.15 91.19 0 1 
-86.43 -1018.31 88.20 0 1 
-84.72 -1017.58 92.04 0 1 
-89.84 -1017.33 87.89 0 1 
-82.58 -1017.70 90.21 0 1 
-90.15 -1017.70 88.68 0 1 
-84.23 -1018.43 89.48 0 1 
-87.04 -1016.05 91.25 0 1 
-87.65 -1018.01 88.75 0 1 
-84.23 -1017.40 91.19 0 1 
-91.00 -1017.46 87.28 0 1 
-82.64 -1018.25 89.72 0 1 
-89.60 -1017.76 88.87 0 1 
-85.02 -1018.49 88.99 0 1 
-86.73 -1016.30 91.43 0 1 
-89.54 -1018.49 87.95 0 1 
-82.46 -1017.52 90.03 0 1 
-90.70 -1018.01 87.77 0 1 
-83.98 -1018.01 89.17 0 1 
-87.40 -1016.72 91.31 0 1 
-87.65 -1018.31 88.50 0 1 
-83.62 -1017.21 89.66 0 1 
-90.15 -1018.37 87.22 0 1 
-83.56 -1017.94 89.36 0 1 
-88.26 -1017.21 90.88 0 1 
-86.91 -1018.62 88.56 0 1 
-84.23 -1016.91 90.70 0 1 
-89.90 -1018.07 87.52 0 1 
-83.98 -1018.37 88.99 0 1 
-87.83 -1017.27 90.52 0 1 
-86.36 -1018.55 88.62 0 1 
-84.90 -1017.52 90.52 0 1 
-90.15 -1018.01 87.65 0 1 
-84.05 -1018.07 89.54 0 1 
-88.44 -1016.60 91.13 0 1 
-87.10 -1018.68 88.01 0 1 
-83.68 -1017.88 89.90 0 1 
-89.90 -1017.94 87.46 0 1 
-83.98 -1018.80 89.42 0 1 
-87.34 -1016.30 90.76 0 1 
-88.44 -1018.62 87.95 0 1 
-82.89 -1018.01 89.48 0 1 
-88.75 -1016.97 89.42 0 1 
-85.94 -1018.62 88.50 0 1 
-84.17 -1017.27 89.78 0 1 
-90.21 -1018.19 86.67 0 1 
-83.92 -1018.49 89.23 0 1 
-87.16 -1016.36 90.58 0 1 
-88.44 -1018.49 87.65 0 1 
-83.13 -1017.88 89.23 0 1 
-87.83 -1017.03 90.88 0 1 
-87.65 -1018.86 87.89 0 1 
-83.50 -1017.88 89.36 0 1 
-88.50 -1017.27 89.72 0 1 
-86.67 -1018.49 88.38 0 1 
-84.05 -1017.33 89.90 0 1 
-88.87 -1017.15 88.99 0 1 
-85.75 -1018.49 89.11 0 1 
-84.35 -1017.33 89.66 0 1 
-88.93 -1017.46 88.32 0 1 
-84.84 -1018.25 89.17 0 1 
-84.78 -1017.52 90.15 0 1 
-89.17 -1017.88 87.95 0 1 
-84.66 -1018.25 89.48 0 1 
-85.63 -1017.64 90.03 0 1 
-89.72 -1018.43 87.65 0 1 
-84.23 -1018.01 89.17 0 1 
-85.45 -1017.09 90.27 0 1 
-89.17 -1017.94 87.10 0 1 
-84.59 -1018.25 89.72 0 0 
-85.69 -1017.70 90.64 0 1 
-89.36 -1018.19 87.77 0 1 
-84.29 -1018.07 89.60 0 1 
-85.39 -1016.66 90.03 0 1 
-89.29 -1017.70 87.52 0 1 
-84.66 -1018.37 90.09 0 1 
-84.90 -1017.64 89.90 0 1 
-89.42 -1018.07 88.68 0 1 
-84.66 -1018.43 89.36 0 1 
-84.78 -1017.46 88.93 0 1 
-89.29 -1016.91 89.17 0 1 
-85.88 -1017.94 88.20 0 1 
-84.41 -1018.01 89.72 0 1 
-87.83 -1017.03 88.99 0 1 
-86.85 -1018.13 88.26 0 1 
-83.68 -1017.27 89.72 0 1 
-88.68 -1017.03 88.99 0 1 
-87.22 -1018.68 88.62 0 1 
-84.11 -1017.46 89.54 0 1 
-88.99 -1016.91 89.66 0 1 
-86.49 -1018.55 88.26 0 1 
-84.53 -1017.09 89.17 0 1 
-88.44 -1017.09 90.39 0 1 
-87.10 -1018.55 87.22 0 0 
-84.53 -1017.82 90.15 0 1 
-87.59 -1016.85 89.78 0 1 
-87.22 -1019.53 87.28 0 1 
-83.92 -1018.25 90.64 0 1 
-87.83 -1016.30 88.99 0 1 
-87.16 -1018.74 88.32 0 1 
-83.86 -1018.01 89.36 0 1 
-86.85 -1016.91 90.15 0 1 
-87.95 -1017.82 87.22 0 1 
-84.59 -1018.43 90.58 0 1 
-87.22 -1016.91 89.05 0 1 
-88.38 -1018.62 88.07 0 1 
-83.56 -1018.13 90.39 0 1 
-87.46 -1016.54 89.23 0 1 
-87.89 -1018.01 88.87 0 1 
-84.66 -1017.70 89.48 0 1 
-86.73 -1017.09 89.17 0 1 
-87.95 -1017.94 88.62 0 1 
-84.35 -1018.37 89.66 0 1 
-86.30 -1017.21 89.60 0 1 
-88.26 -1017.94 88.62 0 1 
-85.02 -1018.19 89.54 0 1 
-86.36 -1016.78 89.48 0 1 
-88.26 -1018.13 88.62 0 1 
-84.66 -1018.31 89.42 0 1 
-86.18 -1016.85 89.42 0 1 
-88.07 -1018.49 88.50 0 0 
-84.78 -1018.37 89.78 0 1 
-86.30 -1017.15 89.29 0 1 
-88.07 -1018.43 88.75 0 1 
-84.78 -1018.55 89.23 0 1 
-86.55 -1016.91 88.68 0 1 
-88.01 -1018.07 88.87 0 1 
-85.27 -1019.10 89.05 0 1 
-86.49 -1017.46 88.87 0 1 
-88.44 -1018.13 88.62 0 1 
-84.59 -1019.35 89.72 0 1 
-85.75 -1017.09 88.93 0 1 
-88.68 -1017.76 88.62 0 1 
-85.27 -1019.10 88.87 0 1 
-86.36 -1016.66 88.75 0 1 
-88.20 -1018.07 90.03 0 1 
-85.27 -1018.62 87.52 0 1 
-85.94 -1018.19 90.33 0 1 
-88.13 -1016.60 88.56 0 1 
-85.21 -1019.78 88.32 0 0 
-85.51 -1016.78 88.44 0 1 
-87.16 -1016.85 90.27 0 1 
-86.61 -1019.53 87.52 0 1 
-84.05 -1016.91 88.93 0 1 
-87.46 -1016.60 89.90 0 1 
-86.06 -1019.96 87.89 0 1 
-85.21 -1018.13 89.72 0 1 
-88.81 -1016.17 87.04 0 1 
-86.85 -1017.46 86.36 0 1 
-84.66 -1017.52 89.60 0 1 
-86.61 -1016.17 88.75 0 1 
-85.63 -1017.88 89.36 0 1 
-83.74 -1019.41 91.31 0 1 
-85.82 -1017.58 89.60 0 1 
-87.52 -1018.37 88.93 0 1 
-86.12 -1019.71 87.95 0 1 
-87.40 -1017.52 87.34 0 1 
-88.68 -1016.66 87.34 0 1 
-86.67 -1018.55 86.79 0 1 
-85.02 -1016.85 89.23 0 1 
-87.10 -1017.40 89.23 0 1 
-84.72 -1018.98 88.20 0 1 
-84.17 -1017.76 90.64 0 1 
-86.91 -1016.91 88.44 0 1 
-85.94 -1018.19 86.91 0 1 
-85.51 -1017.40 89.42 0 1 
-87.71 -1017.46 87.83 0 1 
-86.61 -1018.49 89.11 0 1 
-84.66 -1018.13 89.17 0 1 
-86.73 -1017.15 87.77 0 1 
-86.73 -1018.13 89.48 0 1 
-86.00 -1019.17 87.40 0 1 
-85.45 -1017.46 89.72 0 1 
-87.71 -1017.88 88.26 0 1 
-86.00 -1018.86 87.40 0 1 
-84.72 -1018.01 90.82 0 1 
-88.13 -1016.48 87.52 0 1 
-86.91 -1018.19 87.83 0 1 
-84.59 -1019.29 90.03 0 1 
-86.18 -1016.97 87.52 0 1 
-87.46 -1017.33 88.87 0 1 
-85.39 -1019.41 87.77 0 1 
-86.30 -1017.33 89.66 0 1 
-86.85 -1017.27 88.75 0 1 
-86.85 -1018.43 87.71 0 1 
-85.02 -1018.37 89.60 0 1 
-88.01 -1017.09 87.65 0 1 
-87.46 -1017.82 87.65 0 1 
-85.27 -1019.04 88.99 0 1 
-86.55 -1017.09 88.75 0 1 
-87.40 -1017.46 88.81 0 1 
-85.08 -1018.86 87.22 0 1 
-85.08 -1017.15 90.33 0 1 
-87.46 -1016.78 87.65 0 1 
-86.00 -1018.01 87.65 0 1 
-85.57 -1018.74 89.42 0 1 
-86.73 -1016.91 88.13 0 1 
-87.40 -1017.52 88.20 0 1 
-85.33 -1018.86 87.40 0 1 
-86.85 -1017.58 89.23 0 1 
-87.89 -1017.46 87.95 0 1 
-85.94 -1018.92 87.46 0 1 
-85.45 -1018.43 90.03 0 1 
-87.59 -1016.97 87.40 0 1 
-87.04 -1018.01 88.38 0 1 
-84.90 -1019.17 88.07 0 1 
-85.75 -1017.52 88.68 0 1 
-87.40 -1018.13 88.68 0 1 
-85.45 -1019.29 87.04 0 1 
-85.21 -1017.27 90.39 0 1 
-87.16 -1016.17 87.77 0 1 
-86.18 -1017.82 88.01 0 1 
-85.33 -1018.74 89.29 0 1 
-86.98 -1017.33 87.95 0 1 
-87.28 -1017.94 88.50 0 1 
-85.39 -1019.10 87.52 0 1 
-85.51 -1017.15 89.05 0 1 
-88.13 -1017.27 87.65 0 1 
-85.75 -1018.80 87.10 0 1 
-85.21 -1018.86 90.21 0 1 
-87.71 -1016.60 86.73 0 1 
-85.45 -1018.01 87.83 0 1 
-85.21 -1019.17 88.20 0 1 
-87.22 -1016.48 87.52 0 1 
-87.95 -1017.15 88.44 0 1 
-85.27 -1019.10 86.98 0 1 
-85.51 -1017.52 89.90 0 1 
-88.01 -1016.36 86.67 0 1 
-85.27 -1019.17 87.83 0 1 
-85.57 -1017.88 89.29 0 1 
-87.95 -1017.64 87.04 0 1 
-86.67 -1018.37 87.40 0 1 
-84.84 -1019.84 89.05 0 1 
-86.36 -1016.91 87.16 0 1 
-87.65 -1017.76 87.77 0 1 
-84.41 -1019.04 87.46 0 1 
-86.61 -1018.07 88.68 0 1 
-87.28 -1017.58 87.22 0 1 
-85.75 -1018.80 86.85 0 1 
-84.90 -1018.31 90.64 0 1 
-88.62 -1016.91 85.82 0 1 
-85.39 -1018.25 87.59 0 1 
-85.33 -1019.47 88.50 0 1 
-87.16 -1016.42 87.10 0 1 
-87.46 -1018.37 88.20 0 1 
-84.78 -1019.47 87.04 0 1 
-85.69 -1017.88 88.87 0 1 
-88.07 -1017.03 86.55 0 1 
-84.78 -1019.23 87.34 0 1 
-85.82 -1018.19 89.60 0 1 
-87.40 -1016.72 86.55 0 1 
-86.06 -1018.37 87.34 0 1 
-84.59 -1018.31 88.50 0 1 
-87.52 -1017.15 87.22 0 1 
-87.95 -1017.21 87.34 0 1 
-84.41 -1019.17 86.91 0 1 
-86.30 -1017.03 88.38 0 1 
-87.34 -1016.91 86.67 0 1 
-84.96 -1018.98 87.65 0 1 
-85.63 -1018.37 88.99 0 1 
-87.59 -1016.78 86.18 0 1 
-86.49 -1018.13 86.49 0 1 
-84.53 -1018.68 87.95 0 1 
-87.22 -1016.54 86.43 0 1 
-86.61 -1017.94 87.28 0 1 
-85.33 -1019.35 85.51 0 1 
-86.30 -1017.76 88.38 0 1 
-87.65 -1016.91 85.82 0 1 
-85.75 -1019.59 86.49 0 1 
-84.66 -1018.13 89.42 0 1 
-88.32 -1016.60 84.29 0 1 
-86.36 -1018.43 86.73 0 1 
-84.53 -1019.47 88.93 0 1 
-87.59 -1016.36 85.82 0 1 
-87.22 -1016.85 86.00 0 1 
-84.78 -1020.20 86.67 0 1 
-86.24 -1017.03 87.52 0 1 
-86.98 -1017.03 85.82 0 1 
-84.90 -1019.65 85.21 0 1 
-85.94 -1018.68 88.99 0 1 
-88.26 -1016.48 84.84 0 1 
-86.24 -1018.92 85.39 0 1 
-84.78 -1019.29 88.62 0 1 
-87.16 -1017.03 85.27 0 1 
-86.79 -1017.94 85.69 0 1 
-84.66 -1020.14 87.22 0 1 
-86.00 -1016.85 87.04 0 1 
-87.71 -1017.70 85.14 0 1 
-84.35 -1020.14 86.00 0 1 
-85.94 -1016.72 88.07 0 1 
-87.59 -1017.33 85.57 0 1 
-84.23 -1018.98 87.04 0 1 
-85.69 -1018.07 87.59 0 1 
-87.89 -1017.40 85.45 0 1 
-85.63 -1018.19 86.36 0 1 
-84.59 -1020.32 87.34 0 1 
-87.16 -1016.97 85.94 0 1 
-86.43 -1017.27 86.43 0 1 
-84.23 -1019.41 85.21 0 1 
-86.12 -1017.15 87.89 0 1 
-87.65 -1017.46 85.51 0 1 
-85.08 -1018.68 85.63 0 1 
-85.45 -1018.49 87.83 0 1 
-88.20 -1016.78 84.84 0 1 
-86.06 -1017.94 86.06 0 1 
-84.11 -1019.84 86.30 0 1 
-86.85 -1017.58 86.79 0 1 
-87.22 -1017.70 86.91 0 0 
-83.74 -1018.74 85.75 0 1 
-86.24 -1017.94 88.75 0 1 
-87.71 -1017.03 84.66 0 1 
-85.69 -1018.01 86.55 0 1 
-84.41 -1020.14 86.91 0 1 
-88.01 -1017.21 85.94 0 1 
-86.67 -1017.58 86.12 0 1 
-83.98 -1018.74 85.75 0 1 
-85.51 -1017.76 88.75 0 1 
-87.77 -1016.97 84.72 0 1 
-85.45 -1017.82 85.94 0 1 
-84.84 -1019.10 86.85 0 1 
-87.04 -1016.97 86.18 0 1 
-86.98 -1016.91 86.00 0 1 
-84.23 -1019.53 85.82 0 1 
-85.75 -1017.58 87.83 0 1 
-88.44 -1016.91 84.47 0 1 
-85.75 -1018.68 86.06 0 1 
-84.90 -1019.90 87.22 0 1 
-87.46 -1016.78 85.94 0 1 
-86.91 -1017.21 85.94 0 1 
-84.17 -1019.84 85.75 0 1 
-85.94 -1018.25 88.32 0 1 
-88.13 -1017.64 84.66 0 1 
-85.69 -1018.07 86.36 0 1 
-84.66 -1018.49 87.10 0 1 
-87.77 -1017.09 85.63 0 1 
-86.67 -1017.70 85.82 0 1 
-83.86 -1018.98 85.57 0 1 
-85.69 -1017.70 88.38 0 1 
-87.95 -1017.64 85.21 0 1 
-85.14 -1018.62 86.49 0 1 
-84.41 -1019.29 87.59 0 1 
-87.22 -1017.40 85.39 0 1 
-87.04 -1017.88 85.75 0 1 
-83.86 -1019.59 85.82 0 1 
-86.24 -1017.27 88.32 0 1 
-88.26 -1016.97 84.96 0 1 
-84.72 -1018.86 85.82 0 1 
-84.59 -1018.19 87.28 0 1 
-88.07 -1017.52 85.02 0 1 
-86.67 -1017.46 86.00 0 1 
-84.11 -1019.10 85.88 0 1 
-86.18 -1018.01 88.20 0 1 
-87.95 -1017.21 84.41 0 1 
-84.78 -1018.68 86.12 0 1 
-85.45 -1018.98 87.65 0 1 
-88.32 -1017.40 84.66 0 1 
-86.36 -1017.40 86.00 0 1 
-83.68 -1019.10 85.63 0 1 
-85.69 -1017.94 87.52 0 1 
-87.59 -1016.78 84.72 0 1 
-84.90 -1018.80 86.18 0 1 
-85.69 -1018.98 87.59 0 1 
-87.71 -1017.03 84.84 0 1 
-86.00 -1018.07 86.00 0 1 
-83.92 -1019.96 85.39 0 1 
-86.79 -1016.72 86.91 0 1 
-87.46 -1017.33 85.02 0 1 
-84.41 -1019.04 86.12 0 1 
-85.21 -1019.04 88.38 0 1 
-87.89 -1016.97 84.29 0 1 
-85.27 -1017.94 85.82 0 1 
-84.05 -1019.71 86.49 0 1 
-87.28 -1017.52 86.18 0 1 
-87.28 -1017.70 85.08 0 1 
-84.11 -1019.23 85.75 0 1 
-85.51 -1018.74 88.38 0 1 
-88.13 -1017.46 84.17 0 1 
-85.39 -1018.19 86.06 0 1 
-84.84 -1019.53 86.73 0 1 
-87.59 -1017.27 85.57 0 1 
-86.91 -1017.94 85.39 0 1 
-83.25 -1019.47 86.06 0 1 
-86.36 -1018.19 88.13 0 1 
-88.01 -1017.09 84.72 0 1 
-84.47 -1018.49 85.94 0 1 
-83.92 -1019.04 87.34 0 1 
-87.89 -1016.91 85.57 0 1 
-86.79 -1017.70 85.02 0 1 
-84.05 -1019.47 86.24 0 1 
-86.36 -1017.82 88.26 0 1 
-87.40 -1017.03 84.59 0 1 
-84.41 -1018.31 86.18 0 1 
-85.39 -1018.74 87.71 0 1 
-87.83 -1017.21 84.72 0 1 
-86.00 -1017.46 85.51 0 1 
-83.80 -1019.23 85.94 0 1 
-87.77 -1017.09 86.67 0 1 
-87.16 -1017.82 84.72 0 1 
-84.72 -1019.17 86.00 0 1 
-85.88 -1018.55 88.68 0 1 
-88.26 -1017.46 84.53 0 1 
-85.69 -1018.98 85.94 0 1 
-84.53 -1018.74 87.16 0 1 
-87.65 -1017.52 85.82 0 1 
-86.55 -1018.01 85.21 0 1 
-84.17 -1019.23 85.88 0 1 
-86.24 -1017.58 87.34 0 1 
-87.46 -1017.03 85.02 0 1 
-84.11 -1018.68 86.06 0 1 
-85.14 -1018.62 88.07 0 1 
-88.38 -1017.27 84.96 0 1 
-86.06 -1018.19 85.51 0 1 
-84.17 -1019.23 86.67 0 1 
-87.46 -1017.40 86.61 0 1 
-87.22 -1017.15 84.96 0 1 
-84.11 -1019.35 86.00 0 1 
-86.49 -1017.46 88.20 0 1 
-87.83 -1017.64 84.35 0 1 
-84.90 -1018.98 85.88 0 1 
-84.41 -1019.23 87.22 0 1 
-87.95 -1017.21 85.39 0 1 
-85.82 -1017.76 85.82 0 1 
-83.62 -1019.47 86.30 0 1 
-87.65 -1017.58 86.79 0 1 
-86.98 -1017.52 84.53 0 1 
-83.74 -1019.35 86.43 0 1 
-86.55 -1018.43 87.46 0 1 
-88.07 -1016.97 83.80 0 1 
-85.21 -1018.49 86.18 0 1 
-84.78 -1019.78 86.85 0 1 
-88.01 -1016.78 85.51 0 1 
-86.36 -1017.52 85.33 0 1 
-83.62 -1019.90 85.82 0 1 
-86.79 -1016.85 87.46 0 1 
-87.65 -1017.33 84.47 0 1 
-84.72 -1019.04 86.18 0 1 
-85.39 -1018.62 87.16 0 1 
-88.50 -1017.03 84.72 0 1 
-86.18 -1018.43 85.51 0 1 
-83.68 -1019.71 86.49 0 1 
-88.32 -1017.64 86.00 0 1 
-87.04 -1018.07 84.59 0 1 
-83.62 -1019.84 86.61 0 1 
-86.85 -1017.70 87.52 0 1 
-88.01 -1017.15 84.53 0 1 
-84.17 -1018.68 86.06 0 1 
-85.63 -1019.90 88.38 0 1 
-87.83 -1017.64 83.80 0 1 
-85.45 -1018.55 85.75 0 1 
-84.59 -1019.47 85.82 0 1 
-87.77 -1017.40 86.73 0 1 
-86.98 -1016.97 84.35 0 1 
-83.44 -1019.47 86.61 0 1 
-86.85 -1018.31 87.34 0 1 
-88.32 -1017.03 83.74 0 1 
-84.17 -1019.23 87.10 0 1 
-86.00 -1018.80 87.46 0 1 
-87.89 -1017.33 84.96 0 1 
-85.45 -1018.98 85.51 0 1 
-84.05 -1019.78 86.61 0 1 
-88.20 -1017.21 86.55 0 1 
-86.98 -1017.82 83.92 0 1 
-83.56 -1019.53 86.91 0 1 
-87.04 -1017.76 87.16 0 1 
-88.50 -1016.72 84.05 0 1 
-84.29 -1019.17 86.36 0 1 
-85.33 -1019.29 87.04 0 1 
-89.48 -1017.33 84.90 0 1 
-85.82 -1018.19 84.90 0 1 
-84.78 -1020.08 86.67 0 1 
-87.22 -1017.21 87.10 0 1 
-87.10 -1017.64 84.05 0 1 
-83.80 -1019.23 86.00 0 1 
-86.49 -1017.94 89.05 0 1 
-87.59 -1017.27 84.11 0 1 
-83.07 -1018.19 86.06 0 1 
-86.36 -1017.94 87.04 0 1 
-89.48 -1016.48 83.19 0 1 
-85.21 -1018.37 85.27 0 1 
-84.96 -1019.59 87.16 0 1 
-88.87 -1017.27 85.33 0 1 
-85.45 -1018.25 85.57 0 1 
-84.35 -1020.02 87.34 0 1 
-88.62 -1017.64 86.61 0 1 
-86.67 -1017.94 84.90 0 1 
-83.31 -1019.90 87.16 0 1 
-87.59 -1017.64 87.16 0 1 
-88.81 -1017.40 83.31 0 1 
-83.86 -1018.98 86.24 0 1 
-86.24 -1018.07 87.83 0 1 
-88.07 -1016.85 83.80 0 1 
-83.86 -1018.80 86.00 0 1 
-85.88 -1018.55 87.95 0 1 
-89.42 -1017.03 83.44 0 1 
-83.19 -1019.47 86.49 0 1 
-85.27 -1018.86 87.10 0 1 
-88.81 -1017.33 84.29 0 1 
-84.05 -1019.29 86.18 0 1 
-85.33 -1019.29 87.46 0 1 
-88.93 -1016.60 83.86 0 1 
-83.50 -1018.43 86.06 0 1 
-85.45 -1018.74 87.52 0 1 
-89.42 -1016.97 84.11 0 1 
-84.17 -1018.80 86.43 0 1 
-84.90 -1018.80 87.52 0 1 
-88.99 -1016.97 83.50 0 1 
-83.13 -1018.68 86.55 0 1 
-86.49 -1018.43 87.46 0 1 
-88.75 -1017.46 83.62 0 1 
-83.31 -1019.65 86.61 0 1 
-87.10 -1017.33 87.28 0 1 
-87.83 -1017.15 83.50 0 1 
-83.25 -1019.17 86.85 0 1 
-88.20 -1016.66 86.79 0 1 
-86.36 -1017.40 84.41 0 1 
-84.05 -1020.02 86.85 0 1 
-89.60 -1016.24 85.39 0 1 
-84.17 -1018.55 85.51 0 1 
-85.02 -1018.49 87.59 0 1 
-88.20 -1016.78 83.68 0 1 
-82.64 -1019.96 86.79 0 1 
-88.01 -1017.27 86.98 0 1 
-86.91 -1017.88 84.84 0 1 
-83.56 -1020.32 87.52 0 1 
-89.48 -1017.27 84.78 0 1 
-83.25 -1018.86 86.49 0 1 
-87.10 -1017.21 87.10 0 1 
-87.28 -1017.15 83.92 0 1 
-83.13 -1019.96 87.34 0 1 
-90.45 -1016.66 84.53 0 1 
-82.21 -1019.41 87.16 0 1 
-88.75 -1017.88 86.43 0 1 
-86.30 -1018.01 83.80 0 1 
-83.07 -1018.92 87.04 0 1 
-89.90 -1017.03 85.82 0 1 
-83.37 -1018.31 85.45 0 1 
-85.88 -1018.86 87.46 0 1 
-89.42 -1017.40 83.86 0 1 
-82.15 -1019.53 86.98 0 1 
-87.52 -1017.76 86.79 0 1 
-88.62 -1017.09 83.07 0 1 
-82.15 -1019.47 87.71 0 1 
-89.17 -1017.52 86.36 0 1 
-85.82 -1017.64 83.50 0 1 
-83.31 -1019.53 87.77 0 1 
-90.76 -1017.40 85.39 0 1 
-83.31 -1019.10 85.45 0 1 
-85.08 -1018.68 87.34 0 1 
-89.72 -1017.15 83.56 0 1 
-81.42 -1019.41 86.61 0 1 
-89.05 -1018.25 86.79 0 1 
-87.71 -1018.37 82.58 0 1 
-82.28 -1018.98 88.93 0 1 
-90.15 -1017.21 85.57 0 1 
-83.56 -1018.74 85.02 0 1 
-84.90 -1018.86 87.16 0 1 
-90.15 -1016.85 84.05 0 1 
-81.67 -1019.29 87.34 0 1 
-89.72 -1017.52 85.14 0 1 
-84.84 -1018.86 83.62 0 1 
-84.17 -1018.62 88.81 0 1 
-90.03 -1017.09 83.92 0 1 
-81.30 -1019.10 87.83 0 1 
-90.03 -1017.46 84.72 0 1 
-84.05 -1019.47 83.25 0 1 
-85.57 -1018.19 88.20 0 1 
-88.75 -1017.76 78.92 0 1 
-81.73 -1018.55 88.75 0 1 
-91.74 -1017.64 83.37 0 1 
-80.69 -1019.10 86.79 0 1 
-91.25 -1017.46 84.53 0 1 
-80.75 -1018.43 85.75 0 1 
-90.70 -1017.76 85.33 0 1 
-81.12 -1018.80 84.29 0 1 
-90.21 -1017.82 85.57 0 1 
-82.34 -1018.62 84.84 0 1 
-89.66 -1017.64 86.00 0 1 
-83.01 -1018.43 85.33 0 1 
-89.29 -1017.82 86.12 0 1 
-84.05 -1018.86 85.39 0 1 
-85.75 -1017.94 87.71 0 1 
-88.07 -1018.31 84.05 0 1 
-82.34 -1018.68 87.65 0 1 
-90.09 -1017.82 84.41 0 1 
-83.25 -1018.49 84.96 0 1 
-86.06 -1017.88 87.95 0 1 
-88.99 -1018.13 84.47 0 1 
-81.79 -1018.92 85.57 0 1 
-87.59 -1017.88 86.91 0 1 
-87.77 -1018.43 84.66 0 1 
-82.28 -1018.92 86.61 0 1 
-88.87 -1018.62 86.06 0 1 
-87.46 -1018.13 84.78 0 1 
-82.09 -1019.10 87.34 0 1 
-89.48 -1017.94 85.33 0 1 
