STEVAL-MKI197V1 (LSM6DSOX)

A_X [mg] 	 A_Y [mg] 	 A_Z [mg] 

-310.85 -971.56 -114.26 0 1 
-311.16 -972.11 -114.44 0 1 
-311.04 -972.23 -114.75 0 1 
-310.85 -972.60 -114.56 0 1 
-310.79 -972.17 -114.81 0 1 
-310.73 -972.35 -114.69 0 1 
-310.85 -971.68 -114.56 0 1 
-310.73 -972.78 -114.87 0 1 
-310.24 -972.66 -114.56 0 1 
-310.73 -972.78 -114.44 0 1 
-310.42 -971.92 -114.01 0 1 
-310.55 -972.53 -114.14 0 1 
-310.30 -971.80 -114.44 0 1 
-310.55 -972.78 -113.71 0 1 
-310.67 -972.05 -113.95 0 1 
-310.24 -972.35 -113.95 0 1 
-310.49 -971.92 -114.07 0 1 
-310.85 -972.66 -114.07 0 1 
-311.04 -971.68 -114.50 0 1 
-310.85 -972.11 -114.14 0 1 
-310.79 -971.50 -114.26 0 1 
-310.18 -971.74 -114.50 0 1 
-310.49 -971.44 -114.81 0 1 
-310.97 -971.92 -114.56 0 1 
-310.91 -972.60 -114.75 0 1 
-311.16 -972.11 -114.32 0 1 
-311.04 -971.62 -115.05 0 1 
-310.73 -971.98 -114.62 0 1 
-311.16 -972.23 -114.75 0 1 
-311.22 -972.23 -114.93 0 1 
-310.79 -972.11 -114.69 0 1 
-310.91 -972.05 -114.99 0 1 
-310.42 -972.29 -114.93 0 1 
-310.97 -972.41 -114.56 0 1 
-311.16 -972.53 -114.44 0 1 
-310.49 -972.47 -114.07 0 1 
-310.30 -972.11 -114.44 0 1 
-310.79 -972.72 -113.59 0 1 
-310.67 -972.60 -114.14 0 1 
-310.55 -972.23 -114.07 0 1 
-310.24 -972.41 -114.69 0 1 
-310.30 -972.66 -114.44 0 1 
-310.55 -972.47 -114.44 0 1 
-310.85 -971.86 -114.44 0 1 
-310.30 -972.05 -114.38 0 1 
-310.91 -972.05 -114.50 0 1 
-311.34 -972.23 -114.93 0 1 
-311.04 -972.41 -114.69 0 1 
-310.49 -972.53 -114.20 0 1 
-311.40 -971.98 -114.50 0 1 
-311.40 -972.23 -114.56 0 1 
-311.10 -972.90 -114.44 0 1 
-311.10 -972.66 -114.81 0 1 
-311.16 -972.29 -114.56 0 1 
-311.40 -972.11 -114.56 0 1 
-311.34 -972.05 -114.93 0 1 
-310.79 -972.11 -114.50 0 1 
-311.16 -972.47 -114.99 0 1 
-310.55 -972.60 -114.81 0 1 
-310.06 -972.11 -114.32 0 1 
-311.16 -972.17 -114.32 0 1 
-310.61 -972.47 -114.26 0 1 
-310.42 -971.86 -114.07 0 1 
-310.55 -972.41 -114.32 0 1 
-310.42 -972.84 -114.14 0 1 
-310.61 -972.53 -114.50 0 1 
-310.97 -972.23 -114.38 0 1 
-310.67 -972.29 -114.26 0 1 
-311.28 -972.41 -114.50 0 1 
-310.73 -972.23 -113.95 0 1 
-310.85 -972.11 -114.38 0 1 
-310.61 -972.11 -114.62 0 1 
-310.85 -972.05 -114.81 0 1 
-310.55 -972.17 -114.56 0 1 
-310.36 -972.72 -114.69 0 1 
-310.97 -972.05 -115.42 0 1 
-310.73 -971.74 -114.38 0 1 
-311.28 -972.72 -114.56 0 1 
-311.10 -972.78 -114.50 0 1 
-311.28 -972.29 -114.69 0 1 
-310.91 -972.90 -114.56 0 1 
-310.30 -972.29 -114.93 0 1 
-310.00 -971.98 -114.62 0 1 
-310.73 -972.35 -114.50 0 1 
-310.79 -972.41 -114.56 0 1 
-310.30 -972.11 -114.32 0 1 
-310.42 -972.35 -114.38 0 1 
-310.79 -972.17 -114.20 0 1 
-310.61 -973.02 -114.01 0 1 
-310.67 -972.35 -114.38 0 1 
-310.73 -972.60 -114.56 0 1 
-310.73 -972.11 -113.89 0 1 
-310.42 -972.17 -114.44 0 1 
-310.73 -972.17 -114.56 0 1 
-310.24 -972.17 -114.56 0 1 
-310.85 -971.56 -114.81 0 1 
-310.36 -971.74 -114.44 0 1 
-310.97 -971.92 -114.69 0 1 
-310.73 -972.11 -114.56 0 1 
-310.73 -971.74 -114.69 0 1 
-311.46 -972.41 -114.69 0 1 
-310.79 -972.05 -114.87 0 1 
-310.91 -972.41 -114.56 0 1 
-310.85 -972.05 -115.05 0 1 
-310.36 -972.66 -114.81 0 1 
-310.49 -972.47 -114.50 0 1 
-310.67 -972.17 -114.32 0 1 
-310.61 -971.74 -114.69 0 1 
-310.79 -971.98 -114.69 0 1 
-310.73 -971.92 -114.50 0 1 
-310.30 -972.72 -114.32 0 1 
-310.12 -972.84 -114.38 0 1 
-310.67 -972.35 -114.26 0 1 
-310.42 -972.23 -114.26 0 1 
-310.79 -972.66 -113.95 0 1 
-310.91 -972.11 -114.07 0 1 
-311.10 -972.72 -114.32 0 1 
-311.22 -972.11 -114.62 0 1 
-310.55 -971.44 -114.38 0 1 
-310.85 -972.23 -114.38 0 1 
-311.28 -972.05 -114.38 0 1 
-310.49 -972.41 -114.44 0 1 
-310.73 -972.11 -114.62 0 1 
-311.46 -972.05 -114.87 0 1 
-311.04 -972.29 -114.50 0 1 
-311.10 -972.41 -114.87 0 1 
-310.85 -972.47 -114.69 0 1 
-310.97 -972.23 -114.69 0 1 
-310.79 -972.35 -114.99 0 1 
-311.34 -972.60 -114.87 0 1 
-310.55 -972.41 -114.75 0 1 
-310.91 -972.47 -114.32 0 1 
-310.36 -972.23 -114.50 0 1 
-310.91 -971.92 -114.20 0 1 
-311.04 -972.60 -114.38 0 1 
-310.42 -971.68 -114.81 0 1 
-310.36 -972.84 -114.20 0 1 
-310.67 -973.02 -114.44 0 1 
-311.28 -972.60 -114.01 0 1 
-310.55 -972.29 -114.14 0 1 
-310.67 -972.05 -114.26 0 1 
-310.73 -972.23 -114.20 0 1 
-311.04 -972.11 -114.38 0 1 
-310.55 -972.29 -114.44 0 1 
-310.73 -972.05 -114.81 0 1 
-310.61 -972.05 -114.32 0 1 
-310.85 -972.05 -114.32 0 1 
-310.49 -972.35 -114.81 0 1 
-310.97 -972.17 -114.20 0 1 
-310.49 -972.84 -114.44 0 1 
-311.22 -972.47 -115.05 0 1 
-311.04 -972.35 -115.05 0 1 
-311.28 -972.17 -115.05 0 1 
-310.61 -972.17 -114.44 0 1 
-310.85 -972.29 -114.14 0 1 
-310.79 -972.17 -114.20 0 1 
-310.73 -972.35 -114.44 0 1 
-310.79 -972.11 -114.93 0 1 
-311.28 -972.29 -114.20 0 1 
-310.79 -972.66 -114.20 0 1 
-310.85 -972.72 -114.44 0 1 
-310.61 -972.90 -113.89 0 1 
-310.55 -972.23 -114.20 0 1 
-310.73 -972.47 -114.01 0 1 
-309.75 -972.17 -114.20 0 1 
-310.49 -972.17 -114.38 0 1 
-310.85 -972.05 -114.50 0 1 
-310.97 -973.08 -114.32 0 1 
-310.67 -972.11 -114.50 0 1 
-310.97 -971.80 -114.62 0 1 
-310.97 -971.92 -114.56 0 1 
-311.16 -972.35 -114.75 0 1 
-310.91 -972.05 -114.62 0 1 
-311.16 -972.47 -114.81 0 1 
-310.97 -972.78 -114.50 0 1 
-311.04 -972.17 -114.56 0 1 
-310.61 -972.47 -114.69 0 1 
-311.04 -971.74 -114.81 0 1 
-310.67 -972.41 -114.75 0 1 
-311.10 -972.72 -114.44 0 1 
-310.85 -972.72 -114.69 0 1 
-310.97 -972.35 -114.44 0 1 
-311.40 -972.41 -114.32 0 1 
-310.97 -972.29 -114.50 0 1 
-310.91 -972.66 -113.89 0 1 
-311.22 -972.66 -114.14 0 1 
-310.73 -972.84 -114.07 0 1 
-310.61 -972.29 -113.89 0 1 
-310.79 -971.86 -114.32 0 1 
-310.55 -972.17 -114.75 0 1 
-310.67 -972.41 -114.93 0 1 
-310.61 -971.74 -114.62 0 1 
-310.55 -971.80 -114.87 0 1 
-310.55 -972.05 -114.75 0 1 
-310.79 -972.41 -114.75 0 1 
-310.85 -971.98 -114.32 0 1 
-310.91 -972.72 -114.44 0 1 
-310.85 -972.17 -114.87 0 1 
-310.67 -972.17 -115.23 0 1 
-310.97 -972.29 -115.17 0 1 
-310.00 -972.35 -115.17 0 1 
-310.67 -972.35 -114.81 0 1 
-310.67 -972.29 -114.93 0 1 
-310.97 -971.98 -114.87 0 1 
-310.49 -972.60 -114.38 0 1 
-310.67 -972.66 -114.26 0 1 
-310.67 -972.47 -114.32 0 1 
-310.36 -972.29 -114.20 0 1 
-310.97 -972.29 -114.14 0 1 
-310.36 -972.41 -114.44 0 1 
-310.61 -971.92 -114.56 0 1 
-310.30 -972.17 -115.05 0 1 
-310.67 -971.50 -114.87 0 1 
-310.79 -971.80 -115.30 0 1 
-310.85 -971.92 -114.50 0 1 
-311.10 -972.35 -114.75 0 1 
-310.79 -972.41 -115.05 0 1 
-310.49 -972.66 -114.75 0 1 
-310.12 -972.96 -115.05 0 1 
-310.73 -971.98 -114.14 0 1 
-310.49 -972.11 -114.44 0 1 
-310.42 -972.23 -114.20 0 1 
-310.79 -972.66 -114.01 0 1 
-310.42 -972.47 -113.83 0 1 
-310.36 -972.60 -114.44 0 1 
-309.63 -971.98 -114.56 0 1 
-310.36 -971.74 -114.56 0 1 
-310.67 -971.92 -114.32 0 1 
-310.73 -972.11 -115.11 0 1 
-311.22 -971.98 -114.69 0 1 
-310.91 -972.47 -114.44 0 1 
-311.10 -971.92 -114.81 0 1 
-311.10 -972.23 -114.99 0 1 
-310.24 -972.47 -114.44 0 1 
-311.16 -971.92 -114.69 0 1 
-311.04 -972.35 -114.69 0 1 
-310.24 -972.60 -114.14 0 1 
-310.61 -972.29 -114.14 0 1 
-310.55 -972.29 -114.01 0 1 
-310.30 -972.35 -114.14 0 1 
-310.73 -972.66 -114.14 0 1 
-310.18 -972.29 -114.32 0 1 
-310.79 -972.17 -114.44 0 1 
-311.16 -972.11 -114.69 0 1 
-311.46 -971.86 -114.38 0 1 
-311.04 -972.05 -115.05 0 1 
-310.91 -972.17 -114.32 0 1 
-311.16 -972.29 -114.56 0 1 
-310.55 -972.17 -115.42 0 1 
-310.73 -971.98 -115.05 0 1 
-310.73 -972.11 -114.99 0 1 
-310.36 -971.92 -114.62 0 1 
-310.61 -972.17 -114.32 0 1 
-309.88 -972.23 -114.07 0 1 
-310.49 -971.86 -114.01 0 1 
-310.36 -972.60 -114.20 0 1 
-310.30 -972.72 -114.20 0 1 
-310.30 -971.74 -114.44 0 1 
-310.55 -971.80 -114.93 0 1 
-310.73 -971.92 -114.93 0 1 
-311.10 -971.19 -115.05 0 1 
-311.28 -972.23 -114.81 0 1 
-311.16 -971.92 -114.81 0 1 
-311.16 -971.98 -114.99 0 1 
-311.28 -972.78 -114.99 0 1 
-311.28 -972.53 -115.05 0 1 
-310.55 -972.35 -115.36 0 1 
-310.97 -972.17 -114.56 0 1 
-311.04 -972.05 -114.56 0 1 
-310.24 -972.29 -113.95 0 1 
-310.49 -972.72 -114.14 0 1 
-310.42 -972.66 -113.95 0 1 
-310.49 -972.29 -114.69 0 1 
-310.73 -972.23 -114.38 0 1 
-311.58 -971.50 -114.44 0 1 
-310.49 -971.74 -114.44 0 1 
-310.79 -971.62 -114.87 0 1 
-310.91 -972.11 -114.93 0 1 
-310.85 -972.60 -114.62 0 1 
-311.52 -972.60 -114.93 0 1 
-311.10 -972.35 -115.17 0 1 
-310.55 -972.47 -114.62 0 1 
-310.73 -972.35 -115.05 0 1 
-310.85 -972.35 -114.75 0 1 
-310.42 -971.92 -114.50 0 1 
-310.42 -971.92 -114.75 0 1 
-310.79 -972.96 -114.14 0 1 
-310.85 -972.35 -114.14 0 1 
-310.79 -973.27 -114.32 0 1 
-310.79 -972.72 -114.14 0 1 
-311.28 -972.35 -114.20 0 1 
-310.55 -971.80 -114.07 0 1 
-310.49 -972.11 -114.56 0 1 
-310.55 -972.11 -114.87 0 1 
-311.34 -972.23 -115.11 0 1 
-310.55 -972.23 -114.75 0 1 
-310.24 -971.98 -115.17 0 1 
-311.10 -972.41 -114.69 0 1 
-311.04 -972.47 -114.69 0 1 
-310.73 -972.53 -115.05 0 1 
-310.85 -973.33 -115.17 0 1 
-311.46 -972.35 -114.44 0 1 
-310.18 -972.29 -114.56 0 1 
-309.94 -972.17 -114.75 0 1 
-310.55 -972.17 -114.44 0 1 
-310.97 -972.11 -114.32 0 1 
-310.18 -972.11 -114.50 0 1 
-311.28 -972.66 -114.62 0 1 
-310.73 -972.23 -114.07 0 1 
-310.97 -972.66 -113.95 0 1 
-311.04 -972.41 -113.89 0 1 
-310.00 -972.41 -113.83 0 1 
-310.30 -972.17 -114.44 0 1 
-310.97 -971.86 -114.38 0 1 
-310.30 -972.11 -114.32 0 1 
-310.61 -972.29 -114.87 0 1 
-310.79 -971.74 -114.75 0 1 
-310.30 -972.35 -114.93 0 1 
-310.91 -971.98 -114.75 0 1 
-311.10 -972.23 -114.87 0 1 
-310.85 -971.98 -114.87 0 1 
-310.79 -972.29 -114.87 0 1 
-310.85 -972.11 -114.38 0 1 
-311.28 -972.35 -114.81 0 1 
-311.34 -972.23 -114.99 0 1 
-311.22 -972.66 -114.75 0 1 
-310.79 -972.35 -114.75 0 1 
-310.97 -972.11 -114.26 0 1 
-311.04 -971.92 -114.56 0 1 
-311.10 -972.23 -114.32 0 1 
-310.85 -972.17 -114.38 0 1 
-310.55 -972.72 -114.62 0 1 
-310.97 -972.35 -114.62 0 1 
-310.85 -972.72 -114.62 0 1 
-311.10 -972.41 -114.20 0 1 
-311.22 -972.72 -114.01 0 1 
-310.67 -972.29 -114.32 0 1 
-310.55 -971.98 -114.26 0 1 
-310.79 -972.11 -114.50 0 1 
-310.00 -972.29 -114.32 0 1 
-310.91 -971.86 -114.44 0 1 
-310.85 -971.62 -114.20 0 1 
-310.91 -972.41 -114.38 0 1 
-310.91 -971.92 -114.75 0 1 
-310.79 -972.23 -114.81 0 1 
-311.10 -972.41 -114.81 0 1 
-311.22 -972.17 -115.05 0 1 
-310.91 -971.80 -114.81 0 1 
-310.67 -972.23 -114.93 0 1 
-311.04 -972.29 -114.87 0 1 
-310.73 -971.74 -114.81 0 1 
-310.67 -972.60 -114.56 0 1 
-310.00 -972.41 -115.11 0 1 
-310.73 -972.05 -114.93 0 1 
-310.97 -972.29 -114.07 0 1 
-311.52 -972.11 -114.75 0 1 
-310.36 -971.92 -114.62 0 1 
-311.10 -972.11 -114.07 0 1 
-311.04 -972.35 -114.14 0 1 
-310.85 -972.29 -113.89 0 1 
-310.12 -972.11 -114.32 0 1 
-310.42 -971.92 -114.32 0 1 
-310.97 -972.17 -115.17 0 1 
-310.73 -972.11 -115.11 0 1 
-310.85 -972.23 -114.69 0 1 
-310.61 -972.05 -114.44 0 1 
-310.85 -972.05 -114.81 0 1 
-311.28 -972.41 -114.62 0 1 
-310.49 -972.84 -115.36 0 1 
-311.40 -972.05 -114.44 0 1 
-311.34 -972.23 -114.75 0 1 
-310.24 -973.21 -114.75 0 1 
-311.34 -972.60 -114.44 0 1 
-310.85 -972.84 -114.01 0 1 
-311.34 -972.47 -113.95 0 1 
-310.42 -972.84 -113.59 0 1 
-310.49 -972.66 -114.26 0 1 
-311.34 -972.90 -114.38 0 1 
-310.91 -971.74 -114.99 0 1 
-310.97 -971.98 -114.50 0 1 
-311.28 -971.98 -114.56 0 1 
-311.16 -972.41 -114.87 0 1 
-311.34 -972.41 -114.32 0 1 
-311.65 -971.98 -114.56 0 1 
-311.34 -972.11 -114.56 0 1 
-311.04 -972.29 -114.99 0 1 
-310.91 -972.17 -114.38 0 1 
-310.85 -972.47 -114.50 0 1 
-311.16 -972.11 -114.93 0 1 
-310.85 -972.29 -114.69 0 1 
-311.28 -972.53 -114.26 0 1 
-310.85 -972.90 -113.89 0 1 
-310.42 -972.11 -114.20 0 1 
-310.55 -971.86 -113.71 0 1 
-310.73 -972.72 -114.69 0 1 
-311.22 -972.23 -115.11 0 1 
-311.46 -972.05 -114.99 0 1 
-311.04 -971.74 -114.69 0 1 
-311.04 -971.86 -114.38 0 1 
-310.85 -971.86 -114.62 0 1 
-310.91 -971.74 -115.11 0 1 
-310.85 -972.23 -114.99 0 1 
-310.06 -972.72 -115.11 0 1 
-310.24 -972.29 -114.75 0 1 
-311.34 -972.11 -114.62 0 1 
-310.55 -972.29 -114.81 0 1 
-310.36 -972.53 -114.69 0 1 
-310.61 -972.29 -114.56 0 1 
-310.24 -972.96 -114.32 0 1 
-311.52 -972.35 -114.44 0 1 
-310.55 -972.66 -114.26 0 1 
-310.24 -972.72 -114.01 0 1 
-310.36 -971.68 -114.26 0 1 
-310.67 -971.98 -114.50 0 1 
-310.85 -971.98 -114.81 0 1 
-310.18 -971.74 -114.87 0 1 
-310.61 -971.68 -114.75 0 1 
-310.79 -972.35 -114.81 0 1 
-310.73 -972.47 -114.62 0 1 
-311.16 -972.05 -114.93 0 1 
-310.67 -971.80 -114.75 0 1 
-310.55 -972.11 -114.87 0 1 
-310.30 -971.92 -115.17 0 1 
-310.73 -972.29 -114.87 0 1 
-309.88 -971.98 -115.05 0 1 
-310.67 -972.11 -115.05 0 1 
-311.16 -972.05 -114.26 0 1 
-311.34 -972.29 -114.07 0 1 
-310.91 -972.35 -114.38 0 1 
-310.97 -972.72 -114.14 0 1 
-310.73 -971.50 -114.50 0 1 
-310.67 -972.47 -114.62 0 1 
-310.30 -972.23 -114.93 0 1 
-311.52 -971.74 -114.87 0 1 
-310.73 -972.47 -114.50 0 1 
-311.10 -972.41 -114.81 0 1 
-310.91 -972.35 -114.93 0 1 
-310.61 -972.41 -114.99 0 1 
-311.22 -971.98 -115.17 0 1 
-311.04 -971.98 -114.75 0 1 
-309.57 -971.68 -114.99 0 1 
-310.67 -972.78 -115.17 0 1 
-309.75 -972.47 -114.81 0 1 
-310.55 -972.60 -114.93 0 1 
-310.97 -972.29 -114.44 0 1 
-311.16 -973.02 -114.26 0 1 
-310.73 -972.47 -113.83 0 1 
-311.04 -972.35 -114.20 0 1 
-310.67 -972.29 -114.56 0 1 
-310.97 -972.47 -115.17 0 1 
-311.04 -972.29 -115.11 0 1 
-310.73 -972.11 -114.87 0 1 
-311.04 -972.66 -114.56 0 1 
-311.22 -971.92 -114.69 0 1 
-310.61 -971.68 -114.56 0 1 
-311.52 -971.68 -114.99 0 1 
-310.73 -972.23 -114.99 0 1 
-310.42 -972.41 -114.81 0 1 
-310.49 -972.23 -114.69 0 1 
-310.42 -972.47 -115.23 0 1 
-310.97 -972.41 -114.14 0 1 
-311.71 -972.41 -113.95 0 1 
-311.16 -972.29 -113.77 0 1 
-310.55 -973.51 -114.26 0 1 
-310.42 -972.29 -114.44 0 1 
-310.42 -972.41 -114.75 0 1 
-310.97 -972.11 -115.17 0 1 
-310.85 -971.56 -115.23 0 1 
-310.61 -972.35 -114.75 0 1 
-310.97 -972.05 -114.99 0 1 
-310.97 -972.11 -114.81 0 1 
-310.61 -972.35 -114.81 0 1 
-311.40 -972.23 -114.87 0 1 
-311.34 -971.92 -114.44 0 1 
-310.73 -972.41 -114.56 0 1 
-310.61 -972.35 -114.87 0 1 
-310.61 -972.35 -114.69 0 1 
-310.61 -972.17 -115.05 0 1 
-310.85 -972.35 -114.38 0 1 
-310.91 -972.05 -114.32 0 1 
-310.73 -972.72 -113.95 0 1 
-310.61 -972.60 -114.50 0 1 
-310.85 -971.74 -114.69 0 1 
-310.49 -971.31 -115.23 0 1 
-310.79 -971.07 -115.05 0 1 
-311.40 -972.35 -115.23 0 1 
-311.10 -971.98 -114.69 0 1 
-310.73 -972.05 -115.23 0 1 
-310.91 -972.66 -115.11 0 1 
-310.85 -972.05 -114.93 0 1 
-310.97 -971.74 -115.11 0 1 
-310.67 -972.35 -114.69 0 1 
-310.61 -972.35 -114.87 0 1 
-310.36 -972.47 -114.62 0 1 
-311.16 -973.14 -113.89 0 1 
-310.85 -972.78 -114.14 0 1 
-311.16 -973.02 -114.44 0 1 
-310.97 -972.47 -114.44 0 1 
-310.97 -972.35 -114.62 0 1 
-310.79 -972.35 -114.81 0 1 
-311.10 -971.80 -115.42 0 1 
-311.16 -971.31 -114.93 0 1 
-311.04 -972.23 -114.56 0 1 
-310.97 -972.41 -114.32 0 1 
-311.46 -972.23 -114.87 0 1 
-310.85 -971.80 -114.56 0 1 
-310.73 -971.92 -114.69 0 1 
-310.91 -971.80 -114.99 0 1 
-311.22 -972.23 -114.69 0 1 
-310.91 -972.17 -114.81 0 1 
-310.73 -972.60 -114.93 0 1 
-310.91 -972.41 -114.50 0 1 
-310.73 -972.78 -114.32 0 1 
-310.79 -972.60 -114.26 0 1 
-311.22 -972.41 -114.32 0 1 
-310.49 -972.35 -114.56 0 1 
-310.97 -972.35 -114.32 0 1 
-311.22 -971.74 -114.69 0 1 
-311.28 -972.17 -114.99 0 1 
-310.91 -972.29 -114.99 0 1 
-311.58 -972.17 -114.99 0 1 
-310.97 -971.80 -115.23 0 1 
-310.73 -971.50 -114.87 0 1 
-310.97 -971.74 -114.50 0 1 
-310.85 -972.05 -115.05 0 1 
-310.24 -971.86 -115.05 0 1 
-310.91 -972.47 -114.69 0 1 
-311.16 -972.23 -114.44 0 1 
-310.36 -972.96 -114.32 0 1 
-311.16 -971.98 -114.93 0 1 
-310.67 -972.53 -114.32 0 1 
-310.55 -973.27 -114.14 0 1 
-310.91 -972.84 -114.01 0 1 
-310.97 -972.66 -114.38 0 1 
-310.73 -972.60 -114.26 0 1 
-311.04 -972.66 -114.69 0 1 
-310.30 -972.35 -114.81 0 1 
-310.36 -972.29 -114.81 0 1 
-311.28 -971.92 -115.60 0 1 
-310.49 -971.13 -114.99 0 1 
-310.85 -972.29 -115.42 0 1 
-311.34 -972.11 -115.17 0 1 
-311.04 -971.92 -114.81 0 1 
-310.73 -971.98 -114.62 0 1 
-310.61 -972.05 -114.87 0 1 
-311.28 -972.05 -114.75 0 1 
-310.97 -971.74 -114.99 0 1 
-311.04 -971.80 -114.62 0 1 
-310.61 -972.11 -114.87 0 1 
-310.36 -972.29 -114.93 0 1 
-310.30 -972.41 -114.38 0 1 
-310.49 -972.66 -115.30 0 1 
-310.73 -972.53 -114.62 0 1 
-310.67 -972.35 -113.95 0 1 
-310.73 -972.72 -114.32 0 1 
-310.73 -972.41 -114.50 0 1 
-310.61 -971.98 -114.56 0 1 
-310.67 -971.92 -115.05 0 1 
-310.55 -971.74 -115.23 0 1 
-310.79 -972.11 -114.99 0 1 
-310.79 -972.17 -114.87 0 1 
-310.73 -972.11 -115.42 0 1 
-310.73 -971.86 -114.56 0 1 
-310.73 -971.98 -114.99 0 1 
-310.97 -971.68 -115.42 0 1 
-310.67 -972.35 -114.99 0 1 
-310.85 -971.74 -114.87 0 1 
-310.85 -972.29 -114.93 0 1 
-309.94 -971.98 -114.75 0 1 
-310.85 -972.60 -114.69 0 1 
-310.79 -972.66 -114.56 0 1 
-311.16 -972.78 -114.44 0 1 
-310.67 -972.84 -114.01 0 1 
-310.55 -971.86 -114.56 0 1 
-310.12 -971.50 -114.93 0 1 
-311.04 -971.50 -115.23 0 1 
-311.16 -971.62 -114.99 0 1 
-311.46 -971.80 -115.11 0 1 
-311.34 -971.98 -115.23 0 1 
-311.22 -971.80 -115.11 0 1 
-310.79 -971.80 -115.11 0 1 
-310.55 -972.23 -115.48 0 1 
-310.79 -971.80 -115.17 0 1 
-310.61 -972.41 -114.44 0 1 
-310.42 -972.23 -114.69 0 1 
-310.12 -972.53 -114.99 0 1 
-310.61 -972.41 -114.44 0 1 
-310.73 -972.41 -114.26 0 1 
-310.42 -972.78 -114.38 0 1 
-310.85 -972.05 -114.26 0 1 
-310.55 -972.05 -114.69 0 1 
-311.04 -971.74 -115.11 0 1 
-310.97 -972.29 -115.36 0 1 
-311.10 -972.11 -115.30 0 1 
-311.65 -972.23 -115.17 0 1 
-311.83 -972.29 -114.93 0 1 
-310.79 -971.98 -115.17 0 1 
-311.28 -971.80 -115.05 0 1 
-311.28 -972.47 -114.75 0 1 
-310.61 -972.53 -114.38 0 1 
-310.67 -972.23 -114.62 0 1 
-310.12 -972.35 -114.32 0 1 
-310.55 -972.41 -114.38 0 1 
-310.85 -972.53 -114.14 0 1 
-310.55 -972.23 -114.20 0 1 
-310.49 -972.29 -114.14 0 1 
-310.30 -971.80 -114.81 0 1 
-311.04 -971.07 -114.93 0 1 
-311.04 -971.98 -115.42 0 1 
-311.10 -972.47 -115.23 0 1 
-310.49 -971.98 -115.17 0 1 
-311.28 -972.05 -115.11 0 1 
-310.55 -972.05 -115.36 0 1 
-311.04 -971.44 -114.87 0 1 
-310.79 -971.92 -114.93 0 1 
-309.88 -972.90 -114.93 0 1 
-311.10 -971.92 -114.38 0 1 
-310.79 -972.66 -114.50 0 1 
-310.85 -972.41 -114.01 0 1 
-310.79 -972.29 -114.14 0 1 
-310.91 -971.92 -114.75 0 1 
-310.55 -971.68 -115.17 0 1 
-310.67 -972.05 -115.54 0 1 
-311.40 -972.05 -114.81 0 1 
-311.28 -972.60 -115.23 0 1 
-310.61 -971.98 -114.38 0 1 
-311.40 -972.17 -115.17 0 1 
-310.79 -972.29 -115.05 0 1 
-310.73 -972.05 -114.99 0 1 
-310.49 -971.74 -114.99 0 1 
-310.79 -972.66 -114.62 0 1 
-311.16 -972.17 -114.07 0 1 
-310.97 -972.72 -114.62 0 1 
-310.79 -973.08 -114.20 0 1 
-310.55 -972.05 -114.56 0 1 
-310.55 -972.17 -115.54 0 1 
-311.16 -971.62 -115.36 0 1 
-311.22 -972.29 -115.17 0 1 
-311.04 -972.23 -115.11 0 1 
-311.22 -971.80 -115.54 0 1 
-310.85 -972.17 -115.17 0 1 
-309.94 -972.66 -114.69 0 1 
-310.12 -972.47 -114.56 0 1 
-310.73 -972.41 -114.01 0 1 
-310.61 -973.14 -113.53 0 1 
-310.73 -972.78 -114.20 0 1 
-310.97 -971.56 -115.23 0 1 
-311.77 -971.37 -115.36 0 1 
-311.04 -972.23 -115.23 0 1 
-311.46 -972.53 -115.23 0 1 
-310.97 -972.41 -114.99 0 1 
-311.04 -972.17 -114.81 0 1 
-309.88 -972.11 -114.93 0 1 
-310.24 -972.96 -114.38 0 1 
-310.73 -972.72 -114.01 0 1 
-310.79 -972.53 -113.71 0 1 
-310.49 -971.92 -114.81 0 1 
-310.67 -971.92 -115.78 0 1 
-311.04 -971.92 -115.30 0 1 
-311.28 -972.11 -115.30 0 1 
-311.22 -971.92 -115.42 0 1 
-310.97 -972.11 -115.54 0 1 
-310.42 -972.53 -114.20 0 1 
-310.73 -972.90 -114.38 0 1 
-310.91 -973.08 -113.77 0 1 
-310.67 -973.08 -113.95 0 1 
-310.55 -972.17 -115.11 0 1 
-310.97 -971.25 -115.60 0 1 
-311.34 -971.62 -115.42 0 1 
-310.97 -971.92 -115.42 0 1 
-311.34 -972.11 -114.93 0 1 
-310.67 -972.35 -114.50 0 1 
-310.12 -972.11 -114.44 0 1 
-310.85 -972.11 -114.44 0 1 
-310.49 -973.02 -113.65 0 1 
-310.12 -972.53 -113.65 0 1 
-310.85 -971.25 -115.54 0 1 
-310.85 -971.07 -115.17 0 1 
-311.10 -971.56 -115.36 0 1 
-310.85 -972.60 -115.17 0 1 
-310.55 -971.62 -115.05 0 1 
-310.42 -972.47 -115.17 0 1 
-310.55 -972.78 -114.26 0 1 
-311.65 -972.90 -113.46 0 1 
-310.61 -972.72 -114.32 0 1 
-311.46 -971.31 -115.30 0 1 
-311.46 -971.56 -115.60 0 1 
-311.16 -972.05 -115.48 0 1 
-310.85 -972.29 -115.23 0 1 
-310.61 -972.17 -115.23 0 1 
-310.06 -972.72 -114.81 0 1 
-310.61 -972.11 -114.26 0 1 
-310.73 -972.53 -113.53 0 1 
-310.12 -972.35 -114.93 0 1 
-310.73 -971.07 -115.91 0 1 
-310.67 -971.80 -115.48 0 1 
-311.16 -971.98 -114.87 0 1 
-311.28 -971.56 -114.99 0 1 
-310.06 -972.05 -114.69 0 1 
-310.24 -972.29 -114.32 0 1 
-310.79 -972.66 -114.07 0 1 
-310.91 -972.60 -113.71 0 1 
-310.67 -971.44 -114.87 0 1 
-311.40 -971.74 -115.78 0 1 
-310.67 -972.17 -115.66 0 1 
-310.91 -972.05 -114.99 0 1 
-311.04 -972.29 -115.36 0 1 
-310.36 -972.35 -114.14 0 1 
-310.36 -972.53 -114.38 0 1 
-311.04 -972.84 -113.71 0 1 
-310.67 -972.41 -114.87 0 1 
-311.04 -971.37 -115.91 0 1 
-311.22 -971.56 -115.60 0 1 
-311.10 -972.41 -115.66 0 1 
-310.79 -972.47 -115.66 0 1 
-310.97 -972.23 -114.99 0 1 
-310.12 -972.29 -114.14 0 1 
-310.67 -972.96 -114.14 0 1 
-310.91 -972.60 -114.01 0 1 
-310.85 -972.35 -114.81 0 1 
-310.85 -971.37 -115.36 0 1 
-310.36 -971.98 -115.30 0 1 
-311.04 -971.74 -115.17 0 1 
-310.36 -971.98 -115.17 0 1 
-310.73 -972.66 -114.69 0 1 
-309.94 -972.84 -114.26 0 1 
-310.42 -973.08 -113.34 0 1 
-310.55 -972.53 -114.32 0 1 
-311.10 -971.44 -115.48 0 1 
-311.52 -971.68 -115.60 0 1 
-311.65 -971.44 -115.42 0 1 
-310.85 -971.80 -115.42 0 1 
-310.18 -972.41 -114.69 0 1 
-310.24 -972.35 -114.56 0 1 
-310.91 -972.35 -113.95 0 1 
-310.67 -972.47 -113.95 0 1 
-310.36 -971.98 -115.11 0 1 
-310.61 -971.13 -115.97 0 1 
-310.55 -972.17 -115.36 0 1 
-310.85 -972.05 -115.05 0 1 
-310.12 -971.86 -115.11 0 1 
-310.00 -972.84 -114.38 0 1 
-310.42 -972.23 -114.07 0 1 
-310.85 -972.96 -113.83 0 1 
-310.79 -971.80 -114.62 0 1 
-310.79 -971.19 -115.78 0 1 
-311.28 -972.05 -115.78 0 1 
-311.10 -971.44 -115.05 0 1 
-311.04 -971.62 -115.23 0 1 
-310.18 -972.90 -114.56 0 1 
-310.61 -972.53 -114.38 0 1 
-310.55 -972.60 -113.46 0 1 
-311.34 -972.35 -113.40 0 1 
-310.67 -971.13 -115.11 0 1 
-311.40 -971.74 -115.91 0 1 
-310.67 -972.23 -115.42 0 1 
-310.85 -972.05 -115.54 0 1 
-310.18 -972.29 -114.99 0 1 
-309.88 -972.72 -114.50 0 1 
-310.61 -972.29 -114.01 0 1 
-310.79 -972.53 -113.53 0 1 
-310.49 -971.62 -114.75 0 1 
-311.16 -971.37 -115.54 0 1 
-310.73 -971.31 -115.72 0 1 
-310.67 -971.56 -115.36 0 1 
-310.85 -972.35 -114.75 0 1 
-309.94 -972.41 -114.62 0 1 
-309.94 -972.35 -114.01 0 1 
-311.40 -972.78 -113.95 0 1 
-310.91 -972.17 -114.50 0 1 
-311.10 -971.44 -116.03 0 1 
-310.67 -971.44 -115.54 0 1 
-310.85 -972.35 -115.36 0 1 
-310.55 -971.56 -115.48 0 1 
-309.94 -972.60 -114.50 0 1 
-310.85 -972.47 -114.07 0 1 
-310.97 -972.60 -113.59 0 1 
-310.79 -971.86 -114.87 0 1 
-311.10 -970.83 -115.78 0 1 
-311.34 -971.50 -115.97 0 1 
-310.91 -971.62 -115.54 0 1 
-310.36 -971.68 -114.75 0 1 
-310.18 -972.60 -114.44 0 1 
-310.97 -972.60 -113.77 0 1 
-310.91 -972.47 -113.71 0 1 
-311.22 -971.68 -114.99 0 1 
-311.40 -970.76 -115.91 0 1 
-310.73 -971.68 -115.30 0 1 
-311.34 -971.68 -115.78 0 1 
-310.30 -972.23 -115.05 0 1 
-309.75 -972.60 -114.32 0 1 
-309.75 -972.78 -113.77 0 1 
-310.61 -972.66 -113.53 0 1 
-311.28 -972.23 -114.20 0 1 
-311.16 -970.70 -115.72 0 1 
-311.52 -971.50 -115.48 0 1 
-311.28 -971.50 -115.11 0 1 
-311.34 -971.62 -114.99 0 1 
-310.91 -972.53 -114.75 0 1 
-310.61 -972.72 -114.32 0 1 
-311.16 -972.90 -114.26 0 1 
-311.77 -973.08 -113.71 0 1 
-311.10 -971.86 -114.75 0 1 
-310.91 -971.50 -115.78 0 1 
-311.71 -972.23 -115.60 0 1 
-310.97 -971.50 -115.17 0 1 
