STEVAL-MKI197V1 (LSM6DSOX)

A_X [mg] 	 A_Y [mg] 	 A_Z [mg] 

-53.65 -1020.63 99.24 0 1 
-53.53 -1018.37 98.57 0 0 
-55.42 -1019.29 97.78 0 0 
-54.63 -1019.96 97.53 0 1 
-53.04 -1019.10 100.22 0 0 
-54.57 -1020.81 96.74 0 1 
-53.96 -1019.17 98.39 0 1 
-55.97 -1017.52 95.70 0 0 
-53.96 -1019.41 98.08 0 1 
-55.79 -1020.45 98.33 0 1 
-52.67 -1020.14 97.05 0 0 
-55.66 -1019.78 97.60 0 1 
-53.41 -1018.86 100.59 0 0 
-55.91 -1020.81 96.68 0 1 
-55.42 -1019.53 98.82 0 1 
-54.14 -1018.01 98.33 0 0 
-55.60 -1021.18 97.41 0 1 
-54.26 -1020.02 100.16 0 1 
-55.42 -1019.23 95.28 0 1 
-53.47 -1018.86 100.22 0 0 
-52.98 -1020.45 99.49 0 1 
-56.46 -1021.06 97.17 0 1 
-54.14 -1018.37 97.17 0 1 
-55.91 -1018.92 99.00 0 0 
-54.44 -1021.18 98.63 0 1 
-53.71 -1019.59 96.92 0 1 
-55.42 -1018.01 100.83 0 0 
-54.20 -1019.84 101.62 0 1 
-54.69 -1018.80 100.04 0 1 
-54.69 -1022.34 96.13 0 1 
-54.75 -1020.02 98.14 0 1 
-54.50 -1018.01 99.06 0 1 
-53.22 -1020.94 98.63 0 0 
-54.38 -1018.37 98.51 0 1 
-55.97 -1019.47 98.02 0 0 
-54.32 -1018.74 97.60 0 0 
-54.87 -1018.92 99.00 0 0 
-53.34 -1020.94 97.84 0 1 
-56.27 -1019.04 96.01 0 1 
-54.14 -1016.97 94.48 0 0 
-55.73 -1020.57 100.40 0 0 
-53.47 -1020.26 98.33 0 0 
-54.87 -1019.23 95.70 0 1 
-54.44 -1018.74 99.06 0 0 
-53.59 -1019.10 100.34 0 0 
-55.18 -1021.00 96.01 0 0 
-54.57 -1019.47 97.66 0 0 
-55.85 -1018.62 99.18 0 0 
-53.53 -1020.26 96.68 0 1 
-54.38 -1018.68 100.22 0 0 
-54.99 -1021.30 97.41 0 1 
-56.52 -1018.49 97.05 0 0 
-53.65 -1017.70 100.22 0 1 
-55.79 -1021.00 98.63 0 1 
-53.77 -1018.92 98.39 0 0 
-53.65 -1020.63 97.66 0 0 
-55.36 -1019.10 97.78 0 0 
-54.69 -1019.10 99.79 0 0 
-55.85 -1020.45 97.60 0 1 
-53.89 -1020.14 100.34 0 1 
-53.59 -1019.84 95.46 0 0 
-54.38 -1018.43 98.88 0 0 
-54.44 -1019.41 99.37 0 1 
-56.46 -1020.75 98.69 0 0 
-53.47 -1019.10 96.86 0 1 
-55.30 -1019.65 97.53 0 0 
-54.32 -1019.78 99.85 0 0 
-53.16 -1018.74 98.39 0 0 
-54.75 -1021.24 99.00 0 1 
-54.08 -1019.71 97.84 0 0 
-55.85 -1019.41 97.78 0 1 
-54.20 -1018.86 99.37 0 0 
-55.48 -1018.43 101.20 0 1 
-54.38 -1021.30 97.90 0 0 
-53.59 -1018.74 99.49 0 1 
-55.30 -1020.08 97.17 0 0 
-54.44 -1019.65 98.39 0 1 
-54.14 -1018.74 96.92 0 0 
-54.99 -1020.08 99.30 0 0 
-52.80 -1020.20 99.61 0 1 
-56.15 -1018.86 96.01 0 1 
-53.16 -1019.96 99.73 0 1 
-55.42 -1021.06 96.31 0 0 
-55.11 -1019.23 100.46 0 1 
-54.87 -1021.30 96.31 0 1 
-55.30 -1019.47 98.02 0 1 
-53.89 -1018.98 98.82 0 1 
-54.26 -1018.92 97.11 0 1 
-54.38 -1019.29 100.83 0 0 
-55.97 -1019.47 96.92 0 1 
-53.89 -1020.63 99.30 0 0 
-54.38 -1019.71 98.02 0 1 
-54.08 -1020.02 97.90 0 1 
-56.64 -1020.14 97.35 0 1 
-53.59 -1018.86 96.13 0 0 
-55.97 -1018.25 96.37 0 1 
-53.16 -1019.96 93.69 0 0 
-55.85 -1018.86 99.18 0 1 
-53.10 -1019.59 97.35 0 0 
-55.79 -1019.65 101.14 0 0 
-53.83 -1020.20 97.41 0 1 
-55.54 -1020.14 99.00 0 1 
-54.69 -1020.57 97.84 0 1 
-54.81 -1017.94 97.11 0 1 
-54.32 -1020.87 95.28 0 1 
-54.32 -1018.86 97.53 0 1 
-54.93 -1019.59 97.47 0 1 
-54.44 -1020.20 97.84 0 0 
-55.48 -1018.07 98.51 0 0 
-53.71 -1019.90 98.88 0 1 
-54.08 -1018.62 98.21 0 1 
-53.83 -1019.65 97.53 0 1 
-55.24 -1017.76 100.22 0 1 
-54.44 -1021.42 97.23 0 0 
-55.66 -1017.27 99.18 0 1 
-52.55 -1020.94 98.51 0 1 
-55.24 -1018.62 100.71 0 1 
-54.93 -1021.61 97.11 0 1 
-54.75 -1019.04 99.61 0 1 
-55.42 -1019.96 96.19 0 1 
-54.14 -1020.87 99.91 0 0 
-55.48 -1019.78 97.05 0 1 
-53.89 -1018.55 97.96 0 1 
-53.47 -1020.26 98.51 0 0 
-55.24 -1018.86 98.75 0 0 
-54.26 -1021.00 97.78 0 0 
-55.42 -1018.55 97.60 0 1 
-55.05 -1019.78 97.35 0 1 
-53.59 -1019.41 98.88 0 1 
-54.99 -1020.32 97.47 0 0 
-53.96 -1019.35 99.49 0 1 
-55.48 -1019.17 96.80 0 1 
-54.87 -1020.20 98.75 0 1 
-55.11 -1019.47 98.82 0 1 
-55.24 -1020.26 98.33 0 0 
-54.26 -1019.59 98.27 0 1 
-54.44 -1019.96 97.11 0 0 
-54.93 -1019.41 100.59 0 0 
-55.42 -1019.35 98.02 0 0 
-55.30 -1019.84 99.37 0 0 
-53.65 -1019.84 98.27 0 0 
-53.65 -1018.13 99.24 0 1 
-55.60 -1019.59 96.92 0 1 
-53.47 -1018.25 99.24 0 1 
-55.97 -1019.90 98.08 0 1 
-54.87 -1019.84 98.69 0 1 
-54.63 -1019.23 97.96 0 0 
-54.26 -1019.17 98.21 0 1 
-53.83 -1018.49 98.57 0 1 
-55.54 -1020.08 97.60 0 1 
-54.87 -1019.35 98.27 0 1 
-54.02 -1021.36 97.96 0 0 
-54.38 -1018.55 100.52 0 1 
-52.73 -1019.53 97.41 0 1 
-56.76 -1019.29 97.90 0 0 
-54.44 -1020.02 98.88 0 0 
-54.57 -1019.65 98.75 0 1 
-55.48 -1020.26 97.23 0 0 
-53.89 -1019.10 100.52 0 0 
-55.60 -1020.45 95.76 0 0 
-52.67 -1018.68 98.14 0 0 
-55.66 -1019.35 99.00 0 0 
-54.75 -1020.32 96.86 0 1 
-55.30 -1019.84 99.43 0 1 
-53.47 -1020.26 96.19 0 1 
-55.30 -1019.65 98.88 0 0 
-52.80 -1019.04 97.41 0 0 
-55.11 -1019.59 99.06 0 1 
-54.87 -1019.96 96.56 0 1 
-54.99 -1018.80 97.53 0 0 
-54.32 -1020.32 99.79 0 1 
-54.38 -1019.71 97.96 0 0 
-55.30 -1019.35 97.47 0 0 
-53.41 -1019.71 99.30 0 1 
-55.36 -1018.68 97.72 0 1 
-54.50 -1020.14 99.61 0 1 
-56.15 -1018.31 97.84 0 1 
-53.96 -1020.69 98.63 0 1 
-55.24 -1018.62 98.45 0 0 
-53.96 -1019.35 97.17 0 0 
-56.34 -1019.35 100.10 0 1 
-54.38 -1019.90 98.27 0 1 
-55.48 -1018.74 97.41 0 1 
-54.26 -1019.84 99.06 0 1 
-55.60 -1019.23 98.75 0 1 
-53.10 -1020.08 97.47 0 1 
-55.42 -1019.47 99.79 0 1 
-54.32 -1019.04 97.41 0 1 
-53.77 -1019.04 97.78 0 1 
-55.91 -1019.10 96.98 0 0 
-53.83 -1020.32 96.25 0 0 
-55.79 -1020.94 98.45 0 1 
-54.81 -1019.17 97.96 0 0 
-54.02 -1018.98 97.05 0 0 
-55.30 -1020.20 99.61 0 1 
-53.77 -1018.92 96.98 0 1 
-54.57 -1019.29 98.94 0 0 
-55.48 -1021.24 98.63 0 1 
-54.63 -1019.29 97.17 0 1 
-55.11 -1020.39 98.14 0 0 
-54.38 -1019.47 98.21 0 1 
-53.89 -1018.86 98.82 0 1 
-54.08 -1019.90 98.88 0 1 
-54.50 -1018.98 98.33 0 0 
-55.66 -1019.04 97.60 0 0 
-54.08 -1019.90 99.61 0 1 
-54.81 -1019.71 96.80 0 1 
-54.20 -1018.68 96.19 0 1 
-53.53 -1019.17 98.45 0 0 
-54.81 -1019.17 98.88 0 0 
-54.50 -1020.45 98.82 0 1 
-55.48 -1020.81 96.86 0 0 
-54.75 -1020.63 99.06 0 0 
-55.54 -1018.92 97.90 0 0 
-54.93 -1019.65 98.45 0 1 
-53.28 -1020.45 97.78 0 1 
-56.15 -1019.10 99.18 0 1 
-53.83 -1020.08 99.49 0 0 
-55.36 -1019.65 98.39 0 0 
-55.42 -1019.78 98.69 0 1 
-53.89 -1019.04 98.51 0 1 
-54.38 -1018.37 99.67 0 1 
-53.77 -1019.96 97.53 0 1 
-55.36 -1019.53 98.94 0 1 
-54.32 -1021.30 96.44 0 0 
-55.24 -1020.20 98.27 0 1 
-53.65 -1019.96 98.27 0 1 
-54.99 -1019.41 98.94 0 1 
-52.80 -1019.41 97.84 0 0 
-56.15 -1019.96 98.45 0 1 
-54.44 -1019.71 99.49 0 0 
-54.57 -1019.84 98.88 0 0 
-55.42 -1018.98 98.63 0 1 
-53.65 -1018.98 97.17 0 0 
-53.96 -1019.23 99.12 0 0 
-54.02 -1019.71 96.68 0 1 
-56.21 -1020.69 97.78 0 1 
-54.63 -1020.63 98.27 0 0 
-54.14 -1019.47 98.82 0 1 
-53.71 -1019.84 99.30 0 1 
-55.30 -1018.68 104.13 0 1 
-54.93 -1019.17 98.21 0 1 
-56.15 -1018.92 94.85 0 1 
-53.89 -1019.04 98.14 0 1 
-54.75 -1019.29 98.08 0 0 
-54.81 -1019.41 94.06 0 0 
-53.65 -1020.63 97.60 0 1 
-53.83 -1019.47 99.73 0 0 
-54.93 -1020.75 97.23 0 1 
-56.15 -1019.23 99.12 0 1 
-54.57 -1019.90 99.12 0 1 
-54.02 -1018.31 97.60 0 0 
-53.59 -1017.88 96.25 0 1 
-54.93 -1018.80 96.13 0 1 
-55.66 -1019.10 96.44 0 1 
-54.87 -1020.57 97.17 0 1 
-54.32 -1019.41 98.57 0 0 
-53.53 -1021.24 99.30 0 1 
-54.69 -1018.07 98.21 0 1 
-55.30 -1019.10 99.37 0 0 
-55.18 -1018.19 97.53 0 0 
-54.63 -1019.53 97.90 0 1 
-53.65 -1020.02 94.06 0 0 
-55.24 -1018.68 98.51 0 1 
-54.26 -1019.84 94.48 0 0 
-54.63 -1021.67 99.37 0 0 
-55.48 -1018.92 98.75 0 1 
-55.30 -1020.08 100.71 0 1 
-53.59 -1017.40 97.47 0 0 
-53.96 -1018.68 99.18 0 1 
-54.81 -1019.23 96.74 0 0 
-55.73 -1020.81 97.60 0 1 
-53.53 -1020.26 98.94 0 1 
-54.81 -1020.51 99.12 0 1 
-53.65 -1020.08 98.14 0 1 
-56.09 -1017.21 97.90 0 1 
-54.26 -1019.71 98.45 0 0 
-54.63 -1018.86 97.66 0 1 
-54.38 -1020.51 97.23 0 0 
-53.89 -1020.45 98.63 0 0 
-53.89 -1019.47 98.63 0 0 
-54.57 -1020.57 98.14 0 0 
-54.75 -1018.98 97.78 0 1 
-55.91 -1018.62 98.63 0 0 
-52.73 -1018.98 97.35 0 1 
-54.81 -1019.17 100.16 0 1 
-55.05 -1019.96 98.57 0 0 
-54.32 -1020.26 97.29 0 1 
-55.85 -1018.68 99.37 0 1 
-55.36 -1020.51 97.84 0 1 
-53.41 -1017.94 98.69 0 1 
-54.81 -1018.74 97.78 0 1 
-53.04 -1018.86 97.84 0 1 
-54.32 -1020.08 98.27 0 1 
-55.66 -1020.08 96.44 0 1 
-54.32 -1020.81 99.55 0 0 
-55.05 -1019.23 98.39 0 1 
-53.41 -1019.47 98.63 0 0 
-56.52 -1018.07 99.37 0 1 
-54.69 -1020.45 97.41 0 0 
-55.18 -1019.23 96.62 0 0 
-53.83 -1020.08 98.27 0 0 
-53.96 -1020.26 97.96 0 1 
-56.76 -1019.59 97.72 0 1 
-54.02 -1020.51 97.53 0 0 
-56.15 -1018.86 98.75 0 0 
-55.36 -1018.49 97.60 0 1 
-53.83 -1020.26 97.72 0 0 
-55.18 -1018.37 97.96 0 0 
-53.83 -1020.20 97.11 0 0 
-55.60 -1020.57 98.27 0 0 
-55.91 -1019.04 98.45 0 1 
-54.14 -1019.71 97.90 0 1 
-53.28 -1018.86 98.51 0 1 
-54.81 -1019.04 95.95 0 1 
-54.44 -1020.14 98.02 0 0 
-56.27 -1018.92 98.45 0 1 
-53.96 -1019.53 98.27 0 1 
-54.57 -1018.98 98.33 0 1 
-54.69 -1019.29 98.63 0 1 
-53.47 -1018.01 96.92 0 0 
-55.24 -1019.71 97.66 0 1 
-54.57 -1019.65 97.72 0 1 
-54.02 -1020.51 97.78 0 0 
-53.65 -1020.26 98.21 0 1 
-53.77 -1019.17 97.84 0 0 
-55.85 -1018.92 99.61 0 1 
-55.30 -1018.13 96.56 0 1 
-53.59 -1020.75 97.41 0 0 
-53.34 -1019.47 97.47 0 1 
-55.24 -1019.65 98.14 0 1 
-54.87 -1020.32 100.04 0 0 
-56.46 -1018.68 98.08 0 0 
-54.38 -1018.62 98.33 0 1 
-54.02 -1019.35 97.23 0 1 
-55.05 -1019.53 97.96 0 1 
-54.08 -1021.85 96.44 0 1 
-56.15 -1019.10 99.12 0 1 
-54.69 -1020.81 99.30 0 0 
-54.75 -1017.94 97.60 0 1 
-54.02 -1019.23 99.24 0 1 
-55.11 -1019.29 97.96 0 1 
-55.66 -1020.32 97.41 0 1 
-53.04 -1020.63 99.06 0 1 
-55.36 -1020.51 99.24 0 0 
-54.38 -1018.62 95.70 0 1 
-55.54 -1017.70 99.12 0 1 
-54.99 -1019.65 98.57 0 0 
-54.32 -1019.96 96.92 0 1 
-54.93 -1020.51 98.27 0 1 
-53.53 -1020.02 99.37 0 1 
-53.77 -1019.10 99.18 0 1 
-56.21 -1019.10 98.75 0 1 
-54.57 -1018.62 96.31 0 0 
-54.69 -1019.35 97.41 0 1 
-53.77 -1019.84 99.00 0 0 
-54.26 -1019.96 96.86 0 0 
-54.87 -1020.02 100.16 0 0 
-54.99 -1018.80 98.82 0 1 
-55.11 -1018.43 98.94 0 1 
-52.37 -1018.43 97.53 0 1 
-55.18 -1021.00 96.68 0 0 
-54.99 -1020.63 98.39 0 1 
-54.14 -1020.14 99.06 0 1 
-56.15 -1018.55 98.57 0 1 
-53.53 -1018.80 98.14 0 1 
-53.96 -1019.53 97.53 0 1 
-53.65 -1020.26 97.17 0 0 
-55.42 -1020.32 99.91 0 0 
-55.97 -1020.14 98.82 0 1 
-54.02 -1018.98 98.21 0 1 
-54.38 -1017.94 99.12 0 1 
-54.26 -1019.23 96.13 0 1 
-55.60 -1019.71 98.51 0 1 
-53.65 -1020.14 98.27 0 1 
-55.36 -1019.71 100.52 0 1 
-54.87 -1018.55 98.57 0 0 
-53.28 -1019.53 97.78 0 1 
-54.93 -1020.45 97.35 0 1 
-54.08 -1020.87 98.08 0 1 
-55.36 -1018.98 98.69 0 1 
-54.75 -1018.62 98.27 0 1 
-54.44 -1019.90 98.88 0 0 
-54.38 -1018.55 96.31 0 1 
-54.20 -1021.36 99.98 0 0 
-55.48 -1019.65 99.24 0 1 
-55.91 -1018.98 98.88 0 1 
-54.14 -1018.68 98.63 0 1 
-55.11 -1018.80 97.05 0 1 
-54.20 -1020.75 96.56 0 0 
-54.44 -1019.78 97.60 0 0 
-55.66 -1019.90 99.91 0 0 
-55.05 -1017.70 98.21 0 1 
-55.42 -1019.47 98.14 0 0 
-54.57 -1020.69 97.05 0 0 
-53.41 -1020.08 99.79 0 1 
-55.79 -1018.13 98.63 0 1 
-54.50 -1018.49 96.68 0 1 
-55.60 -1018.49 98.45 0 0 
-52.37 -1020.81 97.29 0 1 
-55.11 -1019.90 96.68 0 1 
-55.30 -1018.74 98.94 0 1 
-55.54 -1017.52 96.68 0 1 
-54.99 -1020.26 97.78 0 0 
-53.96 -1021.12 97.47 0 0 
-54.32 -1019.35 99.37 0 0 
-54.87 -1018.68 98.57 0 1 
-54.57 -1017.82 98.82 0 0 
-56.03 -1019.23 96.50 0 1 
-53.53 -1021.12 99.06 0 1 
-53.77 -1018.86 99.37 0 1 
-55.30 -1018.13 98.27 0 0 
-55.11 -1017.94 96.92 0 0 
-55.30 -1021.36 97.11 0 1 
-54.32 -1020.87 98.75 0 0 
-54.75 -1017.15 99.61 0 0 
-54.44 -1018.43 96.80 0 1 
-53.96 -1021.12 98.08 0 0 
-55.97 -1020.20 99.06 0 1 
-55.60 -1018.92 99.67 0 1 
-54.08 -1018.13 98.27 0 0 
-55.97 -1019.41 96.25 0 1 
-53.71 -1020.63 98.57 0 1 
-54.87 -1019.59 99.55 0 1 
-55.30 -1018.01 98.21 0 0 
-54.20 -1019.65 98.02 0 1 
-54.02 -1020.39 95.34 0 1 
-54.38 -1019.04 100.40 0 1 
-54.38 -1018.80 97.23 0 1 
-56.82 -1019.96 98.45 0 1 
-54.63 -1021.06 96.80 0 1 
-55.42 -1019.78 98.88 0 1 
-55.36 -1018.25 99.06 0 1 
-53.34 -1018.74 97.84 0 1 
-55.36 -1021.55 96.80 0 1 
-55.42 -1019.84 100.71 0 1 
-56.76 -1018.98 98.27 0 0 
-53.77 -1019.29 95.83 0 0 
-54.38 -1019.71 97.53 0 1 
-55.79 -1019.23 99.30 0 1 
-54.08 -1017.82 98.69 0 1 
-55.91 -1019.96 93.93 0 0 
-54.20 -1020.87 98.21 0 1 
-54.57 -1018.25 99.43 0 1 
-54.69 -1018.07 97.96 0 0 
-53.16 -1020.69 97.29 0 0 
-55.97 -1020.63 99.61 0 0 
-54.63 -1018.31 98.39 0 1 
-54.99 -1020.39 97.29 0 1 
-53.71 -1021.18 97.05 0 0 
-55.11 -1017.70 100.16 0 1 
-55.48 -1017.21 97.17 0 1 
-53.59 -1021.00 97.66 0 0 
-54.99 -1019.10 100.46 0 1 
-55.85 -1017.82 97.78 0 1 
-53.83 -1022.52 98.27 0 1 
-54.57 -1019.23 97.78 0 0 
-54.32 -1017.76 99.79 0 1 
-54.75 -1020.75 96.98 0 1 
-55.85 -1020.81 98.75 0 1 
-53.89 -1017.15 97.23 0 1 
-56.15 -1020.87 96.25 0 0 
-54.02 -1020.69 99.61 0 0 
-54.32 -1017.09 98.45 0 1 
-55.85 -1020.39 97.41 0 1 
-54.75 -1020.51 99.67 0 0 
-55.91 -1018.49 98.82 0 1 
-54.32 -1019.71 97.72 0 1 
-53.96 -1019.65 97.78 0 0 
-56.15 -1017.33 95.21 0 1 
-53.53 -1021.24 95.15 0 1 
-54.44 -1020.45 99.49 0 1 
-56.40 -1018.74 98.94 0 1 
-53.28 -1020.08 97.05 0 1 
-55.66 -1020.87 96.92 0 0 
-54.20 -1017.70 100.10 0 1 
-53.96 -1020.20 96.62 0 1 
-56.40 -1020.51 98.08 0 1 
-54.44 -1018.19 100.10 0 1 
-55.36 -1019.84 96.62 0 1 
-53.41 -1020.26 98.57 0 1 
-57.19 -1017.09 99.06 0 1 
-54.99 -1020.94 96.62 0 1 
-54.87 -1020.14 98.21 0 1 
-55.54 -1018.31 97.35 0 0 
-53.71 -1021.18 98.39 0 1 
-55.79 -1018.80 98.51 0 1 
-54.87 -1018.01 97.96 0 0 
-54.69 -1020.45 96.50 0 0 
-56.09 -1018.62 100.28 0 0 
-53.53 -1019.41 100.65 0 1 
-55.54 -1019.96 98.69 0 1 
-54.57 -1019.10 98.39 0 0 
-54.32 -1018.80 96.74 0 0 
-55.85 -1020.81 97.72 0 0 
-55.42 -1018.37 100.34 0 1 
-53.83 -1019.65 95.58 0 1 
-55.66 -1020.63 99.55 0 0 
-54.08 -1018.31 97.47 0 1 
-55.30 -1019.29 96.74 0 1 
-55.54 -1019.90 98.45 0 1 
-53.47 -1017.88 99.49 0 1 
-54.99 -1020.94 96.07 0 0 
-55.42 -1018.98 99.49 0 0 
-54.26 -1017.21 97.35 0 1 
-54.75 -1021.36 98.14 0 1 
-55.97 -1018.68 99.37 0 0 
-53.89 -1018.31 98.21 0 1 
-54.81 -1021.79 96.62 0 0 
-54.63 -1017.33 98.69 0 1 
-55.48 -1017.94 98.21 0 1 
-55.11 -1021.00 96.44 0 0 
-54.63 -1019.04 99.55 0 1 
-55.48 -1018.31 98.39 0 1 
-52.80 -1021.61 96.62 0 0 
-57.50 -1017.09 99.00 0 1 
-55.24 -1020.32 96.19 0 1 
-54.14 -1021.73 99.79 0 0 
-54.81 -1017.46 98.88 0 0 
-54.75 -1019.90 97.78 0 0 
-54.38 -1020.14 97.96 0 0 
-56.58 -1017.33 99.67 0 0 
-54.08 -1021.00 97.41 0 1 
-54.38 -1019.65 98.94 0 1 
-54.20 -1016.97 97.78 0 1 
-54.57 -1021.36 98.33 0 1 
-55.42 -1019.41 97.53 0 0 
-54.26 -1019.04 98.33 0 0 
-54.57 -1021.06 96.44 0 1 
-55.11 -1018.98 101.20 0 1 
-54.14 -1017.52 96.68 0 1 
-56.21 -1020.75 98.21 0 1 
-54.99 -1018.43 99.43 0 0 
-54.69 -1019.23 97.35 0 0 
-54.87 -1021.12 98.14 0 0 
-54.26 -1017.46 98.14 0 1 
-55.54 -1020.02 97.66 0 0 
-54.02 -1022.40 100.40 0 0 
-55.48 -1017.03 97.72 0 0 
-52.92 -1019.84 97.47 0 1 
-56.40 -1020.32 99.55 0 0 
-55.24 -1016.72 98.69 0 1 
-54.93 -1021.48 96.01 0 1 
-54.08 -1019.53 100.40 0 1 
-55.73 -1017.58 96.80 0 0 
-53.28 -1021.85 96.98 0 1 
-56.09 -1019.23 99.67 0 1 
-55.11 -1017.88 96.74 0 0 
-52.67 -1020.69 96.25 0 1 
-55.24 -1019.10 100.04 0 1 
-54.38 -1018.07 97.17 0 0 
-53.71 -1022.03 97.90 0 1 
-56.70 -1017.27 100.04 0 1 
-54.63 -1020.45 97.05 0 0 
-55.05 -1020.94 97.72 0 0 
-54.26 -1017.21 100.04 0 0 
-53.34 -1021.06 95.95 0 0 
-57.13 -1018.86 98.69 0 1 
-54.20 -1017.58 97.41 0 1 
-54.26 -1021.67 97.90 0 0 
-55.30 -1019.59 99.24 0 1 
-53.41 -1019.04 98.45 0 0 
-54.69 -1021.67 96.37 0 1 
-55.48 -1018.13 100.28 0 0 
-54.81 -1019.04 96.19 0 0 
-55.79 -1021.61 98.94 0 1 
-52.73 -1017.64 99.61 0 1 
-55.79 -1020.26 96.80 0 1 
-54.99 -1019.53 98.57 0 0 
-55.30 -1018.37 99.24 0 1 
-55.11 -1020.57 96.44 0 0 
-55.48 -1019.71 100.46 0 0 
-53.65 -1017.46 97.17 0 0 
-54.75 -1022.28 97.23 0 1 
-54.93 -1018.68 100.10 0 1 
-54.50 -1018.98 97.60 0 1 
-55.18 -1021.18 95.64 0 0 
-53.83 -1018.31 100.22 0 1 
-55.05 -1019.59 97.60 0 0 
-54.32 -1020.14 98.69 0 1 
-54.75 -1017.64 98.51 0 1 
-56.09 -1020.32 97.60 0 1 
-52.98 -1020.02 98.94 0 1 
-55.18 -1017.76 98.82 0 1 
-54.08 -1021.61 97.05 0 0 
-55.30 -1018.25 99.12 0 0 
-55.24 -1018.43 97.47 0 1 
-53.16 -1021.73 98.94 0 0 
-55.73 -1017.64 98.39 0 0 
-55.36 -1020.75 98.33 0 1 
-55.60 -1020.20 98.57 0 1 
-53.47 -1017.27 98.69 0 0 
-55.66 -1021.42 96.80 0 1 
-54.20 -1019.23 98.82 0 0 
-57.01 -1017.94 97.96 0 0 
-54.26 -1022.09 96.86 0 0 
-55.42 -1017.46 97.96 0 1 
-53.77 -1018.37 98.51 0 1 
-55.24 -1021.79 97.23 0 1 
-55.85 -1017.52 100.65 0 0 
-55.24 -1020.39 96.86 0 0 
-54.63 -1020.26 100.04 0 1 
-54.63 -1016.42 97.96 0 1 
-52.80 -1020.45 96.68 0 1 
-55.66 -1020.08 99.85 0 0 
-55.73 -1016.78 97.17 0 0 
-54.63 -1022.77 98.27 0 1 
-55.11 -1018.13 98.45 0 1 
-53.47 -1018.80 97.72 0 1 
-54.93 -1020.87 97.29 0 1 
-57.13 -1018.49 99.49 0 1 
-53.65 -1020.02 96.44 0 0 
-53.96 -1021.30 98.39 0 0 
-55.60 -1017.03 100.52 0 1 
-53.10 -1021.30 95.09 0 0 
-55.73 -1019.78 99.73 0 1 
-55.54 -1017.70 97.72 0 0 
-54.08 -1022.03 97.05 0 0 
-55.24 -1017.58 100.83 0 1 
-53.34 -1019.90 97.23 0 1 
-56.34 -1021.06 97.60 0 0 
-54.50 -1017.46 100.34 0 0 
-54.08 -1020.14 96.31 0 0 
-55.05 -1020.57 99.24 0 1 
-54.08 -1017.21 97.78 0 0 
-55.24 -1022.28 98.33 0 1 
-55.79 -1018.55 98.08 0 1 
-53.89 -1018.13 97.96 0 1 
-54.38 -1020.94 98.45 0 0 
-54.44 -1017.64 98.33 0 1 
-55.11 -1019.96 97.84 0 0 
-55.42 -1020.81 98.51 0 1 
-53.77 -1018.49 98.57 0 1 
-54.69 -1019.04 97.60 0 1 
-55.05 -1019.59 99.12 0 0 
-54.75 -1017.94 98.14 0 1 
-54.81 -1022.09 95.58 0 1 
-54.02 -1018.98 99.30 0 1 
-54.38 -1016.91 97.60 0 0 
-54.87 -1021.85 97.47 0 0 
-54.87 -1017.40 99.79 0 0 
-55.48 -1019.10 96.80 0 0 
-55.54 -1019.29 99.73 0 1 
-53.65 -1018.49 97.78 0 1 
-54.02 -1020.02 96.86 0 1 
-55.91 -1019.10 100.52 0 1 
-54.50 -1019.35 97.05 0 1 
-55.36 -1021.79 98.94 0 0 
-54.26 -1016.54 99.79 0 0 
-53.71 -1018.49 95.34 0 0 
-56.64 -1020.81 98.27 0 1 
-53.16 -1019.10 98.69 0 0 
-55.05 -1020.57 97.11 0 1 
-54.87 -1018.49 99.49 0 1 
-53.83 -1017.88 98.02 0 1 
-54.14 -1020.63 96.86 0 1 
-56.21 -1018.25 99.85 0 0 
-54.02 -1019.23 96.68 0 1 
-54.93 -1021.67 99.12 0 0 
-54.08 -1017.09 97.66 0 1 
-55.05 -1019.90 97.47 0 1 
-55.48 -1020.81 99.43 0 1 
-52.55 -1017.09 98.82 0 1 
-55.73 -1020.26 96.80 0 0 
-54.14 -1019.59 98.39 0 1 
-54.69 -1018.55 98.69 0 0 
-56.15 -1020.81 96.74 0 0 
-54.20 -1018.74 99.49 0 1 
-54.44 -1019.23 97.66 0 1 
-54.50 -1020.94 99.37 0 0 
-54.69 -1018.43 100.16 0 1 
-55.24 -1019.41 96.74 0 1 
-54.38 -1021.24 99.49 0 0 
-53.89 -1017.21 98.63 0 1 
-56.09 -1019.71 99.24 0 1 
-53.96 -1020.45 98.57 0 1 
-55.42 -1017.58 98.45 0 1 
-54.69 -1021.24 97.60 0 1 
-54.08 -1019.90 100.28 0 1 
-54.57 -1017.27 98.08 0 1 
-55.85 -1021.42 98.51 0 0 
-54.87 -1018.74 98.94 0 1 
-55.36 -1018.31 93.44 0 1 
-53.28 -1021.79 97.60 0 1 
-54.14 -1018.74 99.91 0 1 
-56.34 -1017.94 98.33 0 1 
-55.11 -1021.79 97.11 0 0 
-54.44 -1018.31 100.71 0 0 
-55.24 -1018.31 96.07 0 1 
-53.47 -1020.20 98.45 0 0 
-54.44 -1017.46 99.55 0 1 
-55.54 -1020.32 95.95 0 1 
-55.05 -1022.03 99.55 0 0 
-55.05 -1017.15 97.29 0 1 
-54.93 -1019.71 98.57 0 0 
-54.44 -1020.45 97.78 0 1 
-55.36 -1017.82 98.75 0 0 
-55.66 -1019.65 97.11 0 0 
-53.96 -1020.63 99.55 0 1 
-53.34 -1017.40 99.55 0 1 
-55.91 -1021.42 96.74 0 1 
-55.66 -1019.78 100.04 0 0 
-53.59 -1017.33 102.05 0 0 
-56.09 -1021.61 99.98 0 1 
-54.69 -1020.51 97.84 0 1 
-52.92 -1016.91 97.41 0 1 
-54.69 -1020.08 100.83 0 1 
-56.88 -1020.63 99.67 0 1 
-54.08 -1017.88 103.94 0 1 
-53.34 -1020.57 97.17 0 1 
-55.18 -1019.84 100.16 0 1 
-54.99 -1017.09 98.02 0 1 
-55.54 -1020.94 97.35 0 1 
-55.66 -1020.39 98.94 0 0 
-53.89 -1018.25 99.18 0 1 
-55.24 -1020.45 93.63 0 1 
-54.81 -1019.71 99.18 0 1 
-55.60 -1018.01 97.41 0 0 
-54.87 -1020.57 97.66 0 1 
-53.28 -1021.91 98.02 0 0 
-54.81 -1017.64 100.34 0 1 
-56.15 -1020.08 97.41 0 1 
-54.81 -1020.69 98.88 0 0 
-55.97 -1017.15 98.51 0 0 
-53.22 -1019.71 97.23 0 1 
-54.26 -1021.79 94.24 0 0 
-57.01 -1018.55 100.34 0 1 
-54.44 -1019.47 96.44 0 1 
-53.83 -1021.67 99.06 0 1 
-55.66 -1017.94 98.14 0 1 
-53.89 -1018.86 97.41 0 0 
-54.75 -1021.30 98.69 0 1 
-56.52 -1016.66 99.37 0 1 
-53.41 -1020.87 96.74 0 1 
-54.44 -1020.75 99.06 0 0 
-54.87 -1017.09 97.66 0 1 
-53.65 -1019.41 98.33 0 0 
-55.73 -1022.28 98.57 0 0 
-55.05 -1018.07 100.16 0 1 
-53.34 -1019.47 96.68 0 1 
-54.57 -1020.20 98.63 0 0 
-54.26 -1017.88 99.49 0 1 
-56.03 -1018.86 97.41 0 0 
-53.89 -1021.48 97.53 0 1 
-54.81 -1017.64 98.21 0 1 
-55.24 -1018.49 96.50 0 1 
-54.50 -1022.22 98.08 0 1 
-56.09 -1017.82 98.02 0 1 
-53.89 -1019.23 97.47 0 1 
-53.22 -1021.36 99.00 0 0 
-55.36 -1018.37 98.45 0 1 
-56.27 -1018.19 99.24 0 1 
-54.81 -1021.00 102.66 0 1 
-56.21 -1019.35 99.12 0 1 
-53.59 -1018.68 101.50 0 0 
-53.41 -1018.98 97.05 0 0 
-55.66 -1018.92 99.73 0 1 
-55.11 -1017.64 97.53 0 0 
-54.44 -1021.61 98.88 0 1 
-55.30 -1019.96 98.45 0 1 
-53.22 -1017.58 98.45 0 0 
-56.46 -1020.63 96.13 0 1 
-54.99 -1020.51 92.90 0 0 
-54.87 -1017.33 96.68 0 0 
-55.30 -1021.79 97.29 0 1 
-53.89 -1020.45 99.61 0 1 
-53.77 -1018.43 98.39 0 1 
-55.73 -1019.17 97.29 0 1 
-54.99 -1021.06 99.30 0 1 
-54.63 -1018.25 98.08 0 1 
-54.32 -1017.21 97.96 0 1 
-54.99 -1021.91 97.11 0 1 
-55.79 -1018.98 98.08 0 1 
-54.69 -1018.13 98.45 0 1 
-53.28 -1021.55 97.66 0 1 
-55.11 -1019.84 99.30 0 1 
-55.24 -1016.78 96.92 0 1 
-54.50 -1020.75 98.88 0 0 
-55.60 -1020.26 98.82 0 0 
-54.44 -1018.13 98.21 0 1 
-53.71 -1018.80 98.02 0 1 
-55.24 -1021.30 98.94 0 1 
-54.08 -1019.23 97.11 0 1 
-55.48 -1017.76 96.98 0 0 
-53.22 -1021.61 98.21 0 1 
-56.76 -1019.10 99.30 0 0 
-54.38 -1019.10 99.61 0 1 
-53.83 -1018.25 94.60 0 1 
-54.75 -1021.55 100.40 0 0 
-54.69 -1018.01 98.33 0 1 
-55.05 -1018.19 97.41 0 1 
-55.60 -1022.09 98.82 0 0 
-54.14 -1020.26 99.79 0 0 
-54.50 -1017.33 97.41 0 1 
-54.81 -1019.35 98.39 0 1 
-54.02 -1020.02 98.57 0 1 
-56.58 -1017.88 96.80 0 1 
-55.05 -1019.59 98.82 0 0 
-54.20 -1020.26 95.15 0 1 
-55.91 -1020.63 100.40 0 0 
-54.50 -1018.68 98.14 0 0 
-54.02 -1019.84 97.96 0 1 
-55.91 -1020.08 96.92 0 1 
-54.63 -1019.10 98.94 0 0 
-54.14 -1018.55 98.63 0 1 
-54.38 -1020.45 97.72 0 1 
-55.30 -1021.06 99.00 0 0 
