STEVAL-MKI197V1 (LSM6DSOX)

A_X [mg] 	 A_Y [mg] 	 A_Z [mg] 

-318.24 -967.90 -118.35 0 1 
-318.18 -968.87 -119.32 0 1 
-318.24 -969.79 -119.02 0 1 
-317.57 -968.51 -117.43 0 1 
-318.48 -970.03 -118.35 0 1 
-317.69 -968.32 -119.57 0 1 
-318.05 -969.85 -118.29 0 1 
-318.36 -968.99 -120.36 0 1 
-317.99 -968.81 -116.82 0 1 
-318.12 -967.90 -120.54 0 1 
-318.36 -969.42 -117.98 0 1 
-318.54 -969.24 -119.51 0 1 
-318.66 -968.44 -119.63 0 1 
-318.54 -969.97 -119.81 0 1 
-318.24 -967.90 -117.74 0 1 
-318.12 -970.15 -117.49 0 1 
-317.93 -967.71 -119.75 0 1 
-318.73 -969.91 -119.51 0 1 
-317.99 -968.87 -120.48 0 1 
-317.87 -969.18 -117.43 0 1 
-317.81 -968.99 -119.14 0 1 
-318.05 -969.48 -120.30 0 1 
-317.69 -969.30 -118.41 0 1 
-317.93 -968.87 -119.08 0 1 
-318.48 -969.42 -118.35 0 1 
-318.05 -968.14 -120.36 0 1 
-318.12 -969.67 -117.86 0 1 
-317.93 -968.32 -120.30 0 1 
-318.54 -969.30 -118.71 0 1 
-318.42 -969.24 -120.18 0 1 
-317.44 -969.18 -117.25 0 1 
-318.60 -970.21 -118.77 0 1 
-317.69 -967.83 -118.59 0 1 
-318.66 -970.58 -119.32 0 1 
-317.81 -967.65 -119.45 0 1 
-318.30 -970.76 -118.59 0 1 
-317.32 -967.71 -119.63 0 1 
-318.12 -970.21 -118.84 0 1 
-318.48 -968.38 -119.20 0 1 
-318.18 -969.91 -120.79 0 1 
-318.24 -968.93 -119.08 0 1 
-317.44 -968.81 -118.90 0 1 
-318.24 -970.09 -117.25 0 1 
-317.26 -967.16 -118.84 0 1 
-319.34 -970.40 -120.12 0 1 
-317.57 -967.77 -120.00 0 1 
-318.66 -970.28 -117.68 0 1 
-318.24 -968.99 -120.30 0 1 
-318.12 -968.99 -119.75 0 1 
-318.18 -969.30 -118.59 0 1 
-318.05 -968.26 -119.02 0 1 
-318.12 -970.40 -120.18 0 1 
-317.75 -967.65 -117.19 0 1 
-318.73 -970.70 -119.02 0 1 
-318.48 -966.92 -119.87 0 1 
-319.03 -970.83 -118.96 0 1 
-317.87 -967.53 -120.06 0 1 
-318.97 -970.03 -120.30 0 1 
-318.18 -968.87 -120.30 0 1 
-317.69 -968.08 -118.10 0 1 
-318.24 -969.97 -117.98 0 1 
-318.36 -967.53 -120.54 0 1 
-318.73 -970.09 -119.02 0 1 
-317.63 -968.51 -118.59 0 1 
-318.73 -969.79 -118.29 0 1 
-318.54 -968.93 -120.36 0 1 
-318.30 -968.93 -118.35 0 1 
-318.54 -969.42 -119.81 0 1 
-317.93 -967.71 -117.92 0 1 
-318.85 -970.46 -118.35 0 1 
-317.44 -968.02 -119.69 0 1 
-318.66 -970.83 -118.59 0 1 
-317.32 -968.02 -119.87 0 1 
-318.79 -970.21 -120.36 0 1 
-317.75 -969.06 -120.18 0 1 
-317.81 -968.81 -118.90 0 1 
-317.99 -969.67 -119.51 0 1 
-318.18 -967.16 -119.26 0 1 
-318.73 -970.52 -118.23 0 1 
-318.24 -967.71 -119.87 0 1 
-318.42 -970.21 -118.96 0 1 
-317.87 -968.69 -118.41 0 1 
-318.05 -968.87 -120.30 0 1 
-318.73 -969.79 -116.64 0 1 
-317.87 -968.26 -121.40 0 1 
-317.69 -968.75 -116.21 0 1 
-317.87 -969.06 -120.97 0 1 
-317.50 -968.32 -117.37 0 1 
-318.05 -970.76 -119.26 0 1 
-317.63 -967.04 -119.63 0 1 
-318.42 -970.34 -118.53 0 1 
-318.05 -967.77 -119.87 0 1 
-318.48 -969.79 -119.87 0 1 
-318.24 -969.79 -118.71 0 1 
-317.87 -968.20 -120.67 0 1 
-318.60 -969.54 -118.41 0 1 
-317.32 -969.42 -120.54 0 1 
-318.66 -968.99 -118.90 0 1 
-318.42 -969.85 -119.02 0 1 
-318.42 -967.65 -120.18 0 1 
-318.36 -970.03 -118.59 0 1 
-317.75 -969.30 -120.18 0 1 
-317.99 -968.26 -118.84 0 1 
-317.75 -970.89 -118.96 0 1 
-317.81 -967.77 -119.51 0 1 
-318.66 -969.97 -119.45 0 1 
-318.05 -969.24 -117.74 0 1 
-318.05 -967.53 -121.09 0 1 
-318.24 -969.91 -116.33 0 1 
-319.09 -969.30 -120.36 0 1 
-317.69 -968.20 -117.92 0 1 
-318.73 -970.76 -118.65 0 1 
-317.50 -967.10 -119.93 0 1 
-317.87 -969.36 -119.20 0 1 
-318.12 -969.97 -118.77 0 1 
-318.24 -968.38 -120.67 0 1 
-318.54 -969.73 -118.59 0 1 
-317.81 -969.36 -120.18 0 1 
-317.57 -968.08 -119.51 0 1 
-319.34 -969.91 -118.96 0 1 
-318.30 -968.87 -119.93 0 1 
-318.05 -968.75 -118.71 0 1 
-318.54 -970.46 -119.20 0 1 
-317.38 -968.14 -119.20 0 1 
-318.60 -969.54 -119.51 0 1 
-318.24 -969.60 -117.13 0 1 
-318.24 -968.38 -121.52 0 1 
-317.50 -968.69 -117.07 0 1 
-318.18 -970.40 -119.20 0 1 
-317.38 -967.16 -119.63 0 1 
-318.60 -969.48 -119.32 0 1 
-317.87 -968.99 -118.59 0 1 
-318.18 -968.26 -120.67 0 1 
-318.73 -969.42 -118.96 0 1 
-318.24 -969.91 -118.90 0 1 
-317.75 -967.83 -120.97 0 1 
-318.12 -969.60 -116.88 0 1 
-318.42 -970.46 -120.73 0 1 
-317.81 -967.77 -120.00 0 1 
-318.79 -969.18 -117.74 0 1 
-317.93 -969.67 -119.26 0 1 
-318.24 -967.83 -119.81 0 1 
-317.99 -969.18 -118.84 0 1 
-318.54 -970.40 -119.69 0 1 
-317.44 -968.08 -120.36 0 1 
-318.30 -969.54 -119.02 0 1 
-318.24 -970.15 -116.64 0 1 
-318.12 -968.51 -120.61 0 1 
-317.20 -968.08 -118.96 0 1 
-318.05 -970.52 -118.23 0 1 
-318.18 -969.48 -120.48 0 1 
-317.87 -968.38 -119.14 0 1 
-318.66 -970.03 -120.06 0 1 
-317.69 -969.18 -117.68 0 1 
-318.12 -968.32 -120.12 0 1 
-318.30 -969.67 -118.90 0 1 
-318.48 -969.54 -119.02 0 1 
-317.57 -968.38 -121.09 0 1 
-318.24 -968.57 -117.55 0 1 
-318.66 -970.76 -118.84 0 1 
-318.05 -968.20 -119.51 0 1 
-318.48 -969.06 -120.54 0 1 
-318.91 -970.03 -118.29 0 1 
-318.05 -970.21 -120.42 0 1 
-318.24 -967.53 -120.00 0 1 
-318.12 -969.12 -119.02 0 1 
-318.66 -970.09 -119.02 0 1 
-318.30 -968.32 -118.53 0 1 
-318.66 -969.06 -120.85 0 1 
-317.75 -969.73 -116.76 0 1 
-318.48 -970.09 -119.26 0 1 
-317.14 -967.65 -119.51 0 1 
-318.30 -970.03 -119.69 0 1 
-318.42 -969.73 -118.59 0 1 
-318.54 -968.51 -120.91 0 1 
-317.75 -968.38 -119.51 0 1 
-318.79 -970.15 -119.02 0 1 
-317.69 -969.60 -119.87 0 1 
-318.36 -967.96 -119.08 0 1 
-317.87 -969.18 -118.77 0 1 
-318.60 -970.34 -118.65 0 1 
-318.24 -969.54 -120.24 0 1 
-318.24 -967.96 -119.51 0 1 
-318.30 -969.67 -118.10 0 1 
-318.05 -970.21 -118.35 0 1 
-318.12 -968.57 -119.87 0 1 
-318.73 -968.69 -121.77 0 1 
-318.30 -969.85 -118.77 0 1 
-317.69 -968.63 -116.82 0 1 
-318.12 -968.44 -121.70 0 1 
-318.18 -967.53 -118.96 0 1 
-318.79 -969.67 -118.59 0 1 
-318.73 -970.09 -119.02 0 1 
-317.26 -967.96 -120.24 0 1 
-318.18 -969.06 -119.93 0 1 
-318.36 -969.85 -118.47 0 1 
-317.69 -969.18 -117.25 0 1 
-317.57 -967.96 -121.52 0 1 
-318.18 -967.96 -118.84 0 1 
-318.60 -969.73 -117.43 0 1 
-318.36 -970.46 -119.02 0 1 
-317.87 -968.32 -121.15 0 1 
-317.87 -967.83 -119.45 0 1 
-318.60 -969.79 -117.37 0 1 
-318.60 -970.76 -118.90 0 1 
-317.38 -968.63 -120.97 0 1 
-317.93 -968.57 -120.61 0 1 
-318.05 -968.26 -118.29 0 1 
-318.85 -970.28 -117.68 0 1 
-317.69 -969.48 -121.28 0 1 
-317.20 -967.77 -119.14 0 1 
-318.42 -968.57 -120.36 0 1 
-318.36 -969.54 -118.35 0 1 
-318.05 -969.73 -116.82 0 1 
-318.42 -968.32 -121.46 0 1 
-318.36 -968.14 -120.00 0 1 
-318.05 -968.75 -117.74 0 1 
-318.24 -970.46 -118.41 0 1 
-318.30 -969.79 -121.34 0 1 
-318.36 -968.08 -119.57 0 1 
-318.91 -968.51 -120.12 0 1 
-318.30 -969.54 -117.98 0 1 
-318.48 -970.58 -118.04 0 1 
-317.69 -968.81 -120.18 0 1 
-317.99 -968.75 -119.69 0 1 
-318.30 -968.81 -119.63 0 1 
-318.48 -969.60 -118.23 0 1 
-318.42 -969.91 -119.81 0 1 
-318.05 -968.51 -119.81 0 1 
-317.93 -968.75 -119.93 0 1 
-318.54 -969.85 -120.12 0 1 
-317.69 -969.48 -117.07 0 1 
-318.12 -970.21 -120.85 0 1 
-317.93 -967.59 -117.55 0 1 
-317.99 -968.26 -121.40 0 1 
-318.97 -969.30 -118.59 0 1 
-318.54 -970.21 -117.92 0 1 
-317.63 -969.12 -120.61 0 1 
-317.99 -968.51 -118.96 0 1 
-317.69 -968.02 -121.09 0 1 
-319.34 -969.24 -118.96 0 1 
-317.38 -969.73 -117.55 0 1 
-318.48 -969.60 -121.46 0 1 
-318.48 -967.83 -119.26 0 1 
-317.69 -968.32 -118.35 0 1 
-318.91 -970.03 -120.67 0 1 
-318.05 -969.67 -117.25 0 1 
-317.57 -969.36 -121.40 0 1 
-317.69 -968.51 -120.48 0 1 
-317.81 -968.26 -119.14 0 1 
-318.79 -969.60 -119.57 0 1 
-317.75 -968.51 -117.19 0 1 
-317.75 -969.60 -120.54 0 1 
-317.81 -968.20 -119.32 0 1 
-317.93 -968.32 -119.75 0 1 
-317.93 -968.69 -119.93 0 1 
-318.18 -969.36 -117.61 0 1 
-318.05 -969.85 -120.48 0 1 
-317.69 -968.32 -118.47 0 1 
-317.69 -968.20 -120.73 0 1 
-317.99 -968.51 -120.48 0 1 
-317.75 -968.81 -117.49 0 1 
-318.73 -970.89 -120.18 0 1 
-316.96 -968.69 -117.00 0 1 
-317.69 -968.51 -122.25 0 1 
-318.18 -968.02 -119.51 0 1 
-317.50 -968.75 -118.65 0 1 
-318.60 -970.40 -119.93 0 1 
-318.36 -969.97 -117.31 0 1 
-318.24 -969.60 -121.22 0 1 
-318.12 -968.63 -119.08 0 1 
-317.69 -968.38 -120.79 0 1 
-318.97 -969.48 -119.69 0 1 
-317.69 -969.54 -116.82 0 1 
-318.30 -970.09 -120.61 0 1 
-317.87 -968.51 -118.29 0 1 
-318.18 -968.32 -121.64 0 1 
-318.54 -968.26 -119.81 0 1 
-317.57 -968.75 -117.98 0 1 
-319.70 -970.28 -120.30 0 1 
-317.57 -968.87 -117.74 0 1 
-317.32 -967.65 -121.70 0 1 
-318.42 -968.20 -119.14 0 1 
-318.36 -968.87 -120.06 0 1 
-318.79 -969.85 -119.14 0 1 
-318.05 -969.60 -117.37 0 1 
-317.02 -968.99 -121.46 0 1 
-318.12 -968.63 -118.35 0 1 
-317.50 -968.63 -120.85 0 1 
-318.91 -969.30 -119.69 0 1 
-318.36 -969.79 -117.74 0 1 
-318.42 -970.64 -120.12 0 1 
-317.69 -968.87 -118.53 0 1 
-317.81 -967.83 -121.77 0 1 
-319.15 -968.51 -119.93 0 1 
-318.48 -968.99 -118.29 0 1 
-318.48 -970.46 -119.20 0 1 
-317.44 -969.12 -117.68 0 1 
-318.36 -968.63 -121.95 0 1 
-318.24 -968.26 -118.96 0 1 
-317.75 -968.57 -120.18 0 1 
-319.15 -969.36 -119.69 0 1 
-317.81 -970.03 -117.19 0 1 
-318.36 -969.85 -121.64 0 1 
-317.93 -968.32 -118.35 0 1 
-317.57 -968.44 -121.64 0 1 
-319.15 -968.57 -119.81 0 1 
-318.30 -969.30 -118.29 0 1 
-319.09 -970.09 -120.30 0 1 
-317.75 -969.24 -117.43 0 1 
-318.36 -968.93 -121.95 0 1 
-318.85 -968.14 -118.84 0 1 
-318.73 -968.57 -119.93 0 1 
-319.03 -969.85 -119.45 0 1 
-317.81 -969.54 -117.43 0 1 
-318.54 -970.40 -120.97 0 1 
-317.69 -968.81 -117.68 0 1 
-317.57 -968.69 -122.25 0 1 
-318.24 -968.63 -119.93 0 1 
-317.57 -969.42 -118.47 0 1 
-318.60 -969.85 -119.75 0 1 
-317.57 -969.60 -117.74 0 1 
-318.42 -969.73 -121.46 0 1 
-317.87 -968.63 -117.98 0 1 
-317.93 -967.96 -121.03 0 1 
-318.18 -968.63 -119.45 0 1 
-318.54 -969.67 -119.32 0 1 
-318.79 -970.03 -119.75 0 1 
-317.99 -969.30 -117.07 0 1 
-318.42 -969.54 -120.91 0 1 
-318.12 -968.57 -118.23 0 1 
-317.57 -968.32 -121.83 0 1 
-318.18 -967.90 -119.14 0 1 
-317.87 -968.81 -119.32 0 1 
-318.30 -969.54 -120.06 0 1 
-318.12 -969.18 -117.86 0 1 
-318.36 -969.91 -120.73 0 1 
-317.26 -969.42 -117.19 0 1 
-318.66 -969.18 -121.77 0 1 
-318.18 -968.51 -118.29 0 1 
-318.18 -968.57 -121.95 0 1 
-318.66 -968.93 -119.45 0 1 
-318.05 -968.81 -120.06 0 1 
-318.48 -969.30 -120.30 0 1 
-317.99 -969.36 -118.65 0 1 
-318.85 -970.40 -120.42 0 1 
-317.44 -969.60 -117.74 0 1 
-318.91 -969.54 -121.28 0 1 
-318.42 -968.93 -117.19 0 1 
-318.12 -968.93 -121.95 0 1 
-318.18 -968.81 -117.86 0 1 
-317.32 -968.99 -120.67 0 1 
-317.75 -968.57 -119.20 0 1 
-318.12 -968.75 -119.57 0 1 
-318.12 -968.75 -119.87 0 1 
-317.99 -968.63 -119.81 0 1 
-318.18 -968.44 -119.51 0 1 
-318.24 -968.87 -120.79 0 1 
-318.73 -968.69 -119.51 0 1 
-317.50 -968.20 -118.41 0 1 
-318.42 -969.30 -119.45 0 1 
-318.60 -968.93 -120.54 0 1 
-318.05 -969.06 -119.81 0 1 
-318.24 -969.42 -118.65 0 1 
-318.36 -969.24 -120.91 0 1 
-317.99 -968.81 -119.38 0 1 
-317.87 -969.06 -119.14 0 1 
-317.93 -968.44 -118.65 0 1 
-318.48 -969.18 -119.81 0 1 
-317.99 -969.48 -119.81 0 1 
-318.73 -969.36 -119.63 0 1 
-317.87 -969.12 -119.20 0 1 
-318.60 -969.36 -118.77 0 1 
-318.36 -969.18 -119.87 0 1 
-318.24 -968.63 -120.54 0 1 
-318.12 -969.60 -120.12 0 1 
-317.81 -969.24 -119.45 0 1 
-318.18 -968.57 -118.77 0 1 
-317.57 -968.75 -119.69 0 1 
-317.99 -969.12 -119.75 0 1 
-318.30 -969.24 -118.59 0 1 
-318.30 -969.36 -121.15 0 1 
-317.93 -969.18 -119.45 0 1 
-318.05 -969.06 -119.38 0 1 
-318.24 -969.54 -118.71 0 1 
-318.36 -969.18 -119.32 0 1 
-317.99 -969.42 -118.90 0 1 
-318.05 -969.12 -119.63 0 1 
-317.69 -968.99 -119.75 0 1 
-317.93 -968.69 -118.90 0 1 
-318.79 -969.18 -119.45 0 1 
-318.18 -969.30 -120.85 0 1 
-318.05 -969.36 -119.57 0 1 
-317.93 -969.48 -119.57 0 1 
-318.24 -969.18 -119.87 0 1 
-318.18 -969.18 -119.87 0 1 
-317.63 -968.75 -119.51 0 1 
-317.75 -968.75 -119.38 0 1 
-318.24 -969.36 -118.84 0 1 
-318.05 -969.36 -120.79 0 1 
-318.12 -969.06 -119.63 0 1 
-317.63 -969.42 -119.75 0 1 
-317.81 -968.57 -118.77 0 1 
-317.87 -968.81 -120.24 0 1 
-317.99 -969.42 -119.45 0 1 
-318.30 -969.30 -119.08 0 1 
-317.87 -969.48 -120.67 0 1 
-317.87 -969.36 -119.63 0 1 
-317.99 -969.12 -118.65 0 1 
-318.66 -968.87 -119.75 0 1 
-318.12 -969.54 -119.45 0 1 
-318.05 -969.18 -120.79 0 1 
-318.24 -969.54 -118.77 0 1 
-318.54 -968.93 -120.06 0 1 
-318.36 -969.12 -119.69 0 1 
-318.30 -968.93 -119.14 0 1 
-318.12 -969.18 -120.36 0 1 
-318.30 -969.36 -119.57 0 1 
-318.36 -968.63 -118.77 0 1 
-318.24 -969.24 -119.51 0 1 
-318.48 -969.18 -119.02 0 1 
-317.87 -969.06 -120.24 0 1 
-318.42 -969.30 -120.30 0 1 
-317.99 -969.12 -118.96 0 1 
-317.69 -968.51 -120.67 0 1 
-317.69 -969.24 -119.14 0 1 
-317.32 -969.24 -120.30 0 1 
-318.42 -969.18 -119.26 0 1 
-318.12 -968.87 -120.42 0 1 
-318.05 -968.93 -119.93 0 1 
-318.42 -969.24 -119.45 0 1 
-318.30 -968.44 -119.38 0 1 
-318.30 -969.54 -119.45 0 1 
-318.66 -969.24 -119.38 0 1 
-318.36 -969.48 -119.81 0 1 
-317.75 -968.81 -119.02 0 1 
-318.42 -969.30 -120.54 0 1 
-318.60 -968.57 -119.45 0 1 
-318.30 -968.44 -119.69 0 1 
-318.12 -968.75 -119.75 0 1 
-318.18 -969.18 -119.63 0 1 
-318.36 -968.99 -119.08 0 1 
-317.87 -969.24 -120.48 0 1 
-317.99 -969.85 -119.20 0 1 
-318.12 -969.54 -120.36 0 1 
-318.12 -968.75 -120.42 0 1 
-317.75 -968.81 -119.02 0 1 
-317.75 -968.93 -120.00 0 1 
-318.36 -969.12 -119.87 0 1 
-318.24 -969.12 -119.51 0 1 
-317.87 -968.93 -118.90 0 1 
-317.38 -968.87 -120.18 0 1 
-318.36 -969.18 -120.12 0 1 
-317.63 -969.18 -119.69 0 1 
-318.24 -969.48 -119.26 0 1 
-318.24 -969.48 -119.87 0 1 
-318.05 -969.30 -119.32 0 1 
-318.24 -969.30 -119.45 0 1 
-317.75 -968.87 -120.61 0 1 
-318.05 -968.38 -118.77 0 1 
-318.42 -969.18 -120.42 0 1 
-318.66 -968.81 -119.38 0 1 
-318.05 -969.06 -119.32 0 1 
-318.48 -968.87 -119.81 0 1 
-317.63 -969.36 -120.06 0 1 
-317.93 -969.30 -119.93 0 1 
-318.05 -969.36 -119.45 0 1 
-317.81 -969.12 -119.51 0 1 
-318.18 -968.75 -120.79 0 1 
-317.93 -969.18 -119.26 0 1 
-318.48 -969.30 -120.61 0 1 
-317.99 -968.93 -119.02 0 1 
-318.66 -969.18 -120.85 0 1 
-318.18 -969.12 -119.45 0 1 
-318.18 -968.87 -119.63 0 1 
-317.63 -969.18 -119.45 0 1 
-318.18 -969.12 -120.36 0 1 
-318.42 -968.69 -119.26 0 1 
-317.69 -968.99 -120.18 0 1 
-318.48 -969.12 -118.96 0 1 
-318.05 -969.18 -120.67 0 1 
-318.18 -969.36 -119.45 0 1 
-317.75 -969.24 -119.08 0 1 
-318.18 -969.06 -120.91 0 1 
-318.05 -968.57 -119.08 0 1 
-318.12 -968.81 -120.00 0 1 
-318.36 -968.87 -119.08 0 1 
-318.18 -969.18 -121.09 0 1 
-318.66 -969.36 -119.45 0 1 
-317.93 -969.36 -120.42 0 1 
-317.99 -969.73 -119.14 0 1 
-318.05 -969.48 -121.22 0 1 
-317.63 -968.93 -119.57 0 1 
-317.81 -968.75 -120.79 0 1 
-317.99 -968.63 -118.59 0 1 
-318.18 -969.12 -120.79 0 1 
-318.36 -968.57 -119.02 0 1 
-317.87 -968.81 -120.54 0 1 
-317.69 -968.81 -118.53 0 1 
-318.48 -968.99 -120.97 0 1 
-317.57 -968.75 -119.32 0 1 
-318.30 -969.12 -120.54 0 1 
-317.93 -968.38 -118.65 0 1 
-317.99 -969.12 -121.15 0 1 
-318.12 -968.93 -119.20 0 1 
-318.42 -968.81 -120.54 0 1 
-318.24 -968.20 -118.71 0 1 
-317.75 -969.79 -121.03 0 1 
-318.48 -968.57 -119.69 0 1 
-318.36 -969.42 -120.30 0 1 
-317.81 -969.18 -118.84 0 1 
-317.87 -969.36 -121.40 0 1 
-317.93 -968.44 -119.26 0 1 
-317.87 -969.36 -120.42 0 1 
-318.54 -969.18 -118.71 0 1 
-317.87 -969.18 -121.03 0 1 
-318.18 -968.93 -119.32 0 1 
-318.18 -969.54 -120.12 0 1 
-317.93 -968.38 -119.02 0 1 
-317.93 -969.24 -121.09 0 1 
-317.63 -969.30 -119.63 0 1 
-318.36 -968.81 -120.42 0 1 
-317.93 -968.93 -118.71 0 1 
-318.48 -969.06 -120.79 0 1 
-317.69 -969.24 -119.63 0 1 
-317.38 -968.63 -120.24 0 1 
-317.69 -968.75 -119.57 0 1 
-318.36 -969.67 -120.48 0 1 
-318.24 -969.30 -119.26 0 1 
-318.05 -968.57 -120.00 0 1 
-318.12 -968.81 -119.32 0 1 
-318.05 -969.12 -120.48 0 1 
-317.63 -969.36 -119.38 0 1 
-318.30 -969.36 -120.42 0 1 
-317.93 -969.06 -119.20 0 1 
-318.48 -969.79 -119.63 0 1 
-317.63 -968.57 -119.69 0 1 
-318.18 -968.51 -120.18 0 1 
-317.75 -969.30 -119.14 0 1 
-317.63 -968.63 -119.93 0 1 
-317.87 -968.99 -119.93 0 1 
-318.42 -969.06 -120.06 0 1 
-317.87 -968.75 -120.30 0 1 
-318.05 -969.18 -119.81 0 1 
-317.81 -968.75 -120.06 0 1 
-318.18 -969.18 -119.81 0 1 
-317.26 -969.30 -119.81 0 1 
-318.12 -969.42 -119.63 0 1 
-318.12 -969.12 -119.57 0 1 
-318.18 -968.57 -120.12 0 1 
-318.24 -969.18 -119.69 0 1 
-317.87 -968.51 -119.51 0 1 
-318.42 -969.12 -120.12 0 1 
-318.42 -968.75 -120.30 0 1 
-318.48 -969.42 -119.63 0 1 
-317.99 -969.12 -120.67 0 1 
-317.81 -968.81 -119.69 0 1 
-317.75 -968.87 -120.06 0 1 
-318.66 -969.24 -120.61 0 1 
-318.36 -969.42 -119.93 0 1 
-318.12 -968.93 -119.81 0 1 
-318.54 -968.38 -119.93 0 1 
-318.24 -968.69 -120.36 0 1 
-317.99 -968.81 -119.38 0 1 
-317.99 -969.42 -120.48 0 1 
-318.36 -968.69 -120.00 0 1 
-318.12 -968.99 -119.26 0 1 
-318.12 -969.06 -119.81 0 1 
-318.36 -968.44 -119.93 0 1 
-318.05 -968.57 -119.81 0 1 
-318.05 -969.06 -120.06 0 1 
-318.30 -969.12 -120.61 0 1 
-318.18 -968.51 -118.90 0 1 
-318.36 -968.57 -120.30 0 1 
-318.24 -969.06 -120.06 0 1 
-318.12 -968.93 -120.36 0 1 
-318.36 -968.75 -119.87 0 1 
-317.87 -968.93 -119.38 0 1 
-318.48 -969.24 -121.03 0 1 
-317.99 -968.51 -119.69 0 1 
-318.05 -969.73 -120.18 0 1 
-317.99 -968.87 -119.69 0 1 
-317.93 -969.54 -120.06 0 1 
-317.87 -968.81 -120.30 0 1 
-318.36 -969.36 -120.48 0 1 
-317.75 -968.87 -119.93 0 1 
-317.87 -968.87 -119.57 0 1 
-318.12 -968.81 -119.51 0 1 
-318.42 -969.18 -120.73 0 1 
-317.93 -968.63 -120.24 0 1 
-318.24 -968.57 -119.87 0 1 
-317.93 -968.99 -119.75 0 1 
-317.69 -968.99 -119.57 0 1 
-318.30 -968.87 -120.91 0 1 
-318.12 -969.12 -120.06 0 1 
-318.05 -969.36 -119.87 0 1 
-318.24 -968.87 -120.00 0 1 
-317.81 -969.36 -119.26 0 1 
-318.12 -969.06 -120.67 0 1 
-317.81 -969.48 -120.54 0 1 
-318.12 -968.81 -120.06 0 1 
-317.99 -968.57 -119.87 0 1 
-318.05 -968.38 -119.69 0 1 
-318.48 -968.57 -120.42 0 1 
-317.81 -969.18 -120.12 0 1 
-317.69 -968.69 -119.63 0 1 
-317.99 -968.99 -119.93 0 1 
-318.05 -969.36 -120.00 0 1 
-317.69 -968.99 -120.73 0 1 
-317.81 -968.57 -120.24 0 1 
-317.87 -968.81 -120.06 0 1 
-318.05 -969.18 -120.00 0 1 
-317.99 -968.99 -120.00 0 1 
-318.36 -968.87 -120.24 0 1 
-318.05 -969.12 -120.18 0 1 
-317.87 -969.12 -120.36 0 1 
-318.48 -969.18 -119.63 0 1 
-317.87 -968.75 -120.54 0 1 
-318.18 -968.81 -119.57 0 1 
-318.24 -968.57 -120.30 0 1 
-318.18 -968.99 -120.48 0 1 
-318.30 -968.99 -120.12 0 1 
-317.44 -968.51 -120.30 0 1 
-318.24 -969.06 -120.06 0 1 
-318.54 -968.63 -119.93 0 1 
-317.57 -968.08 -120.24 0 1 
-318.05 -968.63 -120.24 0 1 
-318.30 -969.30 -120.00 0 1 
-317.44 -968.57 -120.48 0 1 
-318.42 -968.81 -120.67 0 1 
-317.87 -968.63 -119.75 0 1 
-317.93 -968.44 -120.61 0 1 
-318.05 -968.99 -119.87 0 1 
-318.18 -968.69 -120.18 0 1 
-317.44 -968.57 -120.42 0 1 
-317.69 -969.12 -120.12 0 1 
-318.12 -968.57 -119.93 0 1 
-318.48 -968.63 -120.67 0 1 
-317.93 -969.18 -120.54 0 1 
-317.87 -968.93 -119.51 0 1 
-317.93 -968.87 -120.73 0 1 
-317.63 -968.69 -120.48 0 1 
-317.87 -968.63 -119.75 0 1 
-318.30 -969.12 -120.67 0 1 
-317.57 -969.60 -120.48 0 1 
-317.93 -969.12 -119.63 0 1 
-317.87 -968.93 -121.22 0 1 
-317.81 -968.69 -120.30 0 1 
-318.12 -969.24 -119.69 0 1 
-317.99 -968.93 -120.73 0 1 
-318.24 -969.54 -119.81 0 1 
-318.12 -969.48 -119.38 0 1 
-318.18 -969.85 -121.09 0 1 
-317.99 -969.30 -119.87 0 1 
-317.87 -968.81 -119.69 0 1 
-318.18 -968.99 -119.81 0 1 
-317.57 -969.54 -120.00 0 1 
-318.30 -968.81 -120.42 0 1 
-318.85 -969.24 -120.18 0 1 
-317.57 -968.87 -120.24 0 1 
-318.24 -969.42 -120.85 0 1 
-318.18 -968.57 -119.57 0 1 
-317.57 -968.99 -120.48 0 1 
-318.05 -968.51 -120.73 0 1 
-317.75 -968.93 -120.12 0 1 
-317.63 -968.75 -121.03 0 1 
-318.18 -968.57 -120.61 0 1 
-317.87 -968.93 -119.51 0 1 
-317.63 -968.63 -121.03 0 1 
-317.32 -968.51 -120.79 0 1 
-318.85 -969.24 -119.32 0 1 
-317.99 -969.06 -120.79 0 1 
-317.20 -969.42 -120.06 0 1 
-318.36 -969.30 -119.51 0 1 
-318.66 -969.06 -120.18 0 1 
-317.44 -969.67 -119.81 0 1 
-317.08 -969.12 -120.12 0 1 
-318.73 -969.30 -120.18 0 1 
-318.48 -969.12 -119.87 0 1 
-317.93 -968.87 -121.15 0 1 
-318.91 -968.69 -119.93 0 1 
-318.12 -968.75 -120.79 0 1 
-317.75 -968.75 -120.48 0 1 
-318.12 -969.12 -120.42 0 1 
-318.05 -969.36 -121.09 0 1 
-318.18 -968.87 -120.97 0 1 
-317.69 -968.93 -120.06 0 1 
-318.05 -968.87 -121.15 0 1 
-318.48 -968.69 -120.30 0 1 
-317.87 -968.44 -119.93 0 1 
-317.50 -968.81 -120.97 0 1 
-317.87 -969.24 -120.18 0 1 
-317.75 -968.87 -119.81 0 1 
-317.99 -969.12 -121.03 0 1 
-317.81 -969.73 -119.87 0 1 
-318.73 -969.18 -119.81 0 1 
-318.42 -969.42 -120.54 0 1 
-317.99 -969.36 -120.06 0 1 
-318.24 -968.87 -120.79 0 1 
-318.36 -968.69 -120.36 0 1 
-318.05 -968.63 -120.48 0 1 
-318.60 -968.32 -121.03 0 1 
-318.24 -968.57 -120.42 0 1 
-317.87 -968.02 -121.15 0 1 
-318.30 -969.36 -121.22 0 1 
-317.87 -968.69 -120.67 0 1 
-317.99 -968.81 -121.03 0 1 
-318.30 -968.08 -120.79 0 1 
-317.02 -968.51 -120.18 0 1 
-317.75 -968.75 -121.22 0 1 
-317.75 -969.18 -120.48 0 1 
-317.75 -969.60 -119.57 0 1 
-317.75 -969.30 -120.61 0 1 
-317.87 -969.06 -119.63 0 1 
-317.81 -968.93 -120.00 0 1 
-317.87 -968.63 -120.48 0 1 
-317.81 -969.30 -119.93 0 1 
-317.93 -968.81 -120.12 0 1 
-318.18 -968.38 -119.93 0 1 
-317.75 -968.44 -120.36 0 1 
-318.42 -968.75 -120.30 0 1 
-317.63 -968.26 -120.18 0 1 
-317.69 -968.51 -121.03 0 1 
-317.87 -968.99 -120.79 0 1 
-317.93 -968.14 -120.73 0 1 
-318.30 -968.69 -120.61 0 1 
-317.50 -968.75 -120.67 0 1 
-317.32 -968.57 -120.36 0 1 
-317.38 -969.30 -120.97 0 1 
-317.63 -969.48 -120.48 0 1 
-317.57 -969.24 -119.87 0 1 
-318.05 -968.87 -120.42 0 1 
-317.63 -968.99 -119.63 0 1 
-317.32 -969.06 -119.87 0 1 
-318.12 -969.30 -120.42 0 1 
-318.05 -969.42 -120.36 0 1 
-317.93 -968.38 -120.42 0 1 
-318.79 -968.99 -120.12 0 1 
-317.87 -968.38 -120.67 0 1 
-317.93 -968.63 -120.61 0 1 
-317.57 -968.63 -120.54 0 1 
-318.18 -968.69 -120.54 0 1 
-318.05 -968.51 -120.73 0 1 
-317.63 -968.51 -120.24 0 1 
-317.99 -968.99 -120.36 0 1 
-317.87 -968.44 -120.61 0 1 
-317.14 -968.75 -119.93 0 1 
-317.44 -968.87 -120.79 0 1 
-317.20 -969.60 -120.36 0 1 
-317.32 -969.54 -119.87 0 1 
-318.24 -969.18 -120.36 0 1 
-318.42 -969.18 -120.24 0 1 
-318.24 -969.24 -120.42 0 1 
-317.93 -969.30 -120.12 0 1 
-318.24 -968.87 -120.36 0 1 
-318.18 -968.75 -121.15 0 1 
-317.99 -968.32 -120.48 0 1 
-317.57 -968.57 -121.40 0 1 
-318.97 -969.36 -120.79 0 1 
-317.69 -968.57 -120.36 0 1 
-317.50 -968.57 -121.09 0 1 
-318.05 -968.63 -121.09 0 1 
-317.69 -968.57 -120.36 0 1 
-317.50 -969.12 -120.91 0 1 
-317.87 -968.69 -120.24 0 1 
-317.87 -968.81 -120.18 0 1 
-317.69 -968.81 -120.42 0 1 
-317.57 -969.79 -119.69 0 1 
-317.99 -968.87 -120.24 0 1 
-317.75 -969.42 -120.36 0 1 
-317.69 -969.06 -119.81 0 1 
-317.50 -968.87 -120.36 0 1 
-318.05 -968.69 -120.24 0 1 
-318.60 -968.63 -120.30 0 1 
-317.69 -968.44 -120.85 0 1 
-317.93 -968.63 -120.48 0 1 
-318.12 -968.38 -120.97 0 1 
-317.81 -968.44 -120.79 0 1 
-317.26 -968.38 -120.54 0 1 
-318.42 -969.06 -121.09 0 1 
-318.18 -968.99 -120.61 0 1 
-317.75 -969.12 -120.06 0 1 
-316.71 -969.24 -121.03 0 1 
-317.99 -969.30 -120.12 0 1 
-317.99 -969.12 -119.69 0 1 
-317.63 -969.24 -120.67 0 1 
-317.75 -969.06 -119.69 0 1 
-317.63 -969.48 -120.18 0 1 
-318.42 -969.42 -120.06 0 1 
-318.54 -968.57 -120.24 0 1 
-317.75 -968.75 -120.42 0 1 
-318.48 -969.30 -120.06 0 1 
-317.38 -969.12 -120.73 0 1 
-317.81 -968.51 -121.34 0 1 
-318.48 -968.99 -120.79 0 1 
-317.99 -968.38 -121.09 0 1 
-318.30 -968.87 -120.85 0 1 
-317.99 -968.26 -120.54 0 1 
-318.36 -968.44 -121.15 0 1 
-318.36 -968.51 -120.97 0 1 
-317.63 -968.51 -120.54 0 1 
-317.81 -969.06 -120.91 0 1 
-317.75 -968.93 -120.48 0 1 
-316.89 -969.12 -120.36 0 1 
-317.81 -969.06 -121.09 0 1 
-317.69 -969.30 -120.24 0 1 
-317.32 -969.48 -120.42 0 1 
