STEVAL-MKI197V1 (LSM6DSOX)

A_X [mg] 	 A_Y [mg] 	 A_Z [mg] 

-53.65 -1020.63 99.24
-53.53 -1018.37 98.57
-55.42 -1019.29 97.78
-54.63 -1019.96 97.53
-53.04 -1019.1 100.22
-54.57 -1020.81 96.74
-53.96 -1019.17 98.39
-55.97 -1017.52 95.7
-53.96 -1019.41 98.08
-55.79 -1020.45 98.33
-52.67 -1020.14 97.05
-55.66 -1019.78 97.6
-53.41 -1018.86 100.59
-55.91 -1020.81 96.68
-55.42 -1019.53 98.82
-54.14 -1018.01 98.33
-55.6 -1021.18 97.41
-54.26 -1020.02 100.16
-55.42 -1019.23 95.28
-53.47 -1018.86 100.22
-52.98 -1020.45 99.49
-56.46 -1021.06 97.17
-54.14 -1018.37 97.17
-55.91 -1018.92 99.0
-54.44 -1021.18 98.63
-53.71 -1019.59 96.92
-55.42 -1018.01 100.83
-54.2 -1019.84 101.62
-54.69 -1018.8 100.04
-54.69 -1022.34 96.13
-54.75 -1020.02 98.14
-54.5 -1018.01 99.06
-53.22 -1020.94 98.63
-54.38 -1018.37 98.51
-55.97 -1019.47 98.02
-54.32 -1018.74 97.6
-54.87 -1018.92 99.0
-53.34 -1020.94 97.84
-56.27 -1019.04 96.01
-54.14 -1016.97 94.48
-55.73 -1020.57 100.4
-53.47 -1020.26 98.33
-54.87 -1019.23 95.7
-54.44 -1018.74 99.06
-53.59 -1019.1 100.34
-55.18 -1021.0 96.01
-54.57 -1019.47 97.66
-55.85 -1018.62 99.18
-53.53 -1020.26 96.68
-54.38 -1018.68 100.22
-54.99 -1021.3 97.41
-56.52 -1018.49 97.05
-53.65 -1017.7 100.22
-55.79 -1021.0 98.63
-53.77 -1018.92 98.39
-53.65 -1020.63 97.66
-55.36 -1019.1 97.78
-54.69 -1019.1 99.79
-55.85 -1020.45 97.6
-53.89 -1020.14 100.34
-53.59 -1019.84 95.46
-54.38 -1018.43 98.88
-54.44 -1019.41 99.37
-56.46 -1020.75 98.69
-53.47 -1019.1 96.86
-55.3 -1019.65 97.53
-54.32 -1019.78 99.85
-53.16 -1018.74 98.39
-54.75 -1021.24 99.0
-54.08 -1019.71 97.84
-55.85 -1019.41 97.78
-54.2 -1018.86 99.37
-55.48 -1018.43 101.2
-54.38 -1021.3 97.9
-53.59 -1018.74 99.49
-55.3 -1020.08 97.17
-54.44 -1019.65 98.39
-54.14 -1018.74 96.92
-54.99 -1020.08 99.3
-52.8 -1020.2 99.61
-56.15 -1018.86 96.01
-53.16 -1019.96 99.73
-55.42 -1021.06 96.31
-55.11 -1019.23 100.46
-54.87 -1021.3 96.31
-55.3 -1019.47 98.02
-53.89 -1018.98 98.82
-54.26 -1018.92 97.11
-54.38 -1019.29 100.83
-55.97 -1019.47 96.92
-53.89 -1020.63 99.3
-54.38 -1019.71 98.02
-54.08 -1020.02 97.9
-56.64 -1020.14 97.35
-53.59 -1018.86 96.13
-55.97 -1018.25 96.37
-53.16 -1019.96 93.69
-55.85 -1018.86 99.18
-53.1 -1019.59 97.35
-55.79 -1019.65 101.14
-53.83 -1020.2 97.41
-55.54 -1020.14 99.0
-54.69 -1020.57 97.84
-54.81 -1017.94 97.11
-54.32 -1020.87 95.28
-54.32 -1018.86 97.53
-54.93 -1019.59 97.47
-54.44 -1020.2 97.84
-55.48 -1018.07 98.51
-53.71 -1019.9 98.88
-54.08 -1018.62 98.21
-53.83 -1019.65 97.53
-55.24 -1017.76 100.22
-54.44 -1021.42 97.23
-55.66 -1017.27 99.18
-52.55 -1020.94 98.51
-55.24 -1018.62 100.71
-54.93 -1021.61 97.11
-54.75 -1019.04 99.61
-55.42 -1019.96 96.19
-54.14 -1020.87 99.91
-55.48 -1019.78 97.05
-53.89 -1018.55 97.96
-53.47 -1020.26 98.51
-55.24 -1018.86 98.75
-54.26 -1021.0 97.78
-55.42 -1018.55 97.6
-55.05 -1019.78 97.35
-53.59 -1019.41 98.88
-54.99 -1020.32 97.47
-53.96 -1019.35 99.49
-55.48 -1019.17 96.8
-54.87 -1020.2 98.75
-55.11 -1019.47 98.82
-55.24 -1020.26 98.33
-54.26 -1019.59 98.27
-54.44 -1019.96 97.11
-54.93 -1019.41 100.59
-55.42 -1019.35 98.02
-55.3 -1019.84 99.37
-53.65 -1019.84 98.27
-53.65 -1018.13 99.24
-55.6 -1019.59 96.92
-53.47 -1018.25 99.24
-55.97 -1019.9 98.08
-54.87 -1019.84 98.69
-54.63 -1019.23 97.96
-54.26 -1019.17 98.21
-53.83 -1018.49 98.57
-55.54 -1020.08 97.6
-54.87 -1019.35 98.27
-54.02 -1021.36 97.96
-54.38 -1018.55 100.52
-52.73 -1019.53 97.41
-56.76 -1019.29 97.9
-54.44 -1020.02 98.88
-54.57 -1019.65 98.75
-55.48 -1020.26 97.23
-53.89 -1019.1 100.52
-55.6 -1020.45 95.76
-52.67 -1018.68 98.14
-55.66 -1019.35 99.0
-54.75 -1020.32 96.86
-55.3 -1019.84 99.43
-53.47 -1020.26 96.19
-55.3 -1019.65 98.88
-52.8 -1019.04 97.41
-55.11 -1019.59 99.06
-54.87 -1019.96 96.56
-54.99 -1018.8 97.53
-54.32 -1020.32 99.79
-54.38 -1019.71 97.96
-55.3 -1019.35 97.47
-53.41 -1019.71 99.3
-55.36 -1018.68 97.72
-54.5 -1020.14 99.61
-56.15 -1018.31 97.84
-53.96 -1020.69 98.63
-55.24 -1018.62 98.45
-53.96 -1019.35 97.17
-56.34 -1019.35 100.1
-54.38 -1019.9 98.27
-55.48 -1018.74 97.41
-54.26 -1019.84 99.06
-55.6 -1019.23 98.75
-53.1 -1020.08 97.47
-55.42 -1019.47 99.79
-54.32 -1019.04 97.41
-53.77 -1019.04 97.78
-55.91 -1019.1 96.98
-53.83 -1020.32 96.25
-55.79 -1020.94 98.45
-54.81 -1019.17 97.96
-54.02 -1018.98 97.05
-55.3 -1020.2 99.61
-53.77 -1018.92 96.98
-54.57 -1019.29 98.94
-55.48 -1021.24 98.63
-54.63 -1019.29 97.17
-55.11 -1020.39 98.14
-54.38 -1019.47 98.21
-53.89 -1018.86 98.82
-54.08 -1019.9 98.88
-54.5 -1018.98 98.33
-55.66 -1019.04 97.6
-54.08 -1019.9 99.61
-54.81 -1019.71 96.8
-54.2 -1018.68 96.19
-53.53 -1019.17 98.45
-54.81 -1019.17 98.88
-54.5 -1020.45 98.82
-55.48 -1020.81 96.86
-54.75 -1020.63 99.06
-55.54 -1018.92 97.9
-54.93 -1019.65 98.45
-53.28 -1020.45 97.78
-56.15 -1019.1 99.18
-53.83 -1020.08 99.49
-55.36 -1019.65 98.39
-55.42 -1019.78 98.69
-53.89 -1019.04 98.51
-54.38 -1018.37 99.67
-53.77 -1019.96 97.53
-55.36 -1019.53 98.94
-54.32 -1021.3 96.44
-55.24 -1020.2 98.27
-53.65 -1019.96 98.27
-54.99 -1019.41 98.94
-52.8 -1019.41 97.84
-56.15 -1019.96 98.45
-54.44 -1019.71 99.49
-54.57 -1019.84 98.88
-55.42 -1018.98 98.63
-53.65 -1018.98 97.17
-53.96 -1019.23 99.12
-54.02 -1019.71 96.68
-56.21 -1020.69 97.78
-54.63 -1020.63 98.27
-54.14 -1019.47 98.82
-53.71 -1019.84 99.3
-55.3 -1018.68 104.13
-54.93 -1019.17 98.21
-56.15 -1018.92 94.85
-53.89 -1019.04 98.14
-54.75 -1019.29 98.08
-54.81 -1019.41 94.06
-53.65 -1020.63 97.6
-53.83 -1019.47 99.73
-54.93 -1020.75 97.23
-56.15 -1019.23 99.12
-54.57 -1019.9 99.12
-54.02 -1018.31 97.6
-53.59 -1017.88 96.25
-54.93 -1018.8 96.13
-55.66 -1019.1 96.44
-54.87 -1020.57 97.17
-54.32 -1019.41 98.57
-53.53 -1021.24 99.3
-54.69 -1018.07 98.21
-55.3 -1019.1 99.37
-55.18 -1018.19 97.53
-54.63 -1019.53 97.9
-53.65 -1020.02 94.06
-55.24 -1018.68 98.51
-54.26 -1019.84 94.48
-54.63 -1021.67 99.37
-55.48 -1018.92 98.75
-55.3 -1020.08 100.71
-53.59 -1017.4 97.47
-53.96 -1018.68 99.18
-54.81 -1019.23 96.74
-55.73 -1020.81 97.6
-53.53 -1020.26 98.94
-54.81 -1020.51 99.12
-53.65 -1020.08 98.14
-56.09 -1017.21 97.9
-54.26 -1019.71 98.45
-54.63 -1018.86 97.66
-54.38 -1020.51 97.23
-53.89 -1020.45 98.63
-53.89 -1019.47 98.63
-54.57 -1020.57 98.14
-54.75 -1018.98 97.78
-55.91 -1018.62 98.63
-52.73 -1018.98 97.35
-54.81 -1019.17 100.16
-55.05 -1019.96 98.57
-54.32 -1020.26 97.29
-55.85 -1018.68 99.37
-55.36 -1020.51 97.84
-53.41 -1017.94 98.69
-54.81 -1018.74 97.78
-53.04 -1018.86 97.84
-54.32 -1020.08 98.27
-55.66 -1020.08 96.44
-54.32 -1020.81 99.55
-55.05 -1019.23 98.39
-53.41 -1019.47 98.63
-56.52 -1018.07 99.37
-54.69 -1020.45 97.41
-55.18 -1019.23 96.62
-53.83 -1020.08 98.27
-53.96 -1020.26 97.96
-56.76 -1019.59 97.72
-54.02 -1020.51 97.53
-56.15 -1018.86 98.75
-55.36 -1018.49 97.6
-53.83 -1020.26 97.72
-55.18 -1018.37 97.96
-53.83 -1020.2 97.11
-55.6 -1020.57 98.27
-55.91 -1019.04 98.45
-54.14 -1019.71 97.9
-53.28 -1018.86 98.51
-54.81 -1019.04 95.95
-54.44 -1020.14 98.02
-56.27 -1018.92 98.45
-53.96 -1019.53 98.27
-54.57 -1018.98 98.33
-54.69 -1019.29 98.63
-53.47 -1018.01 96.92
-55.24 -1019.71 97.66
-54.57 -1019.65 97.72
-54.02 -1020.51 97.78
-53.65 -1020.26 98.21
-53.77 -1019.17 97.84
-55.85 -1018.92 99.61
-55.3 -1018.13 96.56
-53.59 -1020.75 97.41
-53.34 -1019.47 97.47
-55.24 -1019.65 98.14
-54.87 -1020.32 100.04
-56.46 -1018.68 98.08
-54.38 -1018.62 98.33
-54.02 -1019.35 97.23
-55.05 -1019.53 97.96
-54.08 -1021.85 96.44
-56.15 -1019.1 99.12
-54.69 -1020.81 99.3
-54.75 -1017.94 97.6
-54.02 -1019.23 99.24
-55.11 -1019.29 97.96
-55.66 -1020.32 97.41
-53.04 -1020.63 99.06
-55.36 -1020.51 99.24
-54.38 -1018.62 95.7
-55.54 -1017.7 99.12
-54.99 -1019.65 98.57
-54.32 -1019.96 96.92
-54.93 -1020.51 98.27
-53.53 -1020.02 99.37
-53.77 -1019.1 99.18
-56.21 -1019.1 98.75
-54.57 -1018.62 96.31
-54.69 -1019.35 97.41
-53.77 -1019.84 99.0
-54.26 -1019.96 96.86
-54.87 -1020.02 100.16
-54.99 -1018.8 98.82
-55.11 -1018.43 98.94
-52.37 -1018.43 97.53
-55.18 -1021.0 96.68
-54.99 -1020.63 98.39
-54.14 -1020.14 99.06
-56.15 -1018.55 98.57
-53.53 -1018.8 98.14
-53.96 -1019.53 97.53
-53.65 -1020.26 97.17
-55.42 -1020.32 99.91
-55.97 -1020.14 98.82
-54.02 -1018.98 98.21
-54.38 -1017.94 99.12
-54.26 -1019.23 96.13
-55.6 -1019.71 98.51
-53.65 -1020.14 98.27
-55.36 -1019.71 100.52
-54.87 -1018.55 98.57
-53.28 -1019.53 97.78
-54.93 -1020.45 97.35
-54.08 -1020.87 98.08
-55.36 -1018.98 98.69
-54.75 -1018.62 98.27
-54.44 -1019.9 98.88
-54.38 -1018.55 96.31
-54.2 -1021.36 99.98
-55.48 -1019.65 99.24
-55.91 -1018.98 98.88
-54.14 -1018.68 98.63
-55.11 -1018.8 97.05
-54.2 -1020.75 96.56
-54.44 -1019.78 97.6
-55.66 -1019.9 99.91
-55.05 -1017.7 98.21
-55.42 -1019.47 98.14
-54.57 -1020.69 97.05
-53.41 -1020.08 99.79
-55.79 -1018.13 98.63
-54.5 -1018.49 96.68
-55.6 -1018.49 98.45
-52.37 -1020.81 97.29
-55.11 -1019.9 96.68
-55.3 -1018.74 98.94
-55.54 -1017.52 96.68
-54.99 -1020.26 97.78
-53.96 -1021.12 97.47
-54.32 -1019.35 99.37
-54.87 -1018.68 98.57
-54.57 -1017.82 98.82
-56.03 -1019.23 96.5
-53.53 -1021.12 99.06
-53.77 -1018.86 99.37
-55.3 -1018.13 98.27
-55.11 -1017.94 96.92
-55.3 -1021.36 97.11
-54.32 -1020.87 98.75
-54.75 -1017.15 99.61
-54.44 -1018.43 96.8
-53.96 -1021.12 98.08
-55.97 -1020.2 99.06
-55.6 -1018.92 99.67
-54.08 -1018.13 98.27
-55.97 -1019.41 96.25
-53.71 -1020.63 98.57
-54.87 -1019.59 99.55
-55.3 -1018.01 98.21
-54.2 -1019.65 98.02
-54.02 -1020.39 95.34
-54.38 -1019.04 100.4
-54.38 -1018.8 97.23
-56.82 -1019.96 98.45
-54.63 -1021.06 96.8
-55.42 -1019.78 98.88
-55.36 -1018.25 99.06
-53.34 -1018.74 97.84
-55.36 -1021.55 96.8
-55.42 -1019.84 100.71
-56.76 -1018.98 98.27
-53.77 -1019.29 95.83
-54.38 -1019.71 97.53
-55.79 -1019.23 99.3
-54.08 -1017.82 98.69
-55.91 -1019.96 93.93
-54.2 -1020.87 98.21
-54.57 -1018.25 99.43
-54.69 -1018.07 97.96
-53.16 -1020.69 97.29
-55.97 -1020.63 99.61
-54.63 -1018.31 98.39
-54.99 -1020.39 97.29
-53.71 -1021.18 97.05
-55.11 -1017.7 100.16
-55.48 -1017.21 97.17
-53.59 -1021.0 97.66
-54.99 -1019.1 100.46
-55.85 -1017.82 97.78
-53.83 -1022.52 98.27
-54.57 -1019.23 97.78
-54.32 -1017.76 99.79
-54.75 -1020.75 96.98
-55.85 -1020.81 98.75
-53.89 -1017.15 97.23
-56.15 -1020.87 96.25
-54.02 -1020.69 99.61
-54.32 -1017.09 98.45
-55.85 -1020.39 97.41
-54.75 -1020.51 99.67
-55.91 -1018.49 98.82
-54.32 -1019.71 97.72
-53.96 -1019.65 97.78
-56.15 -1017.33 95.21
-53.53 -1021.24 95.15
-54.44 -1020.45 99.49
-56.4 -1018.74 98.94
-53.28 -1020.08 97.05
-55.66 -1020.87 96.92
-54.2 -1017.7 100.1
-53.96 -1020.2 96.62
-56.4 -1020.51 98.08
-54.44 -1018.19 100.1
-55.36 -1019.84 96.62
-53.41 -1020.26 98.57
-57.19 -1017.09 99.06
-54.99 -1020.94 96.62
-54.87 -1020.14 98.21
-55.54 -1018.31 97.35
-53.71 -1021.18 98.39
-55.79 -1018.8 98.51
-54.87 -1018.01 97.96
-54.69 -1020.45 96.5
-56.09 -1018.62 100.28
-53.53 -1019.41 100.65
-55.54 -1019.96 98.69
-54.57 -1019.1 98.39
-54.32 -1018.8 96.74
-55.85 -1020.81 97.72
-55.42 -1018.37 100.34
-53.83 -1019.65 95.58
-55.66 -1020.63 99.55
-54.08 -1018.31 97.47
-55.3 -1019.29 96.74
-55.54 -1019.9 98.45
-53.47 -1017.88 99.49
-54.99 -1020.94 96.07
-55.42 -1018.98 99.49
-54.26 -1017.21 97.35
-54.75 -1021.36 98.14
-55.97 -1018.68 99.37
-53.89 -1018.31 98.21
-54.81 -1021.79 96.62
-54.63 -1017.33 98.69
-55.48 -1017.94 98.21
-55.11 -1021.0 96.44
-54.63 -1019.04 99.55
-55.48 -1018.31 98.39
-52.8 -1021.61 96.62
-57.5 -1017.09 99.0
-55.24 -1020.32 96.19
-54.14 -1021.73 99.79
-54.81 -1017.46 98.88
-54.75 -1019.9 97.78
-54.38 -1020.14 97.96
-56.58 -1017.33 99.67
-54.08 -1021.0 97.41
-54.38 -1019.65 98.94
-54.2 -1016.97 97.78
-54.57 -1021.36 98.33
-55.42 -1019.41 97.53
-54.26 -1019.04 98.33
-54.57 -1021.06 96.44
-55.11 -1018.98 101.2
-54.14 -1017.52 96.68
-56.21 -1020.75 98.21
-54.99 -1018.43 99.43
-54.69 -1019.23 97.35
-54.87 -1021.12 98.14
-54.26 -1017.46 98.14
-55.54 -1020.02 97.66
-54.02 -1022.4 100.4
-55.48 -1017.03 97.72
-52.92 -1019.84 97.47
-56.4 -1020.32 99.55
-55.24 -1016.72 98.69
-54.93 -1021.48 96.01
-54.08 -1019.53 100.4
-55.73 -1017.58 96.8
-53.28 -1021.85 96.98
-56.09 -1019.23 99.67
-55.11 -1017.88 96.74
-52.67 -1020.69 96.25
-55.24 -1019.1 100.04
-54.38 -1018.07 97.17
-53.71 -1022.03 97.9
-56.7 -1017.27 100.04
-54.63 -1020.45 97.05
-55.05 -1020.94 97.72
-54.26 -1017.21 100.04
-53.34 -1021.06 95.95
-57.13 -1018.86 98.69
-54.2 -1017.58 97.41
-54.26 -1021.67 97.9
-55.3 -1019.59 99.24
-53.41 -1019.04 98.45
-54.69 -1021.67 96.37
-55.48 -1018.13 100.28
-54.81 -1019.04 96.19
-55.79 -1021.61 98.94
-52.73 -1017.64 99.61
-55.79 -1020.26 96.8
-54.99 -1019.53 98.57
-55.3 -1018.37 99.24
-55.11 -1020.57 96.44
-55.48 -1019.71 100.46
-53.65 -1017.46 97.17
-54.75 -1022.28 97.23
-54.93 -1018.68 100.1
-54.5 -1018.98 97.6
-55.18 -1021.18 95.64
-53.83 -1018.31 100.22
-55.05 -1019.59 97.6
-54.32 -1020.14 98.69
-54.75 -1017.64 98.51
-56.09 -1020.32 97.6
-52.98 -1020.02 98.94
-55.18 -1017.76 98.82
-54.08 -1021.61 97.05
-55.3 -1018.25 99.12
-55.24 -1018.43 97.47
-53.16 -1021.73 98.94
-55.73 -1017.64 98.39
-55.36 -1020.75 98.33
-55.6 -1020.2 98.57
-53.47 -1017.27 98.69
-55.66 -1021.42 96.8
-54.2 -1019.23 98.82
-57.01 -1017.94 97.96
-54.26 -1022.09 96.86
-55.42 -1017.46 97.96
-53.77 -1018.37 98.51
-55.24 -1021.79 97.23
-55.85 -1017.52 100.65
-55.24 -1020.39 96.86
-54.63 -1020.26 100.04
-54.63 -1016.42 97.96
-52.8 -1020.45 96.68
-55.66 -1020.08 99.85
-55.73 -1016.78 97.17
-54.63 -1022.77 98.27
-55.11 -1018.13 98.45
-53.47 -1018.8 97.72
-54.93 -1020.87 97.29
-57.13 -1018.49 99.49
-53.65 -1020.02 96.44
-53.96 -1021.3 98.39
-55.6 -1017.03 100.52
-53.1 -1021.3 95.09
-55.73 -1019.78 99.73
-55.54 -1017.7 97.72
-54.08 -1022.03 97.05
-55.24 -1017.58 100.83
-53.34 -1019.9 97.23
-56.34 -1021.06 97.6
-54.5 -1017.46 100.34
-54.08 -1020.14 96.31
-55.05 -1020.57 99.24
-54.08 -1017.21 97.78
-55.24 -1022.28 98.33
-55.79 -1018.55 98.08
-53.89 -1018.13 97.96
-54.38 -1020.94 98.45
-54.44 -1017.64 98.33
-55.11 -1019.96 97.84
-55.42 -1020.81 98.51
-53.77 -1018.49 98.57
-54.69 -1019.04 97.6
-55.05 -1019.59 99.12
-54.75 -1017.94 98.14
-54.81 -1022.09 95.58
-54.02 -1018.98 99.3
-54.38 -1016.91 97.6
-54.87 -1021.85 97.47
-54.87 -1017.4 99.79
-55.48 -1019.1 96.8
-55.54 -1019.29 99.73
-53.65 -1018.49 97.78
-54.02 -1020.02 96.86
-55.91 -1019.1 100.52
-54.5 -1019.35 97.05
-55.36 -1021.79 98.94
-54.26 -1016.54 99.79
-53.71 -1018.49 95.34
-56.64 -1020.81 98.27
-53.16 -1019.1 98.69
-55.05 -1020.57 97.11
-54.87 -1018.49 99.49
-53.83 -1017.88 98.02
-54.14 -1020.63 96.86
-56.21 -1018.25 99.85
-54.02 -1019.23 96.68
-54.93 -1021.67 99.12
-54.08 -1017.09 97.66
-55.05 -1019.9 97.47
-55.48 -1020.81 99.43
-52.55 -1017.09 98.82
-55.73 -1020.26 96.8
-54.14 -1019.59 98.39
-54.69 -1018.55 98.69
-56.15 -1020.81 96.74
-54.2 -1018.74 99.49
-54.44 -1019.23 97.66
-54.5 -1020.94 99.37
-54.69 -1018.43 100.16
-55.24 -1019.41 96.74
-54.38 -1021.24 99.49
-53.89 -1017.21 98.63
-56.09 -1019.71 99.24
-53.96 -1020.45 98.57
-55.42 -1017.58 98.45
-54.69 -1021.24 97.6
-54.08 -1019.9 100.28
-54.57 -1017.27 98.08
-55.85 -1021.42 98.51
-54.87 -1018.74 98.94
-55.36 -1018.31 93.44
-53.28 -1021.79 97.6
-54.14 -1018.74 99.91
-56.34 -1017.94 98.33
-55.11 -1021.79 97.11
-54.44 -1018.31 100.71
-55.24 -1018.31 96.07
-53.47 -1020.2 98.45
-54.44 -1017.46 99.55
-55.54 -1020.32 95.95
-55.05 -1022.03 99.55
-55.05 -1017.15 97.29
-54.93 -1019.71 98.57
-54.44 -1020.45 97.78
-55.36 -1017.82 98.75
-55.66 -1019.65 97.11
-53.96 -1020.63 99.55
-53.34 -1017.4 99.55
-55.91 -1021.42 96.74
-55.66 -1019.78 100.04
-53.59 -1017.33 102.05
-56.09 -1021.61 99.98
-54.69 -1020.51 97.84
-52.92 -1016.91 97.41
-54.69 -1020.08 100.83
-56.88 -1020.63 99.67
-54.08 -1017.88 103.94
-53.34 -1020.57 97.17
-55.18 -1019.84 100.16
-54.99 -1017.09 98.02
-55.54 -1020.94 97.35
-55.66 -1020.39 98.94
-53.89 -1018.25 99.18
-55.24 -1020.45 93.63
-54.81 -1019.71 99.18
-55.6 -1018.01 97.41
-54.87 -1020.57 97.66
-53.28 -1021.91 98.02
-54.81 -1017.64 100.34
-56.15 -1020.08 97.41
-54.81 -1020.69 98.88
-55.97 -1017.15 98.51
-53.22 -1019.71 97.23
-54.26 -1021.79 94.24
-57.01 -1018.55 100.34
-54.44 -1019.47 96.44
-53.83 -1021.67 99.06
-55.66 -1017.94 98.14
-53.89 -1018.86 97.41
-54.75 -1021.3 98.69
-56.52 -1016.66 99.37
-53.41 -1020.87 96.74
-54.44 -1020.75 99.06
-54.87 -1017.09 97.66
-53.65 -1019.41 98.33
-55.73 -1022.28 98.57
-55.05 -1018.07 100.16
-53.34 -1019.47 96.68
-54.57 -1020.2 98.63
-54.26 -1017.88 99.49
-56.03 -1018.86 97.41
-53.89 -1021.48 97.53
-54.81 -1017.64 98.21
-55.24 -1018.49 96.5
-54.5 -1022.22 98.08
-56.09 -1017.82 98.02
-53.89 -1019.23 97.47
-53.22 -1021.36 99.0
-55.36 -1018.37 98.45
-56.27 -1018.19 99.24
-54.81 -1021.0 102.66
-56.21 -1019.35 99.12
-53.59 -1018.68 101.5
-53.41 -1018.98 97.05
-55.66 -1018.92 99.73
-55.11 -1017.64 97.53
-54.44 -1021.61 98.88
-55.3 -1019.96 98.45
-53.22 -1017.58 98.45
-56.46 -1020.63 96.13
-54.99 -1020.51 92.9
-54.87 -1017.33 96.68
-55.3 -1021.79 97.29
-53.89 -1020.45 99.61
-53.77 -1018.43 98.39
-55.73 -1019.17 97.29
-54.99 -1021.06 99.3
-54.63 -1018.25 98.08
-54.32 -1017.21 97.96
-54.99 -1021.91 97.11
-55.79 -1018.98 98.08
-54.69 -1018.13 98.45
-53.28 -1021.55 97.66
-55.11 -1019.84 99.3
-55.24 -1016.78 96.92
-54.5 -1020.75 98.88
-55.6 -1020.26 98.82
-54.44 -1018.13 98.21
-53.71 -1018.8 98.02
-55.24 -1021.3 98.94
-54.08 -1019.23 97.11
-55.48 -1017.76 96.98
-53.22 -1021.61 98.21
-56.76 -1019.1 99.3
-54.38 -1019.1 99.61
-53.83 -1018.25 94.6
-54.75 -1021.55 100.4
-54.69 -1018.01 98.33
-55.05 -1018.19 97.41
-55.6 -1022.09 98.82
-54.14 -1020.26 99.79
-54.5 -1017.33 97.41
-54.81 -1019.35 98.39
-54.02 -1020.02 98.57
-56.58 -1017.88 96.8
-55.05 -1019.59 98.82
-54.2 -1020.26 95.15
-55.91 -1020.63 100.4
-54.5 -1018.68 98.14
-54.02 -1019.84 97.96
-55.91 -1020.08 96.92
-54.63 -1019.1 98.94
-54.14 -1018.55 98.63
-54.38 -1020.45 97.72
-55.3 -1021.06 99.0
