STEVAL-MKI197V1 (LSM6DSOX)

A_X [mg] 	 A_Y [mg] 	 A_Z [mg] 

-86.0 -1019.41 93.51
-87.28 -1016.6 95.89
-89.72 -1016.6 91.67
-87.1 -1017.33 93.08
-87.83 -1017.46 94.97
-89.72 -1015.93 92.29
-86.18 -1017.15 92.59
-85.69 -1017.76 93.51
-90.39 -1016.17 91.74
-87.59 -1017.4 92.47
-85.57 -1018.8 93.63
-88.26 -1015.99 94.12
-88.93 -1015.62 91.43
-86.24 -1017.76 92.16
-88.68 -1017.09 94.97
-89.17 -1016.48 91.86
-85.45 -1017.82 93.2
-87.22 -1017.46 93.99
-90.45 -1016.24 91.37
-87.16 -1017.33 93.51
-85.82 -1018.55 94.79
-88.99 -1015.99 93.02
-88.07 -1016.36 91.86
-86.91 -1017.94 92.53
-90.09 -1016.11 93.99
-89.11 -1017.21 92.83
-85.02 -1019.29 94.06
-87.89 -1017.03 95.58
-89.72 -1016.36 90.33
-86.79 -1018.37 92.83
-88.01 -1017.76 94.79
-90.09 -1016.3 91.55
-86.36 -1017.03 93.81
-85.45 -1018.01 94.06
-89.97 -1015.5 91.92
-88.38 -1016.85 91.55
-85.75 -1018.86 92.59
-88.62 -1016.6 94.3
-87.59 -1016.17 91.49
-85.21 -1018.31 92.47
-88.13 -1016.66 94.3
-90.33 -1016.05 90.09
-86.79 -1018.13 93.38
-86.85 -1017.64 95.34
-89.36 -1015.69 91.67
-86.49 -1017.09 92.41
-86.3 -1017.88 93.14
-90.15 -1016.3 91.74
-87.89 -1017.46 91.74
-85.45 -1019.04 93.81
-89.48 -1015.69 94.97
-88.62 -1016.42 92.59
-84.29 -1018.62 93.93
-87.59 -1016.72 95.09
-88.81 -1015.75 91.25
-84.72 -1017.82 93.99
-86.79 -1017.27 95.28
-89.78 -1016.66 91.8
-86.24 -1018.01 93.14
-86.55 -1018.74 93.51
-89.78 -1015.62 91.74
-86.55 -1017.46 93.57
-86.55 -1018.86 93.44
-89.72 -1015.5 91.86
-87.83 -1016.85 92.47
-85.39 -1018.43 92.77
-89.6 -1016.36 93.26
-87.59 -1016.97 91.31
-85.75 -1018.74 93.08
-89.36 -1016.05 93.08
-88.68 -1016.78 90.94
-84.41 -1018.62 93.57
-89.36 -1015.93 93.93
-89.05 -1016.36 90.82
-85.08 -1018.8 93.14
-89.36 -1016.05 93.93
-89.23 -1016.85 91.0
-84.9 -1019.17 93.26
-88.56 -1015.87 93.69
-88.44 -1016.11 90.58
-85.02 -1018.43 93.44
-89.42 -1016.11 93.99
-88.44 -1016.97 91.13
-84.66 -1018.37 93.87
-89.66 -1016.05 93.69
-87.95 -1016.6 91.49
-84.66 -1018.86 93.14
-90.09 -1015.99 93.51
-87.4 -1016.72 91.98
-85.27 -1018.68 93.38
-90.21 -1016.17 93.38
-87.71 -1017.4 91.61
-86.36 -1018.62 93.93
-90.76 -1015.81 91.98
-86.55 -1017.33 92.22
-86.98 -1017.52 94.42
-90.94 -1016.11 90.82
-84.59 -1018.13 93.26
-87.95 -1017.64 94.3
-89.78 -1015.69 90.27
-84.23 -1018.49 93.38
-90.09 -1016.3 93.63
-87.52 -1016.85 91.25
-84.96 -1018.55 93.51
-91.19 -1015.44 91.25
-85.45 -1017.7 91.98
-87.52 -1017.46 94.42
-89.72 -1016.3 90.15
-84.78 -1018.49 93.32
-90.27 -1016.11 93.26
-86.98 -1017.52 91.61
-85.88 -1017.94 94.6
-90.52 -1015.93 90.52
-83.68 -1018.55 93.32
-90.03 -1016.42 93.44
-86.98 -1017.7 91.43
-86.18 -1018.07 94.42
-90.82 -1016.05 91.19
-84.05 -1018.13 94.12
-90.33 -1015.99 93.44
-86.36 -1017.52 92.04
-86.67 -1017.7 94.91
-89.48 -1016.6 90.15
-84.78 -1019.35 93.99
-91.55 -1015.87 91.55
-83.37 -1018.62 93.63
-90.33 -1017.09 92.77
-86.55 -1017.64 91.25
-87.1 -1017.88 94.18
-91.0 -1016.17 89.6
-83.8 -1018.01 93.99
-91.19 -1015.99 92.83
-87.77 -1017.21 90.39
-85.51 -1018.68 93.69
-92.16 -1015.87 91.0
-87.89 -1017.88 91.19
-109.8 -1017.64 90.58
-104.43 -1016.11 87.16
-86.61 -1016.91 91.92
-75.38 -1016.05 89.66
-58.04 -1020.63 91.55
-73.79 -1018.43 92.96
-90.45 -1016.36 90.39
-97.6 -1016.11 94.6
-101.14 -1015.26 89.29
-79.41 -1019.29 89.48
-81.6 -1017.46 87.28
-80.44 -1018.37 85.21
-90.15 -1017.58 90.45
-96.19 -1016.54 88.13
-82.03 -1020.14 93.26
-86.49 -1017.82 89.42
-79.59 -1018.8 89.6
-93.2 -1015.44 89.23
-89.29 -1016.6 87.46
-85.88 -1017.94 92.35
-86.0 -1018.07 88.75
-81.54 -1019.78 93.69
-93.69 -1015.93 87.16
-83.68 -1017.4 90.58
-91.37 -1016.72 87.59
-78.8 -1019.78 90.27
-91.8 -1018.25 88.26
-82.76 -1018.55 89.97
-93.75 -1016.72 87.77
-80.81 -1017.94 90.58
-90.64 -1017.09 84.96
-81.36 -1018.43 90.21
-92.9 -1017.21 87.59
-84.23 -1017.64 92.77
-88.5 -1017.4 88.13
-82.64 -1016.91 91.67
-90.52 -1017.52 87.65
-83.13 -1017.21 91.19
-92.04 -1018.13 88.93
-82.09 -1018.49 88.68
-87.65 -1017.46 90.39
-86.79 -1017.58 88.07
-84.47 -1017.09 91.67
-91.06 -1017.52 87.34
-81.97 -1018.98 88.38
-89.11 -1017.82 90.27
-87.28 -1017.76 87.77
-84.05 -1017.64 91.19
-90.52 -1016.78 87.46
-82.89 -1018.01 88.44
-87.59 -1017.27 91.67
-88.62 -1017.52 88.32
-82.95 -1017.58 90.45
-90.76 -1016.91 88.56
-84.05 -1017.76 88.56
-86.12 -1017.58 92.41
-89.97 -1017.7 88.13
-82.34 -1018.62 90.21
-89.97 -1017.15 89.54
-84.96 -1017.46 88.5
-85.82 -1017.27 92.35
-89.66 -1017.58 87.46
-82.28 -1018.43 90.21
-90.15 -1017.4 89.78
-84.29 -1017.88 88.56
-85.75 -1017.33 92.1
-90.64 -1017.82 87.46
-82.52 -1017.76 90.45
-89.97 -1017.15 89.36
-84.72 -1018.25 89.29
-86.98 -1017.52 92.35
-88.5 -1018.13 87.95
-82.95 -1018.07 91.13
-90.76 -1017.64 88.26
-83.86 -1018.37 89.97
-88.13 -1017.15 91.19
-86.43 -1018.31 88.2
-84.72 -1017.58 92.04
-89.84 -1017.33 87.89
-82.58 -1017.7 90.21
-90.15 -1017.7 88.68
-84.23 -1018.43 89.48
-87.04 -1016.05 91.25
-87.65 -1018.01 88.75
-84.23 -1017.4 91.19
-91.0 -1017.46 87.28
-82.64 -1018.25 89.72
-89.6 -1017.76 88.87
-85.02 -1018.49 88.99
-86.73 -1016.3 91.43
-89.54 -1018.49 87.95
-82.46 -1017.52 90.03
-90.7 -1018.01 87.77
-83.98 -1018.01 89.17
-87.4 -1016.72 91.31
-87.65 -1018.31 88.5
-83.62 -1017.21 89.66
-90.15 -1018.37 87.22
-83.56 -1017.94 89.36
-88.26 -1017.21 90.88
-86.91 -1018.62 88.56
-84.23 -1016.91 90.7
-89.9 -1018.07 87.52
-83.98 -1018.37 88.99
-87.83 -1017.27 90.52
-86.36 -1018.55 88.62
-84.9 -1017.52 90.52
-90.15 -1018.01 87.65
-84.05 -1018.07 89.54
-88.44 -1016.6 91.13
-87.1 -1018.68 88.01
-83.68 -1017.88 89.9
-89.9 -1017.94 87.46
-83.98 -1018.8 89.42
-87.34 -1016.3 90.76
-88.44 -1018.62 87.95
-82.89 -1018.01 89.48
-88.75 -1016.97 89.42
-85.94 -1018.62 88.5
-84.17 -1017.27 89.78
-90.21 -1018.19 86.67
-83.92 -1018.49 89.23
-87.16 -1016.36 90.58
-88.44 -1018.49 87.65
-83.13 -1017.88 89.23
-87.83 -1017.03 90.88
-87.65 -1018.86 87.89
-83.5 -1017.88 89.36
-88.5 -1017.27 89.72
-86.67 -1018.49 88.38
-84.05 -1017.33 89.9
-88.87 -1017.15 88.99
-85.75 -1018.49 89.11
-84.35 -1017.33 89.66
-88.93 -1017.46 88.32
-84.84 -1018.25 89.17
-84.78 -1017.52 90.15
-89.17 -1017.88 87.95
-84.66 -1018.25 89.48
-85.63 -1017.64 90.03
-89.72 -1018.43 87.65
-84.23 -1018.01 89.17
-85.45 -1017.09 90.27
-89.17 -1017.94 87.1
-84.59 -1018.25 89.72
-85.69 -1017.7 90.64
-89.36 -1018.19 87.77
-84.29 -1018.07 89.6
-85.39 -1016.66 90.03
-89.29 -1017.7 87.52
-84.66 -1018.37 90.09
-84.9 -1017.64 89.9
-89.42 -1018.07 88.68
-84.66 -1018.43 89.36
-84.78 -1017.46 88.93
-89.29 -1016.91 89.17
-85.88 -1017.94 88.2
-84.41 -1018.01 89.72
-87.83 -1017.03 88.99
-86.85 -1018.13 88.26
-83.68 -1017.27 89.72
-88.68 -1017.03 88.99
-87.22 -1018.68 88.62
-84.11 -1017.46 89.54
-88.99 -1016.91 89.66
-86.49 -1018.55 88.26
-84.53 -1017.09 89.17
-88.44 -1017.09 90.39
-87.1 -1018.55 87.22
-84.53 -1017.82 90.15
-87.59 -1016.85 89.78
-87.22 -1019.53 87.28
-83.92 -1018.25 90.64
-87.83 -1016.3 88.99
-87.16 -1018.74 88.32
-83.86 -1018.01 89.36
-86.85 -1016.91 90.15
-87.95 -1017.82 87.22
-84.59 -1018.43 90.58
-87.22 -1016.91 89.05
-88.38 -1018.62 88.07
-83.56 -1018.13 90.39
-87.46 -1016.54 89.23
-87.89 -1018.01 88.87
-84.66 -1017.7 89.48
-86.73 -1017.09 89.17
-87.95 -1017.94 88.62
-84.35 -1018.37 89.66
-86.3 -1017.21 89.6
-88.26 -1017.94 88.62
-85.02 -1018.19 89.54
-86.36 -1016.78 89.48
-88.26 -1018.13 88.62
-84.66 -1018.31 89.42
-86.18 -1016.85 89.42
-88.07 -1018.49 88.5
-84.78 -1018.37 89.78
-86.3 -1017.15 89.29
-88.07 -1018.43 88.75
-84.78 -1018.55 89.23
-86.55 -1016.91 88.68
-88.01 -1018.07 88.87
-85.27 -1019.1 89.05
-86.49 -1017.46 88.87
-88.44 -1018.13 88.62
-84.59 -1019.35 89.72
-85.75 -1017.09 88.93
-88.68 -1017.76 88.62
-85.27 -1019.1 88.87
-86.36 -1016.66 88.75
-88.2 -1018.07 90.03
-85.27 -1018.62 87.52
-85.94 -1018.19 90.33
-88.13 -1016.6 88.56
-85.21 -1019.78 88.32
-85.51 -1016.78 88.44
-87.16 -1016.85 90.27
-86.61 -1019.53 87.52
-84.05 -1016.91 88.93
-87.46 -1016.6 89.9
-86.06 -1019.96 87.89
-85.21 -1018.13 89.72
-88.81 -1016.17 87.04
-86.85 -1017.46 86.36
-84.66 -1017.52 89.6
-86.61 -1016.17 88.75
-85.63 -1017.88 89.36
-83.74 -1019.41 91.31
-85.82 -1017.58 89.6
-87.52 -1018.37 88.93
-86.12 -1019.71 87.95
-87.4 -1017.52 87.34
-88.68 -1016.66 87.34
-86.67 -1018.55 86.79
-85.02 -1016.85 89.23
-87.1 -1017.4 89.23
-84.72 -1018.98 88.2
-84.17 -1017.76 90.64
-86.91 -1016.91 88.44
-85.94 -1018.19 86.91
-85.51 -1017.4 89.42
-87.71 -1017.46 87.83
-86.61 -1018.49 89.11
-84.66 -1018.13 89.17
-86.73 -1017.15 87.77
-86.73 -1018.13 89.48
-86.0 -1019.17 87.4
-85.45 -1017.46 89.72
-87.71 -1017.88 88.26
-86.0 -1018.86 87.4
-84.72 -1018.01 90.82
-88.13 -1016.48 87.52
-86.91 -1018.19 87.83
-84.59 -1019.29 90.03
-86.18 -1016.97 87.52
-87.46 -1017.33 88.87
-85.39 -1019.41 87.77
-86.3 -1017.33 89.66
-86.85 -1017.27 88.75
-86.85 -1018.43 87.71
-85.02 -1018.37 89.6
-88.01 -1017.09 87.65
-87.46 -1017.82 87.65
-85.27 -1019.04 88.99
-86.55 -1017.09 88.75
-87.4 -1017.46 88.81
-85.08 -1018.86 87.22
-85.08 -1017.15 90.33
-87.46 -1016.78 87.65
-86.0 -1018.01 87.65
-85.57 -1018.74 89.42
-86.73 -1016.91 88.13
-87.4 -1017.52 88.2
-85.33 -1018.86 87.4
-86.85 -1017.58 89.23
-87.89 -1017.46 87.95
-85.94 -1018.92 87.46
-85.45 -1018.43 90.03
-87.59 -1016.97 87.4
-87.04 -1018.01 88.38
-84.9 -1019.17 88.07
-85.75 -1017.52 88.68
-87.4 -1018.13 88.68
-85.45 -1019.29 87.04
-85.21 -1017.27 90.39
-87.16 -1016.17 87.77
-86.18 -1017.82 88.01
-85.33 -1018.74 89.29
-86.98 -1017.33 87.95
-87.28 -1017.94 88.5
-85.39 -1019.1 87.52
-85.51 -1017.15 89.05
-88.13 -1017.27 87.65
-85.75 -1018.8 87.1
-85.21 -1018.86 90.21
-87.71 -1016.6 86.73
-85.45 -1018.01 87.83
-85.21 -1019.17 88.2
-87.22 -1016.48 87.52
-87.95 -1017.15 88.44
-85.27 -1019.1 86.98
-85.51 -1017.52 89.9
-88.01 -1016.36 86.67
-85.27 -1019.17 87.83
-85.57 -1017.88 89.29
-87.95 -1017.64 87.04
-86.67 -1018.37 87.4
-84.84 -1019.84 89.05
-86.36 -1016.91 87.16
-87.65 -1017.76 87.77
-84.41 -1019.04 87.46
-86.61 -1018.07 88.68
-87.28 -1017.58 87.22
-85.75 -1018.8 86.85
-84.9 -1018.31 90.64
-88.62 -1016.91 85.82
-85.39 -1018.25 87.59
-85.33 -1019.47 88.5
-87.16 -1016.42 87.1
-87.46 -1018.37 88.2
-84.78 -1019.47 87.04
-85.69 -1017.88 88.87
-88.07 -1017.03 86.55
-84.78 -1019.23 87.34
-85.82 -1018.19 89.6
-87.4 -1016.72 86.55
-86.06 -1018.37 87.34
-84.59 -1018.31 88.5
-87.52 -1017.15 87.22
-87.95 -1017.21 87.34
-84.41 -1019.17 86.91
-86.3 -1017.03 88.38
-87.34 -1016.91 86.67
-84.96 -1018.98 87.65
-85.63 -1018.37 88.99
-87.59 -1016.78 86.18
-86.49 -1018.13 86.49
-84.53 -1018.68 87.95
-87.22 -1016.54 86.43
-86.61 -1017.94 87.28
-85.33 -1019.35 85.51
-86.3 -1017.76 88.38
-87.65 -1016.91 85.82
-85.75 -1019.59 86.49
-84.66 -1018.13 89.42
-88.32 -1016.6 84.29
-86.36 -1018.43 86.73
-84.53 -1019.47 88.93
-87.59 -1016.36 85.82
-87.22 -1016.85 86.0
-84.78 -1020.2 86.67
-86.24 -1017.03 87.52
-86.98 -1017.03 85.82
-84.9 -1019.65 85.21
-85.94 -1018.68 88.99
-88.26 -1016.48 84.84
-86.24 -1018.92 85.39
-84.78 -1019.29 88.62
-87.16 -1017.03 85.27
-86.79 -1017.94 85.69
-84.66 -1020.14 87.22
-86.0 -1016.85 87.04
-87.71 -1017.7 85.14
-84.35 -1020.14 86.0
-85.94 -1016.72 88.07
-87.59 -1017.33 85.57
-84.23 -1018.98 87.04
-85.69 -1018.07 87.59
-87.89 -1017.4 85.45
-85.63 -1018.19 86.36
-84.59 -1020.32 87.34
-87.16 -1016.97 85.94
-86.43 -1017.27 86.43
-84.23 -1019.41 85.21
-86.12 -1017.15 87.89
-87.65 -1017.46 85.51
-85.08 -1018.68 85.63
-85.45 -1018.49 87.83
-88.2 -1016.78 84.84
-86.06 -1017.94 86.06
-84.11 -1019.84 86.3
-86.85 -1017.58 86.79
-87.22 -1017.7 86.91
-83.74 -1018.74 85.75
-86.24 -1017.94 88.75
-87.71 -1017.03 84.66
-85.69 -1018.01 86.55
-84.41 -1020.14 86.91
-88.01 -1017.21 85.94
-86.67 -1017.58 86.12
-83.98 -1018.74 85.75
-85.51 -1017.76 88.75
-87.77 -1016.97 84.72
-85.45 -1017.82 85.94
-84.84 -1019.1 86.85
-87.04 -1016.97 86.18
-86.98 -1016.91 86.0
-84.23 -1019.53 85.82
-85.75 -1017.58 87.83
-88.44 -1016.91 84.47
-85.75 -1018.68 86.06
-84.9 -1019.9 87.22
-87.46 -1016.78 85.94
-86.91 -1017.21 85.94
-84.17 -1019.84 85.75
-85.94 -1018.25 88.32
-88.13 -1017.64 84.66
-85.69 -1018.07 86.36
-84.66 -1018.49 87.1
-87.77 -1017.09 85.63
-86.67 -1017.7 85.82
-83.86 -1018.98 85.57
-85.69 -1017.7 88.38
-87.95 -1017.64 85.21
-85.14 -1018.62 86.49
-84.41 -1019.29 87.59
-87.22 -1017.4 85.39
-87.04 -1017.88 85.75
-83.86 -1019.59 85.82
-86.24 -1017.27 88.32
-88.26 -1016.97 84.96
-84.72 -1018.86 85.82
-84.59 -1018.19 87.28
-88.07 -1017.52 85.02
-86.67 -1017.46 86.0
-84.11 -1019.1 85.88
-86.18 -1018.01 88.2
-87.95 -1017.21 84.41
-84.78 -1018.68 86.12
-85.45 -1018.98 87.65
-88.32 -1017.4 84.66
-86.36 -1017.4 86.0
-83.68 -1019.1 85.63
-85.69 -1017.94 87.52
-87.59 -1016.78 84.72
-84.9 -1018.8 86.18
-85.69 -1018.98 87.59
-87.71 -1017.03 84.84
-86.0 -1018.07 86.0
-83.92 -1019.96 85.39
-86.79 -1016.72 86.91
-87.46 -1017.33 85.02
-84.41 -1019.04 86.12
-85.21 -1019.04 88.38
-87.89 -1016.97 84.29
-85.27 -1017.94 85.82
-84.05 -1019.71 86.49
-87.28 -1017.52 86.18
-87.28 -1017.7 85.08
-84.11 -1019.23 85.75
-85.51 -1018.74 88.38
-88.13 -1017.46 84.17
-85.39 -1018.19 86.06
-84.84 -1019.53 86.73
-87.59 -1017.27 85.57
-86.91 -1017.94 85.39
-83.25 -1019.47 86.06
-86.36 -1018.19 88.13
-88.01 -1017.09 84.72
-84.47 -1018.49 85.94
-83.92 -1019.04 87.34
-87.89 -1016.91 85.57
-86.79 -1017.7 85.02
-84.05 -1019.47 86.24
-86.36 -1017.82 88.26
-87.4 -1017.03 84.59
-84.41 -1018.31 86.18
-85.39 -1018.74 87.71
-87.83 -1017.21 84.72
-86.0 -1017.46 85.51
-83.8 -1019.23 85.94
-87.77 -1017.09 86.67
-87.16 -1017.82 84.72
-84.72 -1019.17 86.0
-85.88 -1018.55 88.68
-88.26 -1017.46 84.53
-85.69 -1018.98 85.94
-84.53 -1018.74 87.16
-87.65 -1017.52 85.82
-86.55 -1018.01 85.21
-84.17 -1019.23 85.88
-86.24 -1017.58 87.34
-87.46 -1017.03 85.02
-84.11 -1018.68 86.06
-85.14 -1018.62 88.07
-88.38 -1017.27 84.96
-86.06 -1018.19 85.51
-84.17 -1019.23 86.67
-87.46 -1017.4 86.61
-87.22 -1017.15 84.96
-84.11 -1019.35 86.0
-86.49 -1017.46 88.2
-87.83 -1017.64 84.35
-84.9 -1018.98 85.88
-84.41 -1019.23 87.22
-87.95 -1017.21 85.39
-85.82 -1017.76 85.82
-83.62 -1019.47 86.3
-87.65 -1017.58 86.79
-86.98 -1017.52 84.53
-83.74 -1019.35 86.43
-86.55 -1018.43 87.46
-88.07 -1016.97 83.8
-85.21 -1018.49 86.18
-84.78 -1019.78 86.85
-88.01 -1016.78 85.51
-86.36 -1017.52 85.33
-83.62 -1019.9 85.82
-86.79 -1016.85 87.46
-87.65 -1017.33 84.47
-84.72 -1019.04 86.18
-85.39 -1018.62 87.16
-88.5 -1017.03 84.72
-86.18 -1018.43 85.51
-83.68 -1019.71 86.49
-88.32 -1017.64 86.0
-87.04 -1018.07 84.59
-83.62 -1019.84 86.61
-86.85 -1017.7 87.52
-88.01 -1017.15 84.53
-84.17 -1018.68 86.06
-85.63 -1019.9 88.38
-87.83 -1017.64 83.8
-85.45 -1018.55 85.75
-84.59 -1019.47 85.82
-87.77 -1017.4 86.73
-86.98 -1016.97 84.35
-83.44 -1019.47 86.61
-86.85 -1018.31 87.34
-88.32 -1017.03 83.74
-84.17 -1019.23 87.1
-86.0 -1018.8 87.46
-87.89 -1017.33 84.96
-85.45 -1018.98 85.51
-84.05 -1019.78 86.61
-88.2 -1017.21 86.55
-86.98 -1017.82 83.92
-83.56 -1019.53 86.91
-87.04 -1017.76 87.16
-88.5 -1016.72 84.05
-84.29 -1019.17 86.36
-85.33 -1019.29 87.04
-89.48 -1017.33 84.9
-85.82 -1018.19 84.9
-84.78 -1020.08 86.67
-87.22 -1017.21 87.1
-87.1 -1017.64 84.05
-83.8 -1019.23 86.0
-86.49 -1017.94 89.05
-87.59 -1017.27 84.11
-83.07 -1018.19 86.06
-86.36 -1017.94 87.04
-89.48 -1016.48 83.19
-85.21 -1018.37 85.27
-84.96 -1019.59 87.16
-88.87 -1017.27 85.33
-85.45 -1018.25 85.57
-84.35 -1020.02 87.34
-88.62 -1017.64 86.61
-86.67 -1017.94 84.9
-83.31 -1019.9 87.16
-87.59 -1017.64 87.16
-88.81 -1017.4 83.31
-83.86 -1018.98 86.24
-86.24 -1018.07 87.83
-88.07 -1016.85 83.8
-83.86 -1018.8 86.0
-85.88 -1018.55 87.95
-89.42 -1017.03 83.44
-83.19 -1019.47 86.49
-85.27 -1018.86 87.1
-88.81 -1017.33 84.29
-84.05 -1019.29 86.18
-85.33 -1019.29 87.46
-88.93 -1016.6 83.86
-83.5 -1018.43 86.06
-85.45 -1018.74 87.52
-89.42 -1016.97 84.11
-84.17 -1018.8 86.43
-84.9 -1018.8 87.52
-88.99 -1016.97 83.5
-83.13 -1018.68 86.55
-86.49 -1018.43 87.46
-88.75 -1017.46 83.62
-83.31 -1019.65 86.61
-87.1 -1017.33 87.28
-87.83 -1017.15 83.5
-83.25 -1019.17 86.85
-88.2 -1016.66 86.79
-86.36 -1017.4 84.41
-84.05 -1020.02 86.85
-89.6 -1016.24 85.39
-84.17 -1018.55 85.51
-85.02 -1018.49 87.59
-88.2 -1016.78 83.68
-82.64 -1019.96 86.79
-88.01 -1017.27 86.98
-86.91 -1017.88 84.84
-83.56 -1020.32 87.52
-89.48 -1017.27 84.78
-83.25 -1018.86 86.49
-87.1 -1017.21 87.1
-87.28 -1017.15 83.92
-83.13 -1019.96 87.34
-90.45 -1016.66 84.53
-82.21 -1019.41 87.16
-88.75 -1017.88 86.43
-86.3 -1018.01 83.8
-83.07 -1018.92 87.04
-89.9 -1017.03 85.82
-83.37 -1018.31 85.45
-85.88 -1018.86 87.46
-89.42 -1017.4 83.86
-82.15 -1019.53 86.98
-87.52 -1017.76 86.79
-88.62 -1017.09 83.07
-82.15 -1019.47 87.71
-89.17 -1017.52 86.36
-85.82 -1017.64 83.5
-83.31 -1019.53 87.77
-90.76 -1017.4 85.39
-83.31 -1019.1 85.45
-85.08 -1018.68 87.34
-89.72 -1017.15 83.56
-81.42 -1019.41 86.61
-89.05 -1018.25 86.79
-87.71 -1018.37 82.58
-82.28 -1018.98 88.93
-90.15 -1017.21 85.57
-83.56 -1018.74 85.02
-84.9 -1018.86 87.16
-90.15 -1016.85 84.05
-81.67 -1019.29 87.34
-89.72 -1017.52 85.14
-84.84 -1018.86 83.62
-84.17 -1018.62 88.81
-90.03 -1017.09 83.92
-81.3 -1019.1 87.83
-90.03 -1017.46 84.72
-84.05 -1019.47 83.25
-85.57 -1018.19 88.2
-88.75 -1017.76 78.92
-81.73 -1018.55 88.75
-91.74 -1017.64 83.37
-80.69 -1019.1 86.79
-91.25 -1017.46 84.53
-80.75 -1018.43 85.75
-90.7 -1017.76 85.33
-81.12 -1018.8 84.29
-90.21 -1017.82 85.57
-82.34 -1018.62 84.84
-89.66 -1017.64 86.0
-83.01 -1018.43 85.33
-89.29 -1017.82 86.12
-84.05 -1018.86 85.39
-85.75 -1017.94 87.71
-88.07 -1018.31 84.05
-82.34 -1018.68 87.65
-90.09 -1017.82 84.41
-83.25 -1018.49 84.96
-86.06 -1017.88 87.95
-88.99 -1018.13 84.47
-81.79 -1018.92 85.57
-87.59 -1017.88 86.91
-87.77 -1018.43 84.66
-82.28 -1018.92 86.61
-88.87 -1018.62 86.06
-87.46 -1018.13 84.78
-82.09 -1019.1 87.34
-89.48 -1017.94 85.33
