c 
27.47 -5.74 991.33 
30.03 -4.39 992.68 
29.30 -5.74 994.02 
26.00 -2.56 992.19 
25.76 -1.46 993.65 
23.93 -2.56 994.14 
28.08 -4.27 993.04 
28.32 -5.37 992.80 
30.15 -4.64 991.82 
29.91 -5.98 994.38 
28.20 -2.93 992.43 
24.66 -1.95 993.04 
24.90 -2.08 993.90 
28.20 -3.91 993.53 
27.83 -5.37 993.04 
28.44 -5.13 991.82 
28.56 -5.49 994.26 
28.93 -3.05 992.55 
25.15 -1.83 992.92 
24.78 -1.95 993.29 
27.59 -4.39 992.68 
32.71 -5.98 992.68 
27.34 -3.54 991.94 
25.63 -3.05 993.53 
28.81 -5.74 992.43 
24.05 -3.05 994.38 
24.17 -0.49 993.29 
33.81 -2.20 991.70 
30.64 -6.35 991.09 
25.63 -5.25 992.80 
27.47 -5.62 994.26 
27.47 -2.20 992.68 
24.41 -0.98 994.51 
26.98 -4.64 991.46 
27.83 -3.54 993.29 
29.79 -3.78 992.31 
23.93 -5.00 993.29 
26.25 -6.84 994.02 
31.49 -2.93 991.94 
29.30 -1.95 992.19 
24.54 -1.34 993.90 
26.49 -2.81 992.92 
28.69 -5.86 991.82 
24.78 -4.27 993.41 
27.83 -3.78 992.80 
31.01 -5.98 990.48 
26.86 -1.71 993.04 
26.12 -0.98 994.14 
24.41 -4.15 992.31 
22.83 -5.74 994.02 
28.93 -4.64 992.07 
32.47 -5.86 992.55 
29.79 -3.54 991.58 
24.78 -2.32 994.14 
29.42 -3.91 990.97 
26.49 -4.15 993.90 
20.39 -3.05 994.38 
30.03 -4.15 992.68 
37.23 -7.20 991.70 
28.69 -3.30 993.04 
20.51 -1.95 994.87 
23.07 -1.83 993.65 
27.59 -3.30 992.19 
27.47 -5.37 993.65 
32.23 -5.00 990.72 
28.44 -3.66 993.53 
26.49 -3.78 993.04 
26.73 -4.76 991.21 
24.29 -2.32 995.61 
29.42 -1.83 992.80 
32.96 -4.52 990.97 
29.17 -5.13 991.21 
25.76 -6.47 995.00 
26.98 -2.69 992.80 
25.63 -1.83 993.29 
27.83 -3.66 992.19 
26.49 -4.15 993.16 
26.61 -3.66 993.04 
30.64 -4.27 991.46 
25.15 -6.35 993.77 
24.17 -3.66 993.29 
29.66 -2.08 992.31 
28.44 -1.22 993.04 
27.47 -3.17 993.29 
26.00 -6.35 992.68 
27.47 -4.76 991.58 
23.93 -3.78 993.77 
27.95 -3.30 993.65 
32.59 -5.37 990.23 
24.41 -1.59 994.87 
26.00 -2.20 992.80 
23.07 -7.20 993.65 
26.73 -4.64 992.43 
33.08 -6.96 993.16 
30.52 -3.42 991.58 
26.00 -2.56 992.68 
22.71 -2.56 994.26 
29.66 -5.13 991.46 
27.95 -4.64 993.90 
22.95 -3.05 995.24 
30.76 -6.35 990.84 
35.52 -4.27 991.09 
25.27 -1.83 993.90 
17.70 -2.44 994.63 
25.63 -2.93 992.55 
28.44 -5.98 992.55 
29.91 -4.15 992.19 
30.15 -5.37 991.09 
29.79 -3.30 994.87 
26.37 -4.03 991.58 
22.71 -2.44 992.31 
27.59 -3.17 993.77 
31.01 -4.52 991.33 
33.20 -3.78 989.75 
28.32 -7.08 994.51 
26.37 -3.42 993.41 
25.02 -0.61 992.80 
22.46 -1.95 993.29 
30.76 -5.13 990.36 
27.34 -4.39 993.77 
28.32 -4.03 992.31 
30.64 -6.23 992.31 
24.78 -5.00 992.31 
24.54 -2.20 993.65 
27.83 -0.73 992.55 
30.76 -3.05 991.94 
26.73 -5.98 992.68 
26.86 -4.03 991.94 
28.93 -6.10 993.04 
24.17 -1.46 992.80 
26.86 -3.42 992.80 
30.76 -3.78 991.21 
26.86 -1.71 992.92 
23.56 -4.64 992.19 
22.95 -5.62 992.68 
29.91 -6.59 992.68 
33.33 -3.78 990.72 
28.20 -2.56 991.94 
23.68 -1.95 993.29 
26.86 -3.30 993.29 
27.34 -5.74 991.82 
28.32 -3.66 992.55 
26.12 -5.13 993.77 
29.42 -3.91 989.87 
30.88 -1.34 993.16 
22.34 -2.32 994.14 
22.83 -3.30 992.55 
28.08 -5.00 992.07 
29.91 -4.52 991.58 
29.79 -6.59 993.65 
28.56 -2.56 991.70 
28.20 -3.05 993.77 
26.37 -3.78 991.94 
21.48 -2.08 994.02 
27.95 -4.76 992.31 
32.35 -4.88 990.23 
32.71 -4.76 992.80 
26.61 -4.03 993.29 
24.17 -1.83 993.53 
23.44 -2.20 992.68 
27.71 -2.44 993.16 
32.59 -6.10 992.43 
27.47 -4.27 991.70 
25.02 -3.17 992.68 
29.91 -6.47 993.29 
25.39 -3.30 991.94 
21.85 -0.61 994.14 
30.40 -1.10 991.70 
29.91 -6.10 992.19 
27.10 -5.74 991.82 
27.71 -5.13 992.92 
29.42 -4.15 992.43 
23.68 -0.85 993.29 
26.49 -2.93 992.07 
28.69 -3.91 992.31 
28.81 -2.20 992.19 
22.83 -4.15 992.43 
24.29 -7.08 993.53 
31.37 -4.64 991.33 
31.86 -2.08 991.33 
25.51 -2.08 992.07 
24.54 -2.69 992.92 
27.71 -4.88 992.68 
25.88 -5.13 992.31 
28.08 -3.91 991.94 
28.69 -5.49 991.70 
28.81 -1.95 990.11 
26.86 -1.10 993.90 
23.68 -3.54 992.55 
23.68 -5.25 992.55 
27.71 -4.64 992.07 
31.01 -4.88 991.09 
30.27 -5.25 992.31 
25.15 -1.22 992.68 
27.22 -3.54 991.58 
26.86 -4.39 991.94 
21.48 -1.71 993.90 
29.30 -5.00 990.97 
35.40 -5.37 990.36 
30.52 -4.39 993.04 
23.07 -1.71 992.31 
21.61 -1.34 992.80 
27.22 -2.93 992.55 
29.79 -4.27 991.94 
32.23 -5.98 992.43 
27.22 -4.03 990.84 
24.90 -3.05 993.16 
29.05 -5.62 990.84 
23.56 -2.32 993.29 
25.15 -1.83 993.16 
31.86 -2.93 991.21 
29.42 -6.10 991.33 
26.00 -4.52 992.80 
27.59 -5.13 993.53 
27.83 -2.20 990.97 
25.51 -1.46 993.77 
26.49 -3.66 990.48 
26.61 -3.54 993.29 
29.79 -2.81 991.70 
23.93 -5.13 992.92 
25.02 -6.35 992.92 
30.64 -2.56 990.97 
29.30 -1.34 991.46 
25.15 -1.83 993.04 
25.63 -3.66 992.43 
27.95 -5.13 991.82 
25.51 -3.54 992.68 
28.44 -3.54 992.92 
31.13 -5.25 990.23 
25.76 -0.61 993.04 
26.61 -1.10 992.68 
24.90 -5.25 992.31 
25.02 -5.86 992.07 
31.25 -3.66 991.46 
31.74 -5.62 992.31 
27.47 -2.32 991.21 
22.58 -1.59 994.02 
29.91 -3.78 990.36 
27.95 -3.78 992.55 
21.85 -1.95 994.63 
29.91 -4.88 991.09 
37.35 -5.86 990.48 
28.44 -1.95 993.04 
19.04 -1.10 994.63 
22.83 -1.71 991.82 
28.20 -2.93 991.33 
28.44 -4.88 993.41 
32.71 -4.64 991.58 
28.81 -3.30 993.90 
26.12 -3.17 992.43 
25.27 -3.91 991.82 
25.27 -2.44 994.63 
29.42 -1.34 991.82 
32.96 -4.27 990.48 
30.52 -4.39 992.31 
26.98 -4.88 994.26 
26.00 -1.34 993.41 
24.29 -0.73 993.65 
27.95 -3.30 991.33 
26.61 -3.30 993.16 
27.83 -2.56 993.16 
31.74 -4.03 992.07 
24.78 -5.86 994.02 
24.90 -2.44 993.04 
30.27 -0.61 992.68 
29.42 -0.37 993.16 
27.47 -3.30 993.04 
26.49 -5.25 992.31 
28.81 -3.30 991.94 
24.29 -2.81 993.65 
27.59 -2.08 993.53 
32.71 -3.54 989.50 
25.76 0.24 994.63 
25.76 -1.22 992.19 
21.24 -5.74 993.41 
25.88 -3.91 993.29 
33.94 -5.13 993.41 
32.71 -2.44 990.97 
28.69 -1.22 992.31 
24.29 -1.22 993.77 
28.93 -3.66 991.33 
26.61 -3.05 993.53 
23.32 -2.44 994.87 
31.25 -5.49 991.33 
35.52 -1.71 991.70 
25.27 -0.98 994.14 
18.92 -1.10 993.65 
25.51 -2.20 992.68 
28.81 -5.00 992.55 
29.42 -3.66 992.92 
32.96 -3.54 992.07 
29.91 -1.95 994.51 
26.37 -2.56 991.46 
22.09 -1.46 993.29 
28.32 -2.32 994.02 
32.23 -4.27 990.84 
33.33 -3.66 991.09 
28.08 -5.25 994.87 
24.05 -2.81 993.53 
24.05 -0.49 993.04 
24.78 -0.85 993.04 
32.47 -4.52 990.48 
26.73 -3.78 992.92 
27.59 -3.05 993.16 
31.86 -5.00 992.55 
25.63 -3.42 992.19 
23.19 -1.59 993.77 
28.32 0.24 993.41 
31.62 -1.22 991.82 
26.73 -5.13 991.58 
26.73 -3.54 992.19 
29.66 -5.25 994.51 
24.78 1.10 993.41 
26.61 -2.44 993.16 
30.40 -3.30 992.68 
27.59 -0.24 993.41 
24.54 -3.54 993.04 
22.83 -4.15 994.26 
28.69 -6.23 993.53 
34.18 -3.42 991.58 
30.76 -1.34 992.07 
24.17 -0.24 993.90 
27.71 -1.34 993.29 
26.61 -4.76 992.43 
28.08 -3.17 993.29 
26.49 -4.03 994.26 
30.52 -3.66 990.23 
32.71 -1.95 993.53 
23.32 -1.71 994.75 
21.12 -3.05 992.80 
24.29 -4.39 993.04 
29.79 -3.91 992.31 
32.59 -5.86 992.92 
30.52 -1.59 991.58 
28.56 -2.32 993.53 
25.15 -3.17 992.43 
22.22 -0.37 995.00 
28.69 -4.52 992.43 
34.06 -4.27 989.14 
33.20 -4.52 992.55 
25.15 -2.20 995.24 
23.93 -1.59 992.68 
23.19 -1.22 993.90 
26.61 -2.20 992.31 
32.96 -5.62 992.31 
27.71 -3.78 991.82 
26.86 -2.32 994.02 
31.86 -4.64 993.41 
24.54 -3.42 992.07 
22.83 -0.85 994.14 
31.86 0.49 992.68 
30.27 -4.15 992.43 
27.83 -5.37 990.23 
28.93 -5.25 994.02 
27.83 -4.39 993.65 
24.05 0.61 993.04 
25.76 -3.54 992.68 
28.44 -2.93 992.68 
29.05 -1.22 992.19 
22.71 -3.42 993.16 
23.44 -6.84 993.41 
32.23 -5.74 991.70 
33.57 -0.98 991.70 
27.10 -0.85 992.92 
24.17 -1.46 993.41 
27.59 -3.91 992.55 
25.76 -4.52 992.80 
29.79 -3.42 992.19 
29.54 -5.00 992.80 
25.51 -1.10 991.82 
32.10 -3.54 992.07 
27.47 -3.05 993.29 
25.02 -4.39 992.68 
26.25 -3.54 992.31 
28.08 -2.32 992.55 
28.20 -3.42 993.16 
28.32 -3.42 991.82 
27.10 -4.76 987.79 
