c 
27.95 -3.54 990.72 
27.71 -3.42 990.84 
27.34 -2.81 990.60 
27.10 -3.17 991.09 
27.47 -2.69 991.33 
27.71 -3.66 991.21 
27.22 -3.30 991.46 
27.59 -2.93 991.21 
27.10 -2.81 991.33 
27.34 -3.30 991.58 
26.98 -3.42 990.97 
27.71 -2.81 991.94 
27.71 -3.42 991.70 
26.98 -3.30 991.70 
27.47 -3.05 991.58 
27.22 -2.69 992.07 
27.47 -3.30 991.94 
27.59 -3.66 992.07 
27.59 -2.81 991.70 
27.59 -3.05 991.70 
27.22 -3.30 991.82 
27.22 -3.30 991.70 
27.59 -3.05 992.19 
27.22 -3.42 991.94 
27.71 -2.69 991.82 
26.86 -2.69 991.94 
27.34 -2.81 991.94 
27.34 -3.17 991.58 
27.34 -4.03 992.19 
27.47 -3.42 991.58 
26.86 -2.93 992.19 
27.59 -3.42 992.55 
26.86 -3.05 992.43 
27.95 -3.30 991.70 
27.83 -3.05 991.58 
27.59 -3.54 992.07 
27.59 -3.54 991.94 
27.71 -3.17 991.58 
27.71 -2.81 991.70 
27.34 -2.69 992.19 
26.86 -2.93 992.07 
27.59 -2.44 991.70 
27.59 -3.17 991.70 
27.34 -2.81 991.58 
26.61 -2.56 991.58 
26.86 -3.42 991.82 
27.34 -3.17 991.58 
27.59 -2.69 991.94 
27.22 -2.93 992.19 
27.47 -2.93 992.07 
27.47 -3.17 991.94 
27.22 -3.17 991.82 
27.59 -3.17 991.94 
27.22 -2.69 991.82 
27.34 -2.81 991.94 
26.86 -2.81 991.70 
27.83 -2.20 991.46 
27.22 -2.69 991.82 
27.34 -2.56 991.94 
27.34 -2.93 991.82 
26.86 -2.44 992.07 
27.10 -3.05 992.07 
27.34 -3.30 992.31 
26.98 -3.42 991.70 
27.47 -3.05 991.70 
27.59 -3.05 992.07 
27.83 -3.30 991.94 
26.86 -3.66 991.94 
27.22 -3.42 992.19 
27.59 -2.93 992.43 
27.34 -2.44 992.19 
27.71 -2.93 991.70 
27.34 -3.42 992.07 
27.34 -2.69 992.19 
27.22 -3.17 992.07 
27.10 -3.30 992.31 
27.71 -3.17 992.31 
27.34 -3.05 992.07 
27.10 -3.66 992.43 
27.10 -2.81 992.19 
27.83 -3.42 992.43 
27.10 -2.69 991.94 
27.22 -3.17 992.55 
27.95 -3.05 991.82 
26.86 -2.81 991.82 
26.98 -2.93 991.70 
27.22 -2.56 992.19 
27.47 -3.30 991.94 
27.47 -3.42 991.70 
27.83 -3.78 991.70 
27.22 -3.42 991.70 
27.83 -3.05 991.82 
27.34 -3.42 992.07 
27.47 -2.44 991.94 
27.71 -3.17 991.46 
27.22 -2.93 991.94 
27.34 -3.17 991.70 
27.47 -3.66 991.46 
26.86 -3.17 992.07 
27.34 -3.05 991.46 
27.10 -3.54 991.94 
27.47 -2.56 991.58 
27.34 -3.54 991.82 
27.34 -2.81 992.07 
27.34 -2.69 991.82 
26.98 -3.54 992.07 
27.10 -2.81 991.21 
27.22 -2.81 991.33 
27.22 -3.05 992.07 
27.22 -3.05 991.58 
27.34 -3.17 991.46 
27.71 -3.17 991.46 
27.47 -3.42 991.94 
27.10 -3.42 991.58 
27.34 -3.42 991.46 
27.47 -3.30 991.46 
27.83 -3.05 991.70 
27.59 -3.05 991.70 
27.10 -3.17 991.94 
27.47 -2.20 991.58 
27.71 -2.93 991.33 
27.34 -2.69 991.33 
26.98 -2.81 990.84 
26.86 -3.42 990.84 
26.73 -2.56 991.58 
27.71 -3.42 991.09 
26.98 -3.17 991.09 
27.10 -3.17 991.70 
26.73 -2.81 991.21 
27.47 -2.69 991.46 
26.98 -3.66 991.58 
27.34 -3.42 991.58 
27.22 -3.05 990.48 
27.10 -3.05 991.09 
27.22 -2.93 991.58 
27.59 -2.93 990.97 
27.59 -3.30 991.33 
27.22 -3.05 990.97 
27.22 -3.05 991.46 
27.59 -3.17 991.33 
27.22 -3.30 991.58 
27.59 -3.05 991.33 
27.47 -3.05 991.21 
27.83 -3.05 991.33 
27.34 -3.54 991.46 
27.34 -3.17 991.33 
27.34 -2.93 991.09 
26.98 -2.44 991.58 
27.10 -3.30 991.70 
27.59 -3.17 991.82 
27.10 -3.05 991.94 
26.86 -3.17 991.82 
27.59 -3.42 991.82 
27.47 -2.56 991.70 
28.08 -3.17 991.82 
27.10 -3.42 992.07 
27.34 -3.42 991.70 
28.20 -3.30 991.46 
27.71 -2.69 991.94 
27.71 -3.78 991.46 
27.22 -3.17 991.46 
27.34 -2.93 991.82 
27.47 -3.42 991.82 
27.47 -2.69 991.94 
26.86 -3.05 992.19 
27.34 -3.05 991.94 
27.71 -2.56 991.82 
27.34 -2.44 991.82 
27.59 -3.17 992.31 
27.10 -3.54 991.82 
27.47 -2.93 992.07 
27.10 -2.44 992.07 
27.10 -3.05 991.94 
27.10 -2.81 992.31 
26.98 -3.42 992.07 
27.22 -2.93 992.43 
27.10 -3.17 992.55 
28.08 -3.05 991.94 
27.34 -2.81 992.19 
27.59 -2.69 992.19 
27.34 -3.17 992.43 
27.22 -3.17 992.19 
27.34 -3.05 992.55 
27.22 -3.05 992.19 
27.47 -3.05 992.43 
27.10 -2.93 991.94 
26.73 -2.69 992.43 
27.95 -3.17 992.55 
27.47 -3.54 992.80 
27.71 -3.30 992.55 
27.59 -2.93 992.31 
27.10 -3.05 992.19 
26.98 -3.05 992.92 
26.98 -2.93 992.68 
27.59 -2.44 992.55 
27.71 -3.05 992.31 
26.98 -3.05 992.31 
27.47 -2.81 992.31 
27.10 -3.54 992.43 
27.10 -3.42 992.43 
27.22 -2.69 992.55 
26.86 -3.05 992.68 
26.86 -2.44 992.55 
26.98 -2.32 992.92 
27.10 -3.42 992.31 
26.61 -2.81 992.43 
27.59 -3.05 992.68 
27.59 -2.93 992.31 
27.22 -2.56 992.55 
26.61 -2.44 992.55 
27.10 -3.42 992.19 
27.22 -2.81 992.31 
27.22 -2.93 992.43 
26.98 -2.44 992.68 
27.47 -2.93 992.80 
26.98 -2.56 992.19 
27.83 -2.81 992.92 
27.83 -2.69 992.80 
27.71 -3.17 992.68 
27.34 -3.05 992.31 
26.86 -3.30 992.31 
27.10 -3.17 991.94 
27.59 -3.17 991.82 
26.98 -3.42 992.19 
26.98 -2.93 992.68 
26.86 -2.69 992.07 
27.47 -2.93 992.55 
27.22 -3.17 991.94 
27.34 -3.30 992.07 
27.34 -2.56 992.19 
27.47 -3.05 992.19 
27.34 -3.17 992.19 
27.22 -2.81 992.07 
27.10 -3.42 992.43 
26.73 -3.30 992.55 
27.34 -3.17 992.31 
27.71 -2.44 992.07 
26.86 -2.81 991.82 
26.86 -2.69 991.94 
27.59 -3.42 992.31 
27.47 -2.93 992.31 
27.71 -3.54 992.19 
27.83 -2.56 992.19 
26.98 -2.69 991.82 
26.73 -2.56 991.82 
27.71 -2.56 991.82 
27.34 -3.05 992.43 
27.10 -3.30 991.94 
27.34 -3.54 992.19 
27.71 -2.81 991.58 
27.47 -2.69 992.19 
27.22 -3.30 991.46 
27.10 -3.05 992.07 
27.34 -2.44 992.07 
27.71 -2.69 992.55 
27.22 -2.32 991.94 
27.10 -2.81 992.19 
27.10 -2.81 992.19 
27.47 -2.81 992.19 
27.10 -2.56 991.94 
26.73 -2.20 991.33 
27.34 -3.30 992.43 
27.22 -2.56 991.94 
27.34 -2.69 991.70 
26.86 -3.30 991.82 
28.08 -3.05 992.55 
26.98 -3.17 992.92 
27.59 -2.81 991.94 
26.98 -2.44 992.43 
27.34 -2.56 992.07 
27.10 -2.56 991.70 
27.47 -3.05 991.94 
27.83 -3.17 992.55 
27.22 -3.17 992.43 
27.59 -2.56 991.94 
27.10 -2.93 992.43 
28.20 -3.30 992.07 
27.34 -3.30 992.19 
27.59 -2.93 992.19 
27.47 -3.30 992.43 
27.47 -2.20 992.31 
27.34 -3.30 992.07 
27.22 -2.81 992.31 
27.34 -3.42 992.19 
27.22 -3.17 992.31 
27.47 -2.69 992.31 
27.47 -3.42 992.19 
27.34 -3.17 992.55 
26.73 -3.54 992.43 
27.10 -2.69 992.55 
27.22 -3.42 992.43 
27.22 -2.20 992.19 
27.22 -3.17 992.55 
27.83 -3.42 992.43 
27.71 -2.44 992.68 
27.47 -2.81 992.55 
27.34 -2.81 992.55 
27.34 -2.56 992.55 
27.10 -2.69 991.94 
27.59 -3.17 992.19 
27.83 -3.91 992.43 
27.47 -2.93 992.55 
27.47 -3.54 992.19 
27.95 -3.05 992.07 
27.10 -3.17 992.43 
26.86 -2.56 991.94 
27.34 -3.17 992.55 
27.34 -3.66 992.55 
27.47 -2.20 992.19 
27.71 -3.30 992.68 
27.34 -2.32 992.31 
27.59 -2.93 992.19 
27.34 -3.17 992.19 
27.10 -2.56 992.43 
26.98 -2.56 992.55 
26.86 -3.30 992.31 
27.59 -2.93 992.80 
27.59 -3.05 991.82 
26.98 -2.44 992.68 
27.22 -3.17 992.43 
27.34 -2.69 992.55 
26.98 -3.30 992.43 
27.10 -3.05 992.31 
26.61 -3.66 992.07 
26.73 -3.66 992.07 
26.73 -2.81 992.31 
27.10 -2.93 993.04 
27.47 -2.93 991.82 
27.34 -3.05 992.31 
27.34 -2.32 992.80 
26.61 -2.44 992.19 
27.47 -3.05 992.68 
27.34 -3.17 992.68 
26.73 -2.69 991.94 
27.47 -2.81 992.43 
27.34 -3.05 992.43 
27.83 -2.81 992.19 
27.47 -3.05 991.94 
27.59 -2.56 992.07 
26.98 -2.32 992.43 
28.20 -2.69 992.55 
27.71 -2.44 992.31 
27.71 -3.30 992.31 
26.98 -3.78 992.07 
26.86 -1.83 992.19 
27.10 -2.69 992.19 
26.98 -2.56 992.19 
27.10 -2.32 992.19 
26.98 -2.69 992.68 
27.34 -2.69 992.80 
27.47 -3.17 992.31 
27.22 -2.93 992.43 
27.34 -2.56 992.55 
27.83 -2.93 992.31 
27.47 -2.93 992.43 
27.59 -2.44 992.55 
27.47 -2.56 992.55 
27.47 -2.93 992.31 
27.10 -2.44 992.31 
27.47 -2.93 992.80 
26.98 -3.05 992.31 
27.22 -2.69 992.31 
27.47 -2.44 992.31 
27.34 -2.56 992.31 
27.47 -2.44 992.55 
27.34 -3.42 992.07 
27.59 -2.81 992.92 
27.47 -2.56 992.55 
26.61 -2.32 992.43 
27.22 -2.81 992.80 
27.47 -2.93 992.80 
27.22 -2.08 992.43 
27.83 -2.32 992.68 
27.10 -2.56 992.68 
27.34 -3.42 992.68 
27.22 -2.32 992.55 
27.34 -2.20 992.68 
27.47 -2.44 992.43 
27.10 -3.05 992.80 
27.95 -3.30 992.31 
27.22 -3.05 992.55 
27.10 -3.42 992.31 
27.71 -3.05 992.68 
26.98 -2.32 992.43 
27.71 -3.05 992.43 
27.71 -2.81 992.31 
27.22 -2.56 992.31 
27.83 -3.05 992.80 
27.10 -3.17 992.55 
27.34 -3.30 992.19 
26.86 -2.69 992.07 
27.47 -3.54 992.19 
27.95 -3.30 992.31 
27.47 -3.05 992.19 
27.22 -2.69 992.31 
27.47 -3.05 992.19 
27.47 -3.05 991.94 
27.47 -2.81 991.70 
27.22 -2.81 991.94 
27.95 -2.93 992.07 
26.98 -2.93 991.94 
27.34 -3.05 991.82 
27.10 -3.54 992.43 
27.71 -3.30 992.19 
27.47 -3.42 991.94 
27.34 -3.05 992.55 
27.71 -2.81 991.70 
27.71 -3.66 992.07 
27.22 -3.66 992.07 
27.47 -3.78 992.19 
27.34 -2.56 992.31 
27.47 -3.05 991.94 
27.71 -2.56 991.58 
26.98 -2.81 991.70 
27.47 -2.44 991.70 
27.34 -2.69 991.82 
27.10 -2.69 992.43 
27.10 -2.93 992.07 
26.98 -3.42 992.55 
27.22 -3.54 992.07 
27.59 -2.81 991.82 
27.47 -3.17 991.33 
27.34 -3.42 992.07 
27.71 -2.69 991.82 
26.98 -3.91 992.19 
27.34 -2.44 991.21 
27.59 -2.69 991.33 
27.10 -3.42 992.31 
27.47 -2.93 991.82 
27.47 -3.05 991.82 
27.83 -2.69 991.33 
27.59 -3.30 990.97 
26.98 -2.93 991.82 
26.86 -3.54 991.33 
26.37 -3.54 991.46 
27.59 -3.42 991.46 
27.47 -3.17 991.58 
27.10 -2.93 991.46 
27.47 -3.05 991.46 
27.47 -2.93 990.97 
27.59 -2.69 990.97 
26.86 -3.17 991.82 
27.47 -2.32 991.58 
27.59 -3.54 991.33 
27.83 -3.05 991.58 
27.34 -2.20 991.09 
26.86 -2.81 991.33 
27.59 -3.54 991.33 
27.22 -2.44 991.33 
27.10 -2.81 990.84 
27.10 -2.93 991.58 
27.83 -2.69 991.82 
27.95 -3.05 991.46 
27.95 -2.81 991.21 
26.86 -2.56 991.58 
26.86 -2.08 991.33 
26.98 -2.93 990.97 
27.34 -1.95 991.82 
27.59 -2.32 991.82 
27.34 -3.17 991.70 
27.59 -3.05 992.07 
26.86 -2.81 991.46 
27.47 -3.30 991.82 
27.47 -2.69 990.97 
27.95 -3.54 991.70 
27.10 -2.93 992.19 
27.47 -3.42 991.94 
27.47 -2.93 991.70 
27.10 -2.56 991.58 
27.34 -2.20 991.58 
27.47 -2.56 991.33 
27.47 -2.69 991.21 
26.98 -2.32 991.58 
27.22 -3.05 991.58 
27.22 -2.56 991.70 
27.34 -2.44 990.60 
27.34 -2.93 991.58 
27.71 -3.17 991.70 
27.95 -3.05 991.94 
27.34 -2.56 991.70 
27.34 -2.93 991.46 
27.83 -2.08 992.19 
27.34 -2.81 991.70 
27.59 -2.44 992.19 
27.47 -2.20 991.70 
27.22 -1.71 991.70 
27.10 -2.81 991.94 
26.86 -2.93 991.94 
27.47 -2.32 991.94 
27.59 -2.56 991.70 
27.83 -1.95 991.58 
28.08 -2.32 991.70 
27.71 -2.69 991.82 
27.34 -2.93 991.94 
27.22 -2.81 991.82 
28.08 -2.20 991.58 
27.59 -3.42 991.70 
27.59 -2.81 991.94 
27.95 -2.69 991.46 
26.86 -2.08 992.07 
27.71 -2.32 991.82 
27.22 -3.30 991.82 
27.47 -2.20 992.07 
27.47 -2.32 991.94 
27.71 -2.44 991.58 
27.22 -2.32 991.94 
27.95 -2.56 991.94 
27.10 -2.56 991.58 
27.59 -3.30 992.07 
27.83 -2.93 991.70 
27.71 -3.05 992.07 
26.73 -2.93 992.43 
27.34 -2.08 992.31 
27.47 -2.69 991.94 
27.34 -2.56 991.33 
27.95 -2.32 992.07 
27.22 -2.56 991.94 
28.20 -2.32 991.70 
27.34 -2.32 992.07 
27.83 -2.69 992.07 
27.22 -3.42 992.07 
27.47 -2.81 991.82 
26.98 -2.20 991.94 
27.71 -2.44 991.82 
27.83 -3.05 991.94 
27.59 -2.81 992.07 
27.47 -3.17 991.58 
27.71 -2.44 991.58 
27.22 -3.17 991.94 
27.34 -2.69 991.58 
27.10 -2.56 991.46 
27.10 -2.56 991.21 
27.83 -2.56 991.46 
27.22 -3.30 991.70 
27.59 -3.42 992.07 
27.22 -3.17 991.33 
27.34 -2.93 991.46 
27.95 -2.20 991.21 
27.47 -2.93 991.82 
27.59 -3.17 991.46 
27.34 -3.42 991.82 
27.59 -2.20 991.58 
27.83 -3.05 991.94 
27.47 -2.93 991.82 
27.59 -2.81 991.46 
27.10 -3.30 992.07 
27.34 -2.93 991.82 
27.34 -3.42 991.58 
28.32 -3.05 991.82 
26.61 -2.44 990.97 
26.73 -3.42 991.58 
27.22 -2.81 990.97 
27.22 -2.81 991.46 
26.73 -2.44 991.21 
26.86 -2.69 991.70 
27.22 -3.17 991.58 
26.98 -2.93 991.21 
27.34 -2.32 991.58 
27.47 -2.08 991.46 
27.47 -2.44 991.70 
27.59 -3.17 991.94 
27.22 -2.93 991.70 
27.83 -2.56 992.07 
27.34 -2.81 991.70 
27.34 -2.69 991.94 
26.73 -2.44 992.43 
27.83 -2.81 991.58 
27.59 -2.69 992.43 
27.34 -2.81 992.19 
27.34 -3.17 992.31 
27.22 -3.05 992.07 
27.34 -2.20 991.70 
27.34 -3.17 992.07 
27.34 -3.30 991.70 
27.47 -2.81 991.82 
27.34 -2.44 991.82 
27.95 -2.69 992.19 
27.34 -2.44 992.31 
27.47 -2.93 992.31 
27.71 -3.30 991.94 
27.34 -3.42 992.07 
27.47 -2.81 992.43 
26.86 -2.93 992.31 
27.34 -2.32 992.31 
27.83 -2.32 992.31 
27.10 -2.32 992.55 
27.34 -2.44 992.68 
27.95 -2.81 992.19 
27.22 -3.42 992.68 
27.22 -2.32 992.19 
27.83 -2.56 992.07 
27.59 -2.20 991.94 
26.98 -2.56 992.43 
27.47 -2.69 992.68 
27.47 -2.81 992.19 
27.22 -2.93 992.55 
27.59 -3.05 992.80 
27.59 -3.30 992.68 
27.59 -2.93 992.31 
26.98 -2.56 992.31 
26.86 -3.05 992.19 
27.34 -2.44 992.43 
27.47 -2.69 992.43 
27.47 -2.69 991.94 
27.34 -2.69 991.94 
27.95 -3.05 992.19 
27.22 -2.69 992.43 
27.59 -2.93 992.68 
27.47 -3.30 992.80 
27.59 -2.81 992.07 
27.59 -3.17 992.55 
27.47 -2.81 992.55 
27.10 -2.08 992.31 
27.47 -2.20 992.55 
27.59 -2.56 992.07 
27.71 -2.32 992.31 
27.47 -2.69 992.07 
27.34 -3.17 992.19 
27.22 -2.08 992.31 
27.10 -2.20 992.19 
27.22 -2.20 992.07 
27.22 -2.69 992.19 
27.10 -2.56 992.80 
27.22 -2.69 992.55 
26.98 -3.05 992.55 
27.59 -2.56 992.43 
27.10 -2.44 991.82 
27.10 -2.69 992.43 
27.59 -2.93 993.04 
27.22 -2.08 992.19 
27.71 -2.69 992.31 
27.22 -2.69 991.94 
26.98 -2.56 992.07 
26.86 -3.05 992.07 
27.34 -3.42 992.55 
27.59 -3.17 992.55 
27.71 -2.32 992.55 
27.47 -2.44 992.31 
28.08 -2.56 992.80 
27.71 -3.54 992.92 
27.59 -3.05 992.55 
27.83 -2.69 992.31 
27.59 -2.32 992.43 
27.59 -2.56 992.80 
