c 
27.71 -4.15 992.19 
27.47 -3.42 992.07 
26.73 -2.69 994.26 
27.22 -4.27 992.55 
27.71 -4.03 992.55 
28.08 -4.03 992.92 
26.25 -4.15 993.16 
27.83 -4.39 993.16 
26.73 -4.03 992.68 
27.34 -3.78 993.29 
26.98 -4.15 992.31 
27.10 -3.66 993.29 
27.34 -3.91 992.92 
27.47 -4.15 992.92 
27.34 -4.15 993.16 
27.34 -3.54 993.16 
26.73 -4.15 992.92 
27.22 -3.54 992.92 
27.10 -3.78 993.04 
27.59 -4.03 992.92 
27.59 -3.91 992.43 
27.47 -3.78 993.53 
27.34 -4.15 993.29 
26.98 -4.15 992.68 
26.86 -3.78 992.92 
26.86 -4.27 993.16 
27.34 -3.66 993.04 
27.34 -3.54 993.65 
27.10 -4.39 993.16 
27.22 -3.78 993.16 
27.83 -3.91 994.02 
26.98 -4.27 993.29 
27.10 -4.39 993.41 
27.10 -3.78 992.55 
28.08 -3.42 992.68 
27.10 -3.66 993.16 
26.98 -4.03 993.41 
27.34 -3.78 993.04 
27.22 -4.03 993.41 
27.34 -3.66 993.53 
27.22 -3.66 993.53 
26.86 -3.30 993.41 
26.98 -3.78 992.92 
27.34 -4.27 993.77 
27.71 -3.54 993.53 
27.22 -3.91 993.16 
27.59 -3.30 993.53 
27.34 -3.78 993.29 
27.59 -3.54 993.04 
26.86 -3.78 993.53 
27.10 -4.15 992.92 
27.34 -3.42 993.41 
27.34 -4.27 993.29 
28.08 -4.39 993.29 
27.47 -3.30 993.29 
27.22 -3.42 992.92 
27.71 -3.42 993.29 
27.22 -3.30 993.29 
27.34 -4.52 993.65 
27.71 -3.91 993.16 
28.32 -3.54 992.92 
27.22 -3.42 993.53 
27.10 -3.54 993.29 
27.47 -3.42 993.41 
27.22 -3.42 993.16 
27.47 -3.42 992.92 
27.59 -4.64 992.92 
27.22 -3.17 993.53 
27.71 -4.39 993.41 
27.10 -4.27 993.65 
26.61 -3.66 993.29 
27.59 -3.66 993.53 
27.22 -3.66 993.65 
27.34 -3.42 993.41 
27.71 -3.42 993.65 
27.59 -3.91 992.92 
21.36 -1.59 995.24 
23.68 -4.88 994.75 
33.08 -6.71 990.11 
35.16 -2.69 992.07 
26.12 -1.83 994.51 
23.32 -1.34 992.80 
24.90 -3.42 990.36 
